# DecayCoefficient[ab_frac/pixel] mean_in_bulk[ab_frac] surface_bulk_ratio
I038878.jpg 1 0.0 0.7271986411886096 1.0499875379601096
I038879.jpg 0 0.0055838878086215465 0.7310717297528381 0.9766958133038744
I038880.jpg 0 0.0 0.7126111420118343 1.0112815830734738
I038881.jpg 0 0.010159483555679107 0.768730338596421 0.9783349879100965
I038882.jpg 0 0.012437118832157784 0.7544446447387362 0.9671228497016888
I038883.jpg 0 9.518193866679214e-07 0.7619003720930233 1.0219492933650056
I038884.jpg 0 0.09598162419971086 0.7575163699209967 1.05149055880361
I038885.jpg 0 0.007279756644300168 0.7431667588235294 0.9858699198293307
I038886.jpg 0 1.7201539432712436e-06 0.7762115035516668 0.9623365535129293
I038887.jpg 0 0.0027552298794371656 0.7622998671382106 1.0008589935113401
I038888.jpg 1 0.02050393342272455 0.7683174845577738 0.9789291288699054
I038889.jpg 0 7.112743681635087e-07 0.7742261917745411 0.9885772036232625
I038890.jpg 0 0.0 0.7347316813186813 1.0020016026815415
I038891.jpg 0 0.03313583718556733 0.748160022393935 1.0050407153337422
I038892.jpg 0 0.016639910858462482 0.7094399289617487 1.0392661464345834
I038893.jpg 1 0.0 0.7379293777777778 1.0043787538596736
I038894.jpg 0 0.12886396343436987 0.7321396257309941 1.0237124459839142
I038895.jpg 0 0.0031313438606268055 0.7878596275331085 1.0208118418483152
I038896.jpg 0 0.0 0.7552534853801169 0.8712510603891126
I038897.jpg 1 0.018659016133848804 0.7686216213296164 1.0430440752811783
I038898.jpg 0 0.04185197191739593 0.8052078265793366 0.9761965848916575
I038899.jpg 0 0.0018983986721687858 0.703995586004503 1.0413969845971356
I038900.jpg 0 0.0031716535660189144 0.724011247311828 1.0310384507895662
I038901.jpg 0 5.905532267502854e-07 0.6989343720930232 1.0380821293382239
I038902.jpg 0 0.004078700387291949 0.7214083016759777 0.9490764645469246
I038903.jpg 0 -0.03680426016300787 0.6890027405873371 1.027496196965323
I038904.jpg 0 -0.015060422574670313 0.6845769225462499 1.039787917262008
I038905.jpg 0 0.0016869119463375582 0.6950849457573491 1.0009654276743394
I038906.jpg 0 0.06717084257020052 0.7592145135601794 0.9599212787031358
I038907.jpg 0 0.004276722213080782 0.7193056551724137 1.0177276802955189
I038908.jpg 0 2.2077531220407946e-06 0.754462956052397 1.0010558125004554
I038909.jpg 0 0.01268303354582346 0.7462702483238166 0.9815483851702682
I038968.jpg 0 0.0 0.6854552282608696 1.0406286644066325
I038969.jpg 0 4.1305981020826287e-07 0.6871019565766241 1.0173635074546388
I038971.jpg 1 0.0 0.697682021978022 1.0678168133018944
I038973.jpg 0 0.01621957501649395 0.6773489209039548 1.0227071259777563
I038988.jpg 0 0.06107191976588213 0.7274625965682214 0.9322019408881709
I038989.jpg 0 0.024938604038409085 0.7144845762711864 0.9758949928541159
I038990.jpg 0 0.026553806686143586 0.722922585635359 0.906441008758721
I038991.jpg 0 0.012680015947671533 0.7458987976188947 0.9798873580853291
I038992.jpg 0 7.185791011601201e-07 0.7306361262432607 0.9947145698049222
I038993.jpg 0 0.014242256451179778 0.7375938838179275 0.9723100327528804
I039010.jpg 0 0.05218230692911793 0.7211442658059787 0.9742508242280923
I039011.jpg 1 0.0569634129320626 0.7189437921348315 1.025019551241376
I039012.jpg 0 0.03396697439611115 0.7164144943745959 0.9893550839461573
I039013.jpg 0 0.00018482908255361416 0.7823170431279776 0.9378230086148115
I039014.jpg 0 0.004075774846710483 0.7285297554341531 0.9604648346780598
I039015.jpg 0 1.6365637613939727e-06 0.7715027984496124 0.95856380266688
I039016.jpg 0 3.389431321979066e-07 0.7553770439632495 1.0199523764566438
I039017.jpg 1 0.07148193534653247 0.7086504270270271 1.0070333278707948
I039018.jpg 1 8.651030434932903e-07 0.7032452093023256 0.9924679455938556
I039019.jpg 1 0.03233338598297669 0.7041978440860215 1.043808515880587
I039020.jpg 1 0.009022216636161736 0.6945059567567567 1.0394931814452224
I039021.jpg 1 0.011322331945871561 0.7160269725274725 0.9803275337047782
I039022.jpg 1 0.0774675188299633 0.7615771263736264 0.9784522556383626
I039023.jpg 1 0.0051025160345153095 0.7345045602927334 0.966796367304142
I039024.jpg 0 0.024145779141080445 0.6991516536348948 1.0235997540068449
I039025.jpg 0 4.91489946109273e-07 0.710188371541345 0.9844134711508713
I039026.jpg 0 0.0002891428035320433 0.705859720670391 1.0086468443036998
I039028.jpg 0 0.003044136034967617 0.7119923756906077 1.0387976250047444
I039029.jpg 0 0.03386303438150988 0.7113274861878452 1.015180790875981
I039030.jpg 0 0.0018547779511473344 0.7306948447891705 1.0044044015273272
I039032.jpg 0 0.0029505882842821673 0.6769578896008134 1.018333373022089
I039033.jpg 0 0.03659214483006605 0.6786713632192513 0.9467699651764558
I039034.jpg 0 0.011001077178330656 0.6703690280898876 1.0218336978860219
I039035.jpg 0 0.0 0.6876742203914329 0.9916987252177188
I039036.jpg 0 0.041878156071009046 0.7391052150537635 1.008892021935562
I039037.jpg 1 0.0007219933298612142 0.7384115108255587 0.9816000111406428
I039038.jpg 1 0.03943018250182051 0.7660964663854066 0.9971902294701193
I039039.jpg 1 0.03634259152910506 0.7491213511423255 1.0261393723076948
I039191.jpg 1 0.0644684643064469 0.6654276572899727 1.0001940643916145
I039193.jpg 0 0.0 0.6485818627187993 1.0002763911412036
I039194.jpg 0 0.005116726429391813 0.6731982970837461 1.087311563106745
I039195.jpg 1 0.022316626821973364 0.7114013875919332 0.9055807691225288
I039197.jpg 0 0.008573436207128679 0.6839792583099312 1.0231229681116896
I039198.jpg 0 0.005562168652235075 0.6811708538011696 0.9712361950653946
I039200.jpg 0 0.004397778909588029 0.7124514222222222 0.8774681122039911
I039201.jpg 1 0.0 0.6683898792553895 1.1081662409747322
I039202.jpg 0 0.0 0.6608640494505494 1.0701639961742728
I039686.jpg 1 0.0487381459434515 0.7207894129550132 0.9886193066417923
I039687.jpg 1 0.016808807321920895 0.7266504480874317 0.9728332613505369
I039688.jpg 1 0.008466234849491449 0.6758684776307766 0.9397695875327139
I039713.jpg 0 0.008182279522117907 0.7009958061973129 1.0100736248922713
I047694.jpg 0 6.648092093618285e-07 0.7846096217329844 0.9909991312252661
I047695.jpg 1 6.970672208059907e-07 0.7671008446757066 0.9625377836562606
I047696.jpg 0 0.025973735597135617 0.8055863595506989 0.931448315348543
I047697.jpg 0 0.031246264694686995 0.7456974792899408 0.9205826089234592
I047698.jpg 0 0.0009173172428575329 0.7890718135744619 0.9477272492948203
I047699.jpg 0 0.0026129801587728755 0.753865 0.9574541566166062
I049332.jpg 0 0.07005939550950317 0.6861333598151041 0.9990456327179388
I049333.jpg 0 0.0 0.6820321751412429 0.9801454079596992
I049334.jpg 0 0.04183749067430145 0.7044580828402367 1.0079281989411095
I049335.jpg 0 2.811092834529613e-06 0.6704789330865147 1.0426851835894964
I049336.jpg 0 0.06784419799337778 0.7213387442273792 1.0050938373112595
I049337.jpg 0 0.014084734898401986 0.6627736873092469 1.0513987848058013
I049339.jpg 0 0.04979953282858179 0.756728555971621 0.9857704888824147
I049340.jpg 0 0.04663739021987451 0.7239511965272941 0.9613127441490432
I049341.jpg 0 0.01596777748861307 0.7662977904155578 0.9367243231648944
I049342.jpg 0 0.04039914266781522 0.7440954093567251 0.9341274101502111
I049343.jpg 0 0.010818243227009097 0.7072517256834275 0.9713489623814079
I061378.jpg 0 0.019426404490163984 0.7144271263122347 0.9886578840237341
I061379.jpg 0 0.125683621112373 0.7469469764084139 0.9684461578384351
I061380.jpg 0 0.0376578446482686 0.737190066508412 0.9816244251748086
I061381.jpg 0 0.00616178478375693 0.7811514163213436 1.0657830569713287
I061382.jpg 0 0.005011128907139429 0.763261448006666 1.0849646498167427
I061383.jpg 1 0.005283636061263399 0.7653345380434783 1.088395489729405
I061385.jpg 1 0.0 0.7839361383711507 1.0525750007007393
I061387.jpg 1 0.013707074580157828 0.8402188908318987 0.9709812686905231
I061388.jpg 1 0.0 0.7803726403765536 1.0600979158359145
I061390.jpg 1 0.017187747647942824 0.7738192077783631 1.0310895456311349
I061392.jpg 1 0.049216530073902136 0.7722450636460644 0.9331489046906903
I061395.jpg 1 0.0001097949638741483 0.7846622721893491 0.9871831746107204
I061397.jpg 0 0.00015111607244361794 0.7363413479116552 1.214455500205444
I061398.jpg 0 0.0 0.7426628683898855 1.2214314465133282
I061399.jpg 1 0.0 0.7430783941024031 1.226002433620326
I061402.jpg 1 0.06177303285033056 0.7458316101694915 0.9705788345917588
I061403.jpg 1 0.03381749556387218 0.7739425226738585 0.9650028293543685
I061404.jpg 0 0.012592682098767629 0.7600259464285715 0.9287248246882833
I061407.jpg 0 0.004765804699494676 0.6870351595643717 0.9960601343419534
I061408.jpg 0 0.0 0.7412622788941843 0.9856723142209864
I061412.jpg 0 0.006580072631630867 0.6913194524178907 0.999163865924498
I061416.jpg 0 0.0037290022351138237 0.7657775930232558 1.156808493223318
I061419.jpg 0 0.0 0.7660646265060241 1.1078842258173065
I061421.jpg 1 0.011107151796576606 0.7841464755455464 1.1001364526328374
I061428.jpg 1 0.009716406044779007 0.6869875583375804 1.0002122484330613
I061430.jpg 1 0.013612167461706811 0.6382156627906976 0.9851287529528869
I061434.jpg 0 0.039656475640666856 0.6970415786516854 1.033933050646367
I061446.jpg 0 0.035219279093359215 0.6766263571428571 0.9714315141996318
I061447.jpg 0 0.0 0.5632960620155039 0.964051292906169
I061448.jpg 0 0.003493594229857289 0.6570425964912281 1.1048820584043824
I061450.jpg 0 0.0 0.5933417710843374 1.1426079083578213
I061451.jpg 1 0.01268468738577986 0.5829221588235294 1.0524031141245627
I061452.jpg 0 0.02101839405822905 0.5855450004870397 1.0006857800308804
I061453.jpg 0 0.024326802977519327 0.613408350877193 1.108034839365084
I061454.jpg 0 0.0 0.5912231325301205 1.0637674134088169
I061455.jpg 0 0.008865744521907196 0.6062009823529412 1.0833841298976203
I061456.jpg 0 7.564992065612758e-07 0.6156572934131737 1.0875870174556839
I061457.jpg 0 0.005471167801063812 0.666481674561235 1.065378583429218
I061458.jpg 0 0.0 0.5575578701713505 0.9938039029557796
I061459.jpg 0 0.0 0.6113302840236686 1.0623608645281417
I061460.jpg 0 0.005770494383737953 0.6716451802448817 0.9129548503220615
I061462.jpg 0 0.0 0.6099377189461157 1.188885023425106
I061464.jpg 0 0.025161441848448388 0.7094622618644972 1.0447627036502496
I061465.jpg 1 7.103798475287833e-07 0.5615452944785276 0.9976285928912366
I061466.jpg 0 0.05413092390236248 0.6336780650887573 0.9807327342812854
I061468.jpg 0 0.0 0.6201837198518368 1.0611287737135007
I061469.jpg 0 0.014004822857793286 0.5981821968618362 1.0939622633923791
I061470.jpg 1 0.0037761481110266835 0.6978025117740568 1.018438512888388
I061475.jpg 0 0.013477297683678705 0.5756771202531645 1.010561179001261
I061476.jpg 1 0.0051820555547011865 0.6081863571158405 0.9523914818300134
I061477.jpg 0 0.03450009806464998 0.6096917434210526 0.9841773040075418
I061480.jpg 0 0.0 0.627808482234907 1.0204051753326637
I061483.jpg 0 0.04775474617123044 0.7021088742425231 0.9411134378530877
I061488.jpg 0 0.010333071994444217 0.7399399877300613 0.9416644381891385
I061491.jpg 1 0.06778724069061946 0.6817185681251301 1.0358134498914666
I061493.jpg 0 0.04838444024673752 0.682483883510119 0.9296362787567141
I061495.jpg 0 0.011795409427247426 0.6502397771428572 1.0306057459592834
I061498.jpg 1 0.006997643180560092 0.6815434378698225 0.9106138834032881
I061499.jpg 0 0.023521530122049574 0.6873231317904708 1.0417149518413122
I061500.jpg 0 0.0004294227475271192 0.5974053609467456 1.0934122988324642
I062422.jpg 0 0.03203465878570158 0.6720691080733996 1.0059243516729939
I062423.jpg 1 0.004620887141059446 0.6904924342857143 0.9869175527653925
I062424.jpg 1 0.0 0.6521621869505518 0.9679084330837878
I062425.jpg 0 0.012963936682239106 0.7598618953488372 0.9867503615979911
I062426.jpg 0 0.05789772703263503 0.6418282848837209 1.042365756290408
I062427.jpg 0 0.028866754181775218 0.6632162250085968 0.9182761158168662
I062433.jpg 0 0.022630384851841236 0.7329583828571429 1.0063911939905266
I062434.jpg 0 0.005185260768718408 0.7137528083247113 1.0183804295948709
I062435.jpg 1 0.09701748853520918 0.7109909428103731 1.0064791871726446
I062436.jpg 0 0.025167998483342523 0.7583615142025216 1.0344383334842284
I062437.jpg 0 0.015318346481112938 0.6300353428571428 1.009028724861292
I062438.jpg 1 0.17025431846623562 0.7218173071360766 1.0643430803090022
I062439.jpg 0 0.00901368641431064 0.7190323987629421 1.031601491984211
I062440.jpg 0 0.009231462539115793 0.6299259764705882 1.0338279896491291
I062441.jpg 1 0.007194630517230306 0.6703223785310735 1.06440599619312
I062443.jpg 0 0.007470975688309637 0.6336162681396251 1.068763460968184
I062444.jpg 1 7.080079272484224e-05 0.6808775471698113 0.9616297252408873
I062445.jpg 0 0.0 0.6725309644970414 0.9946821882451994
I062446.jpg 0 2.1341988555328676e-06 0.6686974163181728 1.0277500662967813
I062447.jpg 0 0.0037429912997120496 0.687249268292683 0.9370237198701645
I062448.jpg 0 8.234157596303876e-07 0.6567884941597812 1.0452902762620662
I062450.jpg 0 0.012785127136479928 0.7128577583722527 0.9574785479254228
I062451.jpg 0 0.00465682570060263 0.7179937729295662 0.9856225822903216
I062452.jpg 0 0.006168402453990065 0.6962204204706287 0.9355494840730431
I062453.jpg 0 0.1404710194441596 0.7017792241303599 0.9907696762813929
I062454.jpg 0 0.0050529845180711545 0.6904802559523809 0.9392443783937925
I062456.jpg 0 0.010468492908942141 0.6927454171737275 0.9478649380791974
I062457.jpg 0 0.010093659201553466 0.7107652485091039 0.9896400169164009
I062458.jpg 0 7.643879418555859e-07 0.6738888714561397 0.9627344024811154
I062459.jpg 0 0.037612469393757335 0.7102656896114888 0.9963789458236
I062460.jpg 0 0.05990951749929192 0.6969819697098123 0.9317229159329705
I062461.jpg 0 1.3095762319912483e-05 0.7225204457831326 0.9773155621144927
I062462.jpg 0 0.018597779583529993 0.6800494227039432 0.91206854390201
I062464.jpg 0 0.0 0.6706691561941756 1.0143820880780139
I062465.jpg 0 -0.009521638473606668 0.6434897142857143 1.0260161223578221
I062466.jpg 0 0.0753649296935839 0.730691838949857 0.9683017938282436
I064165.jpg 0 0.01686949747575478 0.814335124260355 1.0104967835655287
I064168.jpg 0 0.0 0.8325865357142858 0.9972180926881774
I064171.jpg 1 0.08293938435194109 0.8179893394979207 0.968939757061353
I126225.jpg 1 0.005904432490695375 0.7599033020706754 0.9571269806870173
I126228.jpg 0 -0.054947856739628306 0.7577642248062015 0.9829693813276787
I126232.jpg 0 0.013152998844935718 0.7611617003047106 1.0330165685064048
I126667.jpg 0 0.0018180006196011225 0.7927478021978022 0.9926352560055062
I126668.jpg 0 0.0015087864021914362 0.7294038087431693 1.0052064710695752
I126669.jpg 0 0.14900794817580892 0.8019913184357542 1.0207970625159004
I126670.jpg 0 9.342665992052084e-07 0.7581056480446927 0.9688258196427487
I126671.jpg 0 0.049265030525601564 0.7760254087673986 1.02578730348358
I126672.jpg 0 0.0022078393086749078 0.7939613438624619 0.9594027029515101
I126673.jpg 0 0.0 0.800588388761156 0.9198058191115512
I126675.jpg 0 0.0 0.796914854336202 0.9249491947580375
I128916.jpg 0 0.0 0.7411924387136029 0.953756250637451
I128917.jpg 0 0.01735847625613887 0.7159160908413632 0.9661829858072449
I128918.jpg 1 0.0063602785896943355 0.7311064945054945 1.0580742202121425
I128920.jpg 1 0.1215707943708166 0.7580178441975615 0.9415760228202136
I128922.jpg 1 0.0 0.7807755642458101 0.9938643805041114
I128923.jpg 0 0.0321277999583254 0.7135620271162026 0.9967090739498208
I150172.jpg 0 9.470614055188575e-07 0.6721062815558217 1.0514879058563422
I150175.jpg 0 0.0 0.7344996407371718 0.9830641220188444
I150176.jpg 0 6.991431350449587e-07 0.6941473425663413 1.0074957695948719
I150178.jpg 0 0.03416209904889261 0.6878997262419664 1.005615674201659
I150181.jpg 0 0.031023794011292353 0.6550718581146798 1.009175839441969
I216746.jpg 0 0.01589989821089277 0.7596186130059738 1.0457936943013115
I216747.jpg 0 0.04748857944664752 0.7323698805440748 1.046224260061613
I216748.jpg 1 0.026301051494770925 0.7531982756356946 0.9890559418186664
I253968.jpg 1 0.05417876008176687 0.7150427597765363 0.8688333550767687
I253970.jpg 1 0.0016514580801258673 0.7170458181092833 0.9483431721841356
I253972.jpg 0 0.015983190985180227 0.6862488044692737 0.8729293445755582
I262542.jpg 0 7.237648775215812e-06 0.6887547500478518 0.9738567114794275
I262558.jpg 0 0.01853814981351239 0.6997545000010447 0.9663627782339282
I262562.jpg 0 0.05305659954593518 0.6836953619114863 1.0708564673498333
I262563.jpg 0 1.131031482293615e-06 0.7021159636363636 1.0214978382058892
I262564.jpg 1 0.0011100295573119037 0.7059699631647801 1.0391963828176731
I262565.jpg 1 0.008508707665276668 0.6862598537170049 0.9988293109052931
I267432.jpg 1 0.006007247969425221 0.7410807134831461 0.9987322871706186
I267433.jpg 0 0.020574812397907028 0.7082967231285368 0.9593915914972099
I267434.jpg 1 0.0 0.7225648124039801 1.0034615880042752
I267435.jpg 0 9.573998693981914e-07 0.7604959277777777 0.9882082866292212
I267436.jpg 0 5.088732247701175e-07 0.7621543257023659 1.0396595923343142
I267437.jpg 0 0.01887457841438455 0.7511884118700903 0.9730358805164644
I267951.jpg 1 0.05892658896113935 0.7729674040610869 1.0201848954905612
I267955.jpg 0 0.0 0.7155378241097061 0.9727225085812287
I267959.jpg 0 0.009022673441129577 0.7178436208791209 1.0587079638752321
I285240.jpg 0 0.044134461028453954 0.7271083469434695 0.9921881501525035
I285242.jpg 1 0.019383211503428508 0.740799747311828 1.0116816796013632
I285245.jpg 0 0.005318576863515191 0.7300590058961864 0.9703368199351758
I306329.jpg 0 0.01063900461737771 0.7647349315427155 1.0232526509524331
I306330.jpg 0 0.02372578889785215 0.7471388868050599 1.0063363988901266
I306331.jpg 1 0.0038013338357505183 0.7458343942494056 1.039640547226474
I306365.jpg 1 0.020634704951394682 0.7108094194942326 0.8771615904778981
I306366.jpg 1 5.507257218280665e-07 0.6678644944549279 0.8962343177622685
I306367.jpg 0 0.07118107661640348 0.698899885718967 0.9938124093350315
