#  pixel_depth  alphabetafraction   >  Analysis of alpha beta fraction
   57.000000    0.692136
   67.000000    0.690418
   77.000000    0.562086
   87.000000    0.491128
   97.000000    0.453730
  107.000000    0.500564
  117.000000    0.518699
  127.000000    0.614352
  137.000000    0.641193
  147.000000    0.612689
  157.000000    0.589158
  167.000000    0.589637
  177.000000    0.591619
  187.000000    0.625646
  197.000000    0.558397
  207.000000    0.537777
  217.000000    0.557874
  227.000000    0.593334
  237.000000    0.583639
  247.000000    0.556483
  257.000000    0.637088
  267.000000    0.686053
  277.000000    0.689569
  287.000000    0.586495
  297.000000    0.509992
  307.000000    0.527606
  317.000000    0.545139
  327.000000    0.543065
  337.000000    0.522503
  347.000000    0.549973
  357.000000    0.571117
  367.000000    0.618064
  377.000000    0.629316
  387.000000    0.602544
  397.000000    0.585024
  407.000000    0.618012
  417.000000    0.670329
  427.000000    0.710461
  437.000000    0.740321
  447.000000    0.713099
  457.000000    0.681871
  467.000000    0.601977
  477.000000    0.613355
  487.000000    0.546385
  497.000000    0.597891
  507.000000    0.577235
  517.000000    0.545349
  527.000000    0.554754
  537.000000    0.559293
  547.000000    0.606060
  557.000000    0.639342
  567.000000    0.642021
  577.000000    0.637651
  587.000000    0.607730
  597.000000    0.537904
  607.000000    0.576354
  617.000000    0.573692
  627.000000    0.560143
  637.000000    0.584347
  647.000000    0.568212
  657.000000    0.568465
  667.000000    0.517445
  677.000000    0.514388
  687.000000    0.556895
  697.000000    0.558184
  707.000000    0.512435
  717.000000    0.525042
  727.000000    0.570505
  737.000000    0.633101
  747.000000    0.616568
  757.000000    0.620535
  767.000000    0.562952
  777.000000    0.591461
  787.000000    0.634692
  797.000000    0.605353
  807.000000    0.641644
  817.000000    0.610939
  827.000000    0.592821
  837.000000    0.604782
  847.000000    0.563313
  857.000000    0.582576
  867.000000    0.628765
  877.000000    0.620926
  887.000000    0.686931
  897.000000    0.670853
  907.000000    0.676868
  917.000000    0.662282
  927.000000    0.681812
  937.000000    0.679208
  947.000000    0.696383
  957.000000    0.619346
  967.000000    0.582710
  977.000000    0.632739
  987.000000    0.694044
  997.000000    0.743045
 1007.000000    0.741129
 1017.000000    0.699787
 1027.000000    0.702912
 1037.000000    0.680081
 1047.000000    0.649050
 1057.000000    0.666924
 1067.000000    0.671914
 1077.000000    0.650950
 1087.000000    0.674653
 1097.000000    0.699735
 1107.000000    0.705618
 1117.000000    0.696453
 1127.000000    0.654543
 1137.000000    0.649685
 1147.000000    0.688488
 1157.000000    0.650266
 1167.000000    0.635964
 1177.000000    0.604344
 1187.000000    0.636911
 1197.000000    0.610328
 1207.000000    0.607073
 1217.000000    0.600828
 1227.000000    0.680132
 1237.000000    0.683740
 1247.000000    0.663858
 1257.000000    0.647908
 1267.000000    0.608236
 1277.000000    0.615943
 1287.000000    0.620818
 1297.000000    0.630036
 1307.000000    0.620684
 1317.000000    0.568101
 1327.000000    0.567898
 1337.000000    0.584055
 1347.000000    0.618208
 1357.000000    0.601776
 1367.000000    0.672842
 1377.000000    0.687668
 1387.000000    0.681316
 1397.000000    0.683124
 1407.000000    0.678383
 1417.000000    0.636487
 1427.000000    0.612337
 1437.000000    0.615908
 1447.000000    0.591730
 1457.000000    0.671490
 1467.000000    0.705840
 1477.000000    0.665515
 1487.000000    0.654542
 1497.000000    0.654155
 1507.000000    0.647609
 1517.000000    0.620433
 1527.000000    0.590112
 1537.000000    0.594519
 1547.000000    0.599067
 1557.000000    0.693238
 1567.000000    0.700990
 1577.000000    0.685407
 1587.000000    0.688728
 1597.000000    0.717802
 1607.000000    0.701220
 1617.000000    0.702412
 1627.000000    0.676842
 1637.000000    0.697243
 1647.000000    0.703149
 1657.000000    0.711458
 1667.000000    0.739851
 1677.000000    0.701004
 1687.000000    0.725186
 1697.000000    0.777434
 1707.000000    0.743435
 1717.000000    0.718895
 1727.000000    0.683838
 1737.000000    0.708075
 1747.000000    0.751930
 1757.000000    0.744383
 1767.000000    0.693214
 1777.000000    0.738411
 1787.000000    0.750113
 1797.000000    0.710881
 1807.000000    0.704289
