#  pixel_depth  alphabetafraction   >  Analysis of alpha beta fraction
   38.000000    0.678695
   48.000000    0.698141
   58.000000    0.738239
   68.000000    0.719748
   78.000000    0.698868
   88.000000    0.679449
   98.000000    0.667639
  108.000000    0.627789
  118.000000    0.746856
  128.000000    0.817639
  138.000000    0.790689
  148.000000    0.739106
  158.000000    0.735330
  168.000000    0.744910
  178.000000    0.754905
  188.000000    0.717608
  198.000000    0.747972
  208.000000    0.779956
  218.000000    0.757905
  228.000000    0.723382
  238.000000    0.744339
  248.000000    0.757884
  258.000000    0.801839
  268.000000    0.798825
  278.000000    0.808204
  288.000000    0.799055
  298.000000    0.710223
  308.000000    0.656724
  318.000000    0.621572
  328.000000    0.608786
  338.000000    0.640307
  348.000000    0.702434
  358.000000    0.697146
  368.000000    0.670410
  378.000000    0.689514
  388.000000    0.732742
  398.000000    0.779152
  408.000000    0.693303
  418.000000    0.683438
  428.000000    0.685092
  438.000000    0.761507
  448.000000    0.842408
  458.000000    0.848186
  468.000000    0.838977
  478.000000    0.792433
  488.000000    0.702042
  498.000000    0.647413
  508.000000    0.715545
  518.000000    0.746689
  528.000000    0.732096
  538.000000    0.722127
  548.000000    0.717277
  558.000000    0.701645
  568.000000    0.679764
  578.000000    0.632651
  588.000000    0.615080
  598.000000    0.644785
  608.000000    0.674269
  618.000000    0.710568
  628.000000    0.750106
  638.000000    0.757496
  648.000000    0.774537
  658.000000    0.802748
  668.000000    0.749379
  678.000000    0.742597
  688.000000    0.754126
  698.000000    0.736257
  708.000000    0.751341
  718.000000    0.772965
  728.000000    0.788533
  738.000000    0.830423
  748.000000    0.806268
  758.000000    0.817255
  768.000000    0.811976
  778.000000    0.783703
  788.000000    0.758763
  798.000000    0.764554
  808.000000    0.809721
  818.000000    0.762725
  828.000000    0.730450
  838.000000    0.728287
  848.000000    0.757716
  858.000000    0.781001
  868.000000    0.825783
  878.000000    0.829771
  888.000000    0.806426
  898.000000    0.793633
  908.000000    0.769898
  918.000000    0.762098
  928.000000    0.765982
  938.000000    0.758411
  948.000000    0.828835
  958.000000    0.777334
  968.000000    0.717906
  978.000000    0.671403
  988.000000    0.642536
  998.000000    0.693054
 1008.000000    0.741849
 1018.000000    0.754913
 1028.000000    0.778138
 1038.000000    0.796944
 1048.000000    0.794270
 1058.000000    0.772628
 1068.000000    0.754313
 1078.000000    0.744373
 1088.000000    0.739850
 1098.000000    0.722696
 1108.000000    0.722739
 1118.000000    0.713190
 1128.000000    0.714738
 1138.000000    0.676906
 1148.000000    0.702702
 1158.000000    0.673173
 1168.000000    0.657058
 1178.000000    0.658415
 1188.000000    0.715845
 1198.000000    0.702540
 1208.000000    0.739396
 1218.000000    0.735611
 1228.000000    0.734246
 1238.000000    0.732859
 1248.000000    0.698604
 1258.000000    0.717078
 1268.000000    0.713729
 1278.000000    0.737852
 1288.000000    0.771308
 1298.000000    0.801947
 1308.000000    0.808812
 1318.000000    0.791295
 1328.000000    0.781506
 1338.000000    0.741328
 1348.000000    0.688984
 1358.000000    0.680592
 1368.000000    0.668114
 1378.000000    0.678754
 1388.000000    0.726405
 1398.000000    0.742026
 1408.000000    0.745203
 1418.000000    0.695440
 1428.000000    0.675384
 1438.000000    0.723361
 1448.000000    0.733093
 1458.000000    0.774353
 1468.000000    0.757954
 1478.000000    0.768679
 1488.000000    0.806788
 1498.000000    0.827257
 1508.000000    0.803952
 1518.000000    0.759169
 1528.000000    0.737063
 1538.000000    0.794085
 1548.000000    0.838830
 1558.000000    0.883702
 1568.000000    0.825277
 1578.000000    0.726819
 1588.000000    0.650852
 1598.000000    0.678070
 1608.000000    0.707341
 1618.000000    0.728039
 1628.000000    0.770418
 1638.000000    0.769390
 1648.000000    0.771161
 1658.000000    0.773481
 1668.000000    0.771041
 1678.000000    0.849093
 1688.000000    0.867269
 1698.000000    0.846864
 1708.000000    0.852241
 1718.000000    0.794408
 1728.000000    0.783462
 1738.000000    0.837135
 1748.000000    0.862993
 1758.000000    0.887137
 1768.000000    0.853277
 1778.000000    0.799773
 1788.000000    0.706457
 1798.000000    0.659469
 1808.000000    0.672095
 1818.000000    0.724253
 1828.000000    0.770838
 1838.000000    0.791210
