#  pixel_depth  alphabetafraction   >  Analysis of alpha beta fraction
  284.000000    0.736397
  294.000000    0.709748
  304.000000    0.701743
  314.000000    0.740682
  324.000000    0.734796
  334.000000    0.747655
  344.000000    0.737885
  354.000000    0.745744
  364.000000    0.733897
  374.000000    0.759245
  384.000000    0.704497
  394.000000    0.714751
  404.000000    0.664276
  414.000000    0.629979
  424.000000    0.628855
  434.000000    0.672718
  444.000000    0.667969
  454.000000    0.672213
  464.000000    0.656179
  474.000000    0.691837
  484.000000    0.709003
  494.000000    0.707267
  504.000000    0.760989
  514.000000    0.759664
  524.000000    0.781047
  534.000000    0.766425
  544.000000    0.789446
  554.000000    0.734781
  564.000000    0.677840
  574.000000    0.620421
  584.000000    0.665187
  594.000000    0.695672
  604.000000    0.720109
  614.000000    0.746534
  624.000000    0.707191
  634.000000    0.741837
  644.000000    0.753046
  654.000000    0.698132
  664.000000    0.712235
  674.000000    0.759657
  684.000000    0.753236
  694.000000    0.747889
  704.000000    0.761604
  714.000000    0.758762
  724.000000    0.737446
  734.000000    0.693513
  744.000000    0.722265
  754.000000    0.738255
  764.000000    0.748898
  774.000000    0.755304
  784.000000    0.764437
  794.000000    0.716832
  804.000000    0.740876
  814.000000    0.768285
  824.000000    0.718303
  834.000000    0.635649
  844.000000    0.596529
  854.000000    0.542806
  864.000000    0.559876
  874.000000    0.569436
  884.000000    0.603358
  894.000000    0.648109
  904.000000    0.654673
  914.000000    0.742439
  924.000000    0.708869
  934.000000    0.731975
  944.000000    0.698038
  954.000000    0.752858
  964.000000    0.740841
  974.000000    0.714883
  984.000000    0.736075
  994.000000    0.733462
 1004.000000    0.739986
 1014.000000    0.746426
 1024.000000    0.716580
 1034.000000    0.659895
 1044.000000    0.623466
 1054.000000    0.658169
 1064.000000    0.642488
 1074.000000    0.643951
 1084.000000    0.644372
 1094.000000    0.629719
 1104.000000    0.637327
 1114.000000    0.617257
 1124.000000    0.635042
 1134.000000    0.631131
 1144.000000    0.663888
 1154.000000    0.701876
 1164.000000    0.655988
 1174.000000    0.660887
 1184.000000    0.708580
 1194.000000    0.737365
 1204.000000    0.780183
 1214.000000    0.739320
 1224.000000    0.716761
 1234.000000    0.707900
 1244.000000    0.673141
 1254.000000    0.746318
 1264.000000    0.779713
 1274.000000    0.761282
 1284.000000    0.739459
 1294.000000    0.758279
 1304.000000    0.720489
 1314.000000    0.647940
 1324.000000    0.577924
 1334.000000    0.547824
 1344.000000    0.618521
 1354.000000    0.648429
 1364.000000    0.696865
 1374.000000    0.684891
 1384.000000    0.674595
 1394.000000    0.633977
 1404.000000    0.588421
 1414.000000    0.571214
 1424.000000    0.613513
 1434.000000    0.665825
 1444.000000    0.673831
 1454.000000    0.695215
 1464.000000    0.669028
 1474.000000    0.624954
 1484.000000    0.675693
 1494.000000    0.626492
 1504.000000    0.587426
 1514.000000    0.608886
 1524.000000    0.622087
 1534.000000    0.626561
 1544.000000    0.657766
 1554.000000    0.666233
 1564.000000    0.653156
 1574.000000    0.717937
 1584.000000    0.755252
 1594.000000    0.760696
 1604.000000    0.672347
 1614.000000    0.639604
 1624.000000    0.639211
 1634.000000    0.713341
 1644.000000    0.737003
 1654.000000    0.710531
 1664.000000    0.647468
 1674.000000    0.631858
 1684.000000    0.654577
 1694.000000    0.712074
 1704.000000    0.710131
 1714.000000    0.695153
 1724.000000    0.669729
 1734.000000    0.707502
 1744.000000    0.739396
 1754.000000    0.785059
 1764.000000    0.790896
 1774.000000    0.766515
 1784.000000    0.721936
 1794.000000    0.691058
 1804.000000    0.665055
 1814.000000    0.658792
 1824.000000    0.629867
 1834.000000    0.683190
 1844.000000    0.734374
 1854.000000    0.748213
 1864.000000    0.775315
 1874.000000    0.791852
 1884.000000    0.747390
 1894.000000    0.713407
 1904.000000    0.718195
 1914.000000    0.727740
 1924.000000    0.713986
 1934.000000    0.760584
