#  pixel_depth  alphabetafraction   >  Analysis of alpha beta fraction
   67.000000    0.662308
   77.000000    0.622448
   87.000000    0.603178
   97.000000    0.598439
  107.000000    0.609440
  117.000000    0.649922
  127.000000    0.678566
  137.000000    0.657349
  147.000000    0.618025
  157.000000    0.630028
  167.000000    0.624246
  177.000000    0.596356
  187.000000    0.685738
  197.000000    0.658145
  207.000000    0.579340
  217.000000    0.555772
  227.000000    0.503503
  237.000000    0.485664
  247.000000    0.482055
  257.000000    0.512938
  267.000000    0.605507
  277.000000    0.647944
  287.000000    0.640570
  297.000000    0.596520
  307.000000    0.535463
  317.000000    0.541241
  327.000000    0.532726
  337.000000    0.560699
  347.000000    0.563136
  357.000000    0.592889
  367.000000    0.576202
  377.000000    0.577756
  387.000000    0.560332
  397.000000    0.554786
  407.000000    0.555108
  417.000000    0.580754
  427.000000    0.611074
  437.000000    0.590269
  447.000000    0.642961
  457.000000    0.585752
  467.000000    0.576838
  477.000000    0.659265
  487.000000    0.662934
  497.000000    0.734611
  507.000000    0.698300
  517.000000    0.589891
  527.000000    0.556741
  537.000000    0.604385
  547.000000    0.630226
  557.000000    0.659702
  567.000000    0.598759
  577.000000    0.600812
  587.000000    0.621936
  597.000000    0.624630
  607.000000    0.650870
  617.000000    0.605560
  627.000000    0.638365
  637.000000    0.702268
  647.000000    0.771837
  657.000000    0.812994
  667.000000    0.762357
  677.000000    0.717118
  687.000000    0.684729
  697.000000    0.675350
  707.000000    0.655332
  717.000000    0.629283
  727.000000    0.645241
  737.000000    0.708903
  747.000000    0.759564
  757.000000    0.745496
  767.000000    0.699254
  777.000000    0.644242
  787.000000    0.604722
  797.000000    0.656991
  807.000000    0.707773
  817.000000    0.781685
  827.000000    0.731073
  837.000000    0.703024
  847.000000    0.719761
  857.000000    0.686271
  867.000000    0.701272
  877.000000    0.670963
  887.000000    0.646154
  897.000000    0.654269
  907.000000    0.647404
  917.000000    0.586837
  927.000000    0.617020
  937.000000    0.727785
  947.000000    0.780633
  957.000000    0.810147
  967.000000    0.792009
  977.000000    0.755102
  987.000000    0.674762
  997.000000    0.644766
 1007.000000    0.629452
 1017.000000    0.592270
 1027.000000    0.575640
 1037.000000    0.654966
 1047.000000    0.720226
 1057.000000    0.761771
 1067.000000    0.747810
 1077.000000    0.716202
 1087.000000    0.633632
 1097.000000    0.650476
 1107.000000    0.699990
 1117.000000    0.751141
 1127.000000    0.727296
 1137.000000    0.696240
 1147.000000    0.714605
 1157.000000    0.760204
 1167.000000    0.775248
 1177.000000    0.738388
 1187.000000    0.716503
 1197.000000    0.707316
 1207.000000    0.705695
 1217.000000    0.666856
 1227.000000    0.693412
 1237.000000    0.677063
 1247.000000    0.642722
 1257.000000    0.644515
 1267.000000    0.596105
 1277.000000    0.638440
 1287.000000    0.681118
 1297.000000    0.666067
 1307.000000    0.650697
 1317.000000    0.659187
 1327.000000    0.675333
 1337.000000    0.673820
 1347.000000    0.662787
 1357.000000    0.675047
 1367.000000    0.658316
 1377.000000    0.685646
 1387.000000    0.657836
 1397.000000    0.656156
 1407.000000    0.714585
 1417.000000    0.695969
 1427.000000    0.662192
 1437.000000    0.639155
 1447.000000    0.682503
 1457.000000    0.642237
 1467.000000    0.650552
 1477.000000    0.654221
 1487.000000    0.669901
 1497.000000    0.693858
 1507.000000    0.728053
 1517.000000    0.720253
 1527.000000    0.687412
 1537.000000    0.650717
 1547.000000    0.714627
 1557.000000    0.684240
 1567.000000    0.716368
 1577.000000    0.710914
 1587.000000    0.662351
 1597.000000    0.604232
 1607.000000    0.647097
 1617.000000    0.664591
 1627.000000    0.660855
 1637.000000    0.689726
 1647.000000    0.710350
 1657.000000    0.684923
 1667.000000    0.698216
 1677.000000    0.715318
 1687.000000    0.735810
 1697.000000    0.687652
 1707.000000    0.664486
 1717.000000    0.681212
 1727.000000    0.685764
 1737.000000    0.701936
 1747.000000    0.707479
 1757.000000    0.696139
 1767.000000    0.677592
 1777.000000    0.663295
 1787.000000    0.601437
 1797.000000    0.652812
 1807.000000    0.724530
 1817.000000    0.683201
 1827.000000    0.723643
 1837.000000    0.674347
