#  pixel_depth  alphabetafraction   >  Analysis of alpha beta fraction
   47.000000    0.865497
   57.000000    0.829037
   67.000000    0.779618
   77.000000    0.789079
   87.000000    0.801178
   97.000000    0.796180
  107.000000    0.815349
  117.000000    0.808173
  127.000000    0.771544
  137.000000    0.801213
  147.000000    0.808010
  157.000000    0.803809
  167.000000    0.834184
  177.000000    0.839958
  187.000000    0.791305
  197.000000    0.763320
  207.000000    0.744821
  217.000000    0.750070
  227.000000    0.746433
  237.000000    0.718482
  247.000000    0.776023
  257.000000    0.788870
  267.000000    0.797460
  277.000000    0.811212
  287.000000    0.783502
  297.000000    0.751126
  307.000000    0.779528
  317.000000    0.778166
  327.000000    0.748198
  337.000000    0.730743
  347.000000    0.743798
  357.000000    0.763024
  367.000000    0.773285
  377.000000    0.771874
  387.000000    0.765933
  397.000000    0.713221
  407.000000    0.733915
  417.000000    0.716263
  427.000000    0.729843
  437.000000    0.760818
  447.000000    0.731430
  457.000000    0.765473
  467.000000    0.702111
  477.000000    0.763402
  487.000000    0.780694
  497.000000    0.778926
  507.000000    0.771029
  517.000000    0.738900
  527.000000    0.709727
  537.000000    0.692017
  547.000000    0.690148
  557.000000    0.760551
  567.000000    0.795803
  577.000000    0.767020
  587.000000    0.757740
  597.000000    0.807546
  607.000000    0.826460
  617.000000    0.809756
  627.000000    0.829418
  637.000000    0.803958
  647.000000    0.813589
  657.000000    0.778112
  667.000000    0.755277
  677.000000    0.751873
  687.000000    0.731605
  697.000000    0.743526
  707.000000    0.749626
  717.000000    0.747955
  727.000000    0.730864
  737.000000    0.729218
  747.000000    0.765063
  757.000000    0.798702
  767.000000    0.777603
  777.000000    0.694663
  787.000000    0.717442
  797.000000    0.708081
  807.000000    0.765214
  817.000000    0.816918
  827.000000    0.840866
  837.000000    0.826261
  847.000000    0.820078
  857.000000    0.849702
  867.000000    0.841974
  877.000000    0.760418
  887.000000    0.700401
  897.000000    0.646637
  907.000000    0.649895
  917.000000    0.677215
  927.000000    0.720239
  937.000000    0.732697
  947.000000    0.728972
  957.000000    0.782884
  967.000000    0.793047
  977.000000    0.767997
  987.000000    0.807590
  997.000000    0.790732
 1007.000000    0.730963
 1017.000000    0.763671
 1027.000000    0.739888
 1037.000000    0.717716
 1047.000000    0.745608
 1057.000000    0.762082
 1067.000000    0.708765
 1077.000000    0.697421
 1087.000000    0.722792
 1097.000000    0.659969
 1107.000000    0.650944
 1117.000000    0.637400
 1127.000000    0.690184
 1137.000000    0.723252
 1147.000000    0.752472
 1157.000000    0.797282
 1167.000000    0.786988
 1177.000000    0.770331
 1187.000000    0.801387
 1197.000000    0.810394
 1207.000000    0.739831
 1217.000000    0.735382
 1227.000000    0.691529
 1237.000000    0.628282
 1247.000000    0.639426
 1257.000000    0.600389
 1267.000000    0.661122
 1277.000000    0.682081
 1287.000000    0.702772
 1297.000000    0.745236
 1307.000000    0.776251
 1317.000000    0.774944
 1327.000000    0.756867
 1337.000000    0.733250
 1347.000000    0.708803
 1357.000000    0.727580
 1367.000000    0.780398
 1377.000000    0.791115
 1387.000000    0.828730
 1397.000000    0.833766
 1407.000000    0.808134
 1417.000000    0.803100
 1427.000000    0.789274
 1437.000000    0.743683
 1447.000000    0.731566
 1457.000000    0.747600
 1467.000000    0.743046
 1477.000000    0.740097
 1487.000000    0.757340
 1497.000000    0.748409
 1507.000000    0.715369
 1517.000000    0.720764
 1527.000000    0.729223
 1537.000000    0.745237
 1547.000000    0.723648
 1557.000000    0.744868
 1567.000000    0.748383
 1577.000000    0.789924
 1587.000000    0.810981
 1597.000000    0.808306
 1607.000000    0.811414
 1617.000000    0.800509
 1627.000000    0.802994
 1637.000000    0.778649
 1647.000000    0.765256
 1657.000000    0.704093
 1667.000000    0.727183
 1677.000000    0.776993
 1687.000000    0.817773
 1697.000000    0.835239
 1707.000000    0.799154
 1717.000000    0.768547
 1727.000000    0.717607
 1737.000000    0.736889
 1747.000000    0.743357
 1757.000000    0.708330
 1767.000000    0.672365
 1777.000000    0.677672
 1787.000000    0.746594
 1797.000000    0.752422
 1807.000000    0.737867
 1817.000000    0.754723
 1827.000000    0.751757
 1837.000000    0.730946
