#  pixel_depth  alphabetafraction   >  Analysis of alpha beta fraction
  134.000000    0.742537
  144.000000    0.673994
  154.000000    0.703798
  164.000000    0.666595
  174.000000    0.652177
  184.000000    0.636309
  194.000000    0.578488
  204.000000    0.577006
  214.000000    0.581444
  224.000000    0.659055
  234.000000    0.661352
  244.000000    0.696062
  254.000000    0.717346
  264.000000    0.684354
  274.000000    0.637806
  284.000000    0.643216
  294.000000    0.655565
  304.000000    0.690201
  314.000000    0.739332
  324.000000    0.725269
  334.000000    0.743754
  344.000000    0.702886
  354.000000    0.638401
  364.000000    0.685310
  374.000000    0.686940
  384.000000    0.729734
  394.000000    0.767947
  404.000000    0.774468
  414.000000    0.799261
  424.000000    0.768141
  434.000000    0.762332
  444.000000    0.726993
  454.000000    0.724474
  464.000000    0.659072
  474.000000    0.601465
  484.000000    0.598689
  494.000000    0.591855
  504.000000    0.590527
  514.000000    0.596729
  524.000000    0.735302
  534.000000    0.746458
  544.000000    0.725209
  554.000000    0.718195
  564.000000    0.720744
  574.000000    0.746847
  584.000000    0.764944
  594.000000    0.765275
  604.000000    0.797722
  614.000000    0.738233
  624.000000    0.728658
  634.000000    0.693918
  644.000000    0.709966
  654.000000    0.686185
  664.000000    0.674818
  674.000000    0.694083
  684.000000    0.761515
  694.000000    0.774089
  704.000000    0.787064
  714.000000    0.789834
  724.000000    0.740694
  734.000000    0.737684
  744.000000    0.745323
  754.000000    0.736199
  764.000000    0.708773
  774.000000    0.725321
  784.000000    0.739198
  794.000000    0.694307
  804.000000    0.647702
  814.000000    0.680228
  824.000000    0.691779
  834.000000    0.630676
  844.000000    0.659065
  854.000000    0.668421
  864.000000    0.675268
  874.000000    0.745712
  884.000000    0.766375
  894.000000    0.825552
  904.000000    0.811759
  914.000000    0.777842
  924.000000    0.758452
  934.000000    0.722255
  944.000000    0.711196
  954.000000    0.781113
  964.000000    0.777926
  974.000000    0.746864
  984.000000    0.783512
  994.000000    0.787796
 1004.000000    0.796744
 1014.000000    0.797485
 1024.000000    0.794988
 1034.000000    0.780103
 1044.000000    0.750092
 1054.000000    0.760606
 1064.000000    0.728459
 1074.000000    0.671720
 1084.000000    0.623594
 1094.000000    0.646925
 1104.000000    0.655515
 1114.000000    0.705977
 1124.000000    0.753863
 1134.000000    0.805212
 1144.000000    0.803885
 1154.000000    0.815786
 1164.000000    0.765900
 1174.000000    0.780368
 1184.000000    0.844919
 1194.000000    0.857061
 1204.000000    0.782625
 1214.000000    0.775172
 1224.000000    0.715670
 1234.000000    0.724026
 1244.000000    0.703577
 1254.000000    0.735946
 1264.000000    0.712867
 1274.000000    0.748303
 1284.000000    0.727692
 1294.000000    0.699419
 1304.000000    0.663843
 1314.000000    0.653485
 1324.000000    0.611459
 1334.000000    0.598319
 1344.000000    0.645888
 1354.000000    0.683968
 1364.000000    0.697761
 1374.000000    0.721631
 1384.000000    0.767221
 1394.000000    0.796408
 1404.000000    0.764316
 1414.000000    0.758703
 1424.000000    0.834833
 1434.000000    0.752038
 1444.000000    0.737449
 1454.000000    0.765477
 1464.000000    0.795702
 1474.000000    0.769880
 1484.000000    0.807166
 1494.000000    0.798769
 1504.000000    0.816000
 1514.000000    0.853772
 1524.000000    0.805250
 1534.000000    0.709376
 1544.000000    0.723894
 1554.000000    0.728197
 1564.000000    0.769291
 1574.000000    0.796533
 1584.000000    0.846372
 1594.000000    0.859147
 1604.000000    0.814202
 1614.000000    0.696841
 1624.000000    0.675284
 1634.000000    0.656409
 1644.000000    0.642990
 1654.000000    0.659424
 1664.000000    0.627467
 1674.000000    0.596320
 1684.000000    0.537458
 1694.000000    0.630177
 1704.000000    0.653431
 1714.000000    0.668728
 1724.000000    0.718927
 1734.000000    0.693648
 1744.000000    0.695222
 1754.000000    0.714736
 1764.000000    0.696782
 1774.000000    0.683849
 1784.000000    0.734618
 1794.000000    0.711658
 1804.000000    0.695724
 1814.000000    0.659081
 1824.000000    0.674557
 1834.000000    0.624430
 1844.000000    0.613701
 1854.000000    0.657120
 1864.000000    0.632055
 1874.000000    0.608354
 1884.000000    0.689250
 1894.000000    0.693453
 1904.000000    0.694067
