#  pixel_depth  alphabetafraction   >  Analysis of alpha beta fraction
   68.000000    0.610494
   78.000000    0.554242
   88.000000    0.578251
   98.000000    0.658471
  108.000000    0.672228
  118.000000    0.643653
  128.000000    0.634428
  138.000000    0.582531
  148.000000    0.536131
  158.000000    0.612705
  168.000000    0.648429
  178.000000    0.688410
  188.000000    0.649069
  198.000000    0.609263
  208.000000    0.657479
  218.000000    0.725189
  228.000000    0.708566
  238.000000    0.690975
  248.000000    0.713888
  258.000000    0.805503
  268.000000    0.800094
  278.000000    0.824780
  288.000000    0.769042
  298.000000    0.750595
  308.000000    0.688633
  318.000000    0.662156
  328.000000    0.627784
  338.000000    0.641738
  348.000000    0.660073
  358.000000    0.789112
  368.000000    0.790458
  378.000000    0.800207
  388.000000    0.756143
  398.000000    0.734944
  408.000000    0.691529
  418.000000    0.634478
  428.000000    0.636457
  438.000000    0.680412
  448.000000    0.715106
  458.000000    0.739927
  468.000000    0.765301
  478.000000    0.735491
  488.000000    0.652073
  498.000000    0.648534
  508.000000    0.617269
  518.000000    0.606472
  528.000000    0.622225
  538.000000    0.599708
  548.000000    0.630983
  558.000000    0.654732
  568.000000    0.665269
  578.000000    0.671765
  588.000000    0.637582
  598.000000    0.628619
  608.000000    0.637931
  618.000000    0.683114
  628.000000    0.733076
  638.000000    0.783440
  648.000000    0.798005
  658.000000    0.780337
  668.000000    0.709394
  678.000000    0.739324
  688.000000    0.671436
  698.000000    0.676964
  708.000000    0.640383
  718.000000    0.664580
  728.000000    0.682350
  738.000000    0.643833
  748.000000    0.675946
  758.000000    0.687483
  768.000000    0.741609
  778.000000    0.689252
  788.000000    0.688111
  798.000000    0.710412
  808.000000    0.716843
  818.000000    0.678707
  828.000000    0.665057
  838.000000    0.628370
  848.000000    0.600996
  858.000000    0.615659
  868.000000    0.638252
  878.000000    0.684075
  888.000000    0.710815
  898.000000    0.678679
  908.000000    0.656686
  918.000000    0.723890
  928.000000    0.734126
  938.000000    0.666034
  948.000000    0.668896
  958.000000    0.646886
  968.000000    0.668442
  978.000000    0.681303
  988.000000    0.721300
  998.000000    0.745146
 1008.000000    0.745671
 1018.000000    0.707331
 1028.000000    0.616062
 1038.000000    0.610664
 1048.000000    0.653921
 1058.000000    0.730340
 1068.000000    0.725701
 1078.000000    0.724896
 1088.000000    0.745843
 1098.000000    0.828392
 1108.000000    0.850513
 1118.000000    0.742454
 1128.000000    0.672267
 1138.000000    0.622852
 1148.000000    0.671532
 1158.000000    0.652403
 1168.000000    0.637118
 1178.000000    0.680336
 1188.000000    0.697943
 1198.000000    0.658987
 1208.000000    0.604432
 1218.000000    0.565622
 1228.000000    0.609863
 1238.000000    0.669359
 1248.000000    0.629094
 1258.000000    0.625422
 1268.000000    0.582574
 1278.000000    0.588002
 1288.000000    0.624446
 1298.000000    0.651365
 1308.000000    0.709262
 1318.000000    0.779541
 1328.000000    0.757606
 1338.000000    0.689846
 1348.000000    0.667105
 1358.000000    0.668323
 1368.000000    0.633093
 1378.000000    0.659469
 1388.000000    0.665374
 1398.000000    0.697636
 1408.000000    0.712630
 1418.000000    0.733047
 1428.000000    0.722951
 1438.000000    0.705374
 1448.000000    0.679153
 1458.000000    0.679147
 1468.000000    0.671517
 1478.000000    0.668952
 1488.000000    0.685850
 1498.000000    0.717077
 1508.000000    0.731541
 1518.000000    0.750481
 1528.000000    0.723448
 1538.000000    0.707556
 1548.000000    0.697870
 1558.000000    0.673589
 1568.000000    0.678349
 1578.000000    0.680932
 1588.000000    0.649589
 1598.000000    0.630737
 1608.000000    0.622829
 1618.000000    0.619623
 1628.000000    0.639291
 1638.000000    0.655011
 1648.000000    0.705379
 1658.000000    0.731502
 1668.000000    0.762261
 1678.000000    0.792894
 1688.000000    0.794681
