#  pixel_depth  alphabetafraction   >  Analysis of alpha beta fraction
   81.000000    0.700215
   91.000000    0.695451
  101.000000    0.731314
  111.000000    0.777424
  121.000000    0.745044
  131.000000    0.714728
  141.000000    0.723307
  151.000000    0.694094
  161.000000    0.680345
  171.000000    0.705793
  181.000000    0.719270
  191.000000    0.679492
  201.000000    0.635839
  211.000000    0.634007
  221.000000    0.680591
  231.000000    0.681104
  241.000000    0.686962
  251.000000    0.674742
  261.000000    0.670105
  271.000000    0.671559
  281.000000    0.651169
  291.000000    0.600840
  301.000000    0.551166
  311.000000    0.607999
  321.000000    0.668078
  331.000000    0.671020
  341.000000    0.739934
  351.000000    0.725480
  361.000000    0.702844
  371.000000    0.712726
  381.000000    0.696578
  391.000000    0.679181
  401.000000    0.622471
  411.000000    0.636313
  421.000000    0.682726
  431.000000    0.710177
  441.000000    0.668511
  451.000000    0.640785
  461.000000    0.647679
  471.000000    0.569711
  481.000000    0.565983
  491.000000    0.545292
  501.000000    0.599303
  511.000000    0.640594
  521.000000    0.691601
  531.000000    0.733723
  541.000000    0.662971
  551.000000    0.705231
  561.000000    0.727587
  571.000000    0.731596
  581.000000    0.715240
  591.000000    0.636106
  601.000000    0.687103
  611.000000    0.740560
  621.000000    0.709837
  631.000000    0.614606
  641.000000    0.659720
  651.000000    0.673360
  661.000000    0.639561
  671.000000    0.643178
  681.000000    0.642823
  691.000000    0.658833
  701.000000    0.685921
  711.000000    0.697762
  721.000000    0.665370
  731.000000    0.670738
  741.000000    0.655641
  751.000000    0.644619
  761.000000    0.653990
  771.000000    0.652572
  781.000000    0.682563
  791.000000    0.640956
  801.000000    0.655778
  811.000000    0.668770
  821.000000    0.653979
  831.000000    0.662010
  841.000000    0.631730
  851.000000    0.604457
  861.000000    0.594470
  871.000000    0.606829
  881.000000    0.632645
  891.000000    0.670632
  901.000000    0.644319
  911.000000    0.570496
  921.000000    0.551724
  931.000000    0.585348
  941.000000    0.612166
  951.000000    0.609225
  961.000000    0.586985
  971.000000    0.572378
  981.000000    0.624532
  991.000000    0.668680
 1001.000000    0.657172
 1011.000000    0.666219
 1021.000000    0.668567
 1031.000000    0.716983
 1041.000000    0.664482
 1051.000000    0.659128
 1061.000000    0.672491
 1071.000000    0.729242
 1081.000000    0.731314
 1091.000000    0.682890
 1101.000000    0.661594
 1111.000000    0.612136
 1121.000000    0.586738
 1131.000000    0.607712
 1141.000000    0.649042
 1151.000000    0.640272
 1161.000000    0.622502
 1171.000000    0.649422
 1181.000000    0.652346
 1191.000000    0.712510
 1201.000000    0.776252
 1211.000000    0.776851
 1221.000000    0.758365
 1231.000000    0.730451
 1241.000000    0.693327
 1251.000000    0.669863
 1261.000000    0.613028
 1271.000000    0.609657
 1281.000000    0.588932
 1291.000000    0.590366
 1301.000000    0.653714
 1311.000000    0.684565
 1321.000000    0.700201
 1331.000000    0.668292
 1341.000000    0.638232
 1351.000000    0.639548
 1361.000000    0.651577
 1371.000000    0.698878
 1381.000000    0.716701
 1391.000000    0.708066
 1401.000000    0.723427
 1411.000000    0.745953
 1421.000000    0.784774
 1431.000000    0.754561
 1441.000000    0.695277
 1451.000000    0.674546
 1461.000000    0.639254
 1471.000000    0.635505
 1481.000000    0.677695
 1491.000000    0.651964
 1501.000000    0.662454
 1511.000000    0.706362
 1521.000000    0.694517
 1531.000000    0.687069
 1541.000000    0.724417
 1551.000000    0.761277
 1561.000000    0.772741
 1571.000000    0.767285
 1581.000000    0.761297
 1591.000000    0.734890
 1601.000000    0.727710
 1611.000000    0.672202
 1621.000000    0.648306
 1631.000000    0.647645
 1641.000000    0.658827
 1651.000000    0.698561
 1661.000000    0.742844
 1671.000000    0.722779
 1681.000000    0.733754
 1691.000000    0.755085
 1701.000000    0.692656
 1711.000000    0.658455
 1721.000000    0.677214
 1731.000000    0.710356
 1741.000000    0.736433
 1751.000000    0.726731
 1761.000000    0.722407
 1771.000000    0.717005
 1781.000000    0.734021
 1791.000000    0.683532
 1801.000000    0.659031
 1811.000000    0.630046
 1821.000000    0.590932
 1831.000000    0.595223
 1841.000000    0.627833
