#  pixel_depth  alphabetafraction   >  Analysis of alpha beta fraction
   65.000000    0.802566
   75.000000    0.791257
   85.000000    0.772245
   95.000000    0.720855
  105.000000    0.678763
  115.000000    0.679519
  125.000000    0.704715
  135.000000    0.718424
  145.000000    0.721567
  155.000000    0.720359
  165.000000    0.717260
  175.000000    0.659273
  185.000000    0.693353
  195.000000    0.697888
  205.000000    0.658923
  215.000000    0.687886
  225.000000    0.689852
  235.000000    0.633357
  245.000000    0.706016
  255.000000    0.731645
  265.000000    0.745864
  275.000000    0.727991
  285.000000    0.726933
  295.000000    0.703193
  305.000000    0.727049
  315.000000    0.780183
  325.000000    0.780875
  335.000000    0.755284
  345.000000    0.749593
  355.000000    0.759130
  365.000000    0.730164
  375.000000    0.708946
  385.000000    0.716070
  395.000000    0.653860
  405.000000    0.615670
  415.000000    0.682867
  425.000000    0.710513
  435.000000    0.723411
  445.000000    0.782298
  455.000000    0.764852
  465.000000    0.747536
  475.000000    0.757749
  485.000000    0.746234
  495.000000    0.691165
  505.000000    0.683168
  515.000000    0.633789
  525.000000    0.683142
  535.000000    0.755793
  545.000000    0.775535
  555.000000    0.780526
  565.000000    0.731866
  575.000000    0.734879
  585.000000    0.724777
  595.000000    0.721537
  605.000000    0.702194
  615.000000    0.637137
  625.000000    0.645756
  635.000000    0.712345
  645.000000    0.749514
  655.000000    0.770063
  665.000000    0.797538
  675.000000    0.772199
  685.000000    0.768162
  695.000000    0.780162
  705.000000    0.686595
  715.000000    0.698544
  725.000000    0.733630
  735.000000    0.790964
  745.000000    0.815925
  755.000000    0.811510
  765.000000    0.796825
  775.000000    0.833416
  785.000000    0.796162
  795.000000    0.749813
  805.000000    0.709059
  815.000000    0.709345
  825.000000    0.680450
  835.000000    0.660785
  845.000000    0.675008
  855.000000    0.708482
  865.000000    0.767024
  875.000000    0.782994
  885.000000    0.777673
  895.000000    0.757927
  905.000000    0.775802
  915.000000    0.773520
  925.000000    0.729124
  935.000000    0.699166
  945.000000    0.676098
  955.000000    0.694360
  965.000000    0.736724
  975.000000    0.722158
  985.000000    0.804693
  995.000000    0.783193
 1005.000000    0.820005
 1015.000000    0.828960
 1025.000000    0.780270
 1035.000000    0.744522
 1045.000000    0.725379
 1055.000000    0.733020
 1065.000000    0.760558
 1075.000000    0.807200
 1085.000000    0.794607
 1095.000000    0.762479
 1105.000000    0.697972
 1115.000000    0.693061
 1125.000000    0.729061
 1135.000000    0.833956
 1145.000000    0.830554
 1155.000000    0.756379
 1165.000000    0.783561
 1175.000000    0.788481
 1185.000000    0.727436
 1195.000000    0.733743
 1205.000000    0.708360
 1215.000000    0.747752
 1225.000000    0.723208
 1235.000000    0.710307
 1245.000000    0.804384
 1255.000000    0.784581
 1265.000000    0.745928
 1275.000000    0.769674
 1285.000000    0.775138
 1295.000000    0.758478
 1305.000000    0.762427
 1315.000000    0.802878
 1325.000000    0.794443
 1335.000000    0.745054
 1345.000000    0.723459
 1355.000000    0.753839
 1365.000000    0.729714
 1375.000000    0.735159
 1385.000000    0.732527
 1395.000000    0.728030
 1405.000000    0.773557
 1415.000000    0.817225
 1425.000000    0.820052
 1435.000000    0.844691
 1445.000000    0.794658
 1455.000000    0.824018
 1465.000000    0.798100
 1475.000000    0.754498
 1485.000000    0.766590
 1495.000000    0.766187
 1505.000000    0.783068
 1515.000000    0.737948
 1525.000000    0.801853
 1535.000000    0.781097
 1545.000000    0.713027
 1555.000000    0.780344
 1565.000000    0.778167
 1575.000000    0.820350
 1585.000000    0.821812
 1595.000000    0.742555
 1605.000000    0.729278
 1615.000000    0.779080
 1625.000000    0.775525
 1635.000000    0.761514
 1645.000000    0.773843
 1655.000000    0.804367
 1665.000000    0.815024
 1675.000000    0.828824
 1685.000000    0.815408
 1695.000000    0.818378
 1705.000000    0.797149
 1715.000000    0.820885
 1725.000000    0.858301
 1735.000000    0.846073
 1745.000000    0.824381
 1755.000000    0.799598
 1765.000000    0.832482
