#  pixel_depth  alphabetafraction   >  Analysis of alpha beta fraction
   54.000000    0.704388
   64.000000    0.679943
   74.000000    0.625342
   84.000000    0.565183
   94.000000    0.544073
  104.000000    0.600203
  114.000000    0.634283
  124.000000    0.647838
  134.000000    0.656434
  144.000000    0.709027
  154.000000    0.735381
  164.000000    0.770520
  174.000000    0.752814
  184.000000    0.676328
  194.000000    0.660377
  204.000000    0.675710
  214.000000    0.674245
  224.000000    0.665814
  234.000000    0.719409
  244.000000    0.741513
  254.000000    0.751844
  264.000000    0.740830
  274.000000    0.725008
  284.000000    0.713353
  294.000000    0.690549
  304.000000    0.671411
  314.000000    0.704429
  324.000000    0.732631
  334.000000    0.725701
  344.000000    0.729764
  354.000000    0.694808
  364.000000    0.617420
  374.000000    0.571143
  384.000000    0.619749
  394.000000    0.693630
  404.000000    0.750024
  414.000000    0.774238
  424.000000    0.787396
  434.000000    0.753395
  444.000000    0.729212
  454.000000    0.686589
  464.000000    0.610698
  474.000000    0.637613
  484.000000    0.653749
  494.000000    0.669465
  504.000000    0.673713
  514.000000    0.726971
  524.000000    0.763660
  534.000000    0.731399
  544.000000    0.752316
  554.000000    0.766097
  564.000000    0.784430
  574.000000    0.772218
  584.000000    0.759864
  594.000000    0.710789
  604.000000    0.710481
  614.000000    0.685064
  624.000000    0.649959
  634.000000    0.650161
  644.000000    0.694279
  654.000000    0.729109
  664.000000    0.760985
  674.000000    0.766242
  684.000000    0.767029
  694.000000    0.718376
  704.000000    0.662069
  714.000000    0.673134
  724.000000    0.666434
  734.000000    0.659520
  744.000000    0.664137
  754.000000    0.633276
  764.000000    0.633872
  774.000000    0.675760
  784.000000    0.687370
  794.000000    0.677507
  804.000000    0.714049
  814.000000    0.737251
  824.000000    0.697679
  834.000000    0.703093
  844.000000    0.704328
  854.000000    0.738208
  864.000000    0.736534
  874.000000    0.715106
  884.000000    0.733020
  894.000000    0.728695
  904.000000    0.711353
  914.000000    0.715065
  924.000000    0.697242
  934.000000    0.702061
  944.000000    0.700237
  954.000000    0.700323
  964.000000    0.712066
  974.000000    0.737541
  984.000000    0.739839
  994.000000    0.689037
 1004.000000    0.686200
 1014.000000    0.665392
 1024.000000    0.685266
 1034.000000    0.653526
 1044.000000    0.631245
 1054.000000    0.628559
 1064.000000    0.570770
 1074.000000    0.536561
 1084.000000    0.626628
 1094.000000    0.646738
 1104.000000    0.662712
 1114.000000    0.706289
 1124.000000    0.801841
 1134.000000    0.800542
 1144.000000    0.784846
 1154.000000    0.734534
 1164.000000    0.749531
 1174.000000    0.704032
 1184.000000    0.622860
 1194.000000    0.642047
 1204.000000    0.659614
 1214.000000    0.677907
 1224.000000    0.686982
 1234.000000    0.714967
 1244.000000    0.682502
 1254.000000    0.691487
 1264.000000    0.681718
 1274.000000    0.702956
 1284.000000    0.757744
 1294.000000    0.755180
 1304.000000    0.782854
 1314.000000    0.809812
 1324.000000    0.778521
 1334.000000    0.796523
 1344.000000    0.800216
 1354.000000    0.756495
 1364.000000    0.712598
 1374.000000    0.720473
 1384.000000    0.682731
 1394.000000    0.695372
 1404.000000    0.703446
 1414.000000    0.716281
 1424.000000    0.734609
 1434.000000    0.753685
 1444.000000    0.708946
 1454.000000    0.711166
 1464.000000    0.679324
 1474.000000    0.733215
 1484.000000    0.711257
 1494.000000    0.727320
 1504.000000    0.717623
 1514.000000    0.713565
 1524.000000    0.683370
 1534.000000    0.673528
 1544.000000    0.644637
 1554.000000    0.662527
 1564.000000    0.631197
 1574.000000    0.603383
 1584.000000    0.596797
 1594.000000    0.643875
 1604.000000    0.697151
 1614.000000    0.780162
 1624.000000    0.835371
 1634.000000    0.821609
 1644.000000    0.813776
 1654.000000    0.789203
 1664.000000    0.688692
 1674.000000    0.679011
 1684.000000    0.659262
 1694.000000    0.668961
 1704.000000    0.689918
 1714.000000    0.730248
 1724.000000    0.767297
 1734.000000    0.789896
 1744.000000    0.784755
 1754.000000    0.794970
 1764.000000    0.706025
 1774.000000    0.638955
 1784.000000    0.655960
