#  pixel_depth  alphabetafraction   >  Analysis of alpha beta fraction
   63.000000    0.660546
   73.000000    0.615624
   83.000000    0.595161
   93.000000    0.561411
  103.000000    0.660226
  113.000000    0.723083
  123.000000    0.751562
  133.000000    0.743826
  143.000000    0.745000
  153.000000    0.758131
  163.000000    0.735768
  173.000000    0.688728
  183.000000    0.685418
  193.000000    0.647144
  203.000000    0.654109
  213.000000    0.661604
  223.000000    0.695724
  233.000000    0.659270
  243.000000    0.655420
  253.000000    0.609137
  263.000000    0.607667
  273.000000    0.639007
  283.000000    0.697516
  293.000000    0.692591
  303.000000    0.737253
  313.000000    0.699733
  323.000000    0.684178
  333.000000    0.671124
  343.000000    0.721716
  353.000000    0.710988
  363.000000    0.672048
  373.000000    0.759255
  383.000000    0.737149
  393.000000    0.738968
  403.000000    0.685347
  413.000000    0.681020
  423.000000    0.674083
  433.000000    0.726496
  443.000000    0.712394
  453.000000    0.693799
  463.000000    0.675949
  473.000000    0.718968
  483.000000    0.731346
  493.000000    0.763299
  503.000000    0.733694
  513.000000    0.656845
  523.000000    0.647524
  533.000000    0.668545
  543.000000    0.675798
  553.000000    0.653901
  563.000000    0.679254
  573.000000    0.700400
  583.000000    0.680231
  593.000000    0.736286
  603.000000    0.736374
  613.000000    0.732881
  623.000000    0.727915
  633.000000    0.681965
  643.000000    0.665364
  653.000000    0.617893
  663.000000    0.662327
  673.000000    0.680231
  683.000000    0.732170
  693.000000    0.744796
  703.000000    0.765907
  713.000000    0.760554
  723.000000    0.793540
  733.000000    0.776810
  743.000000    0.801269
  753.000000    0.780454
  763.000000    0.726888
  773.000000    0.729836
  783.000000    0.675787
  793.000000    0.634572
  803.000000    0.639659
  813.000000    0.661054
  823.000000    0.743893
  833.000000    0.720878
  843.000000    0.771429
  853.000000    0.794430
  863.000000    0.814455
  873.000000    0.812965
  883.000000    0.811244
  893.000000    0.780553
  903.000000    0.786206
  913.000000    0.747920
  923.000000    0.724478
  933.000000    0.657278
  943.000000    0.608003
  953.000000    0.636577
  963.000000    0.750907
  973.000000    0.779275
  983.000000    0.825044
  993.000000    0.858894
 1003.000000    0.845065
 1013.000000    0.809153
 1023.000000    0.840552
 1033.000000    0.807091
 1043.000000    0.772544
 1053.000000    0.772085
 1063.000000    0.736544
 1073.000000    0.696428
 1083.000000    0.705507
 1093.000000    0.672207
 1103.000000    0.617477
 1113.000000    0.641096
 1123.000000    0.677147
 1133.000000    0.761514
 1143.000000    0.796960
 1153.000000    0.807477
 1163.000000    0.773938
 1173.000000    0.756857
 1183.000000    0.744330
 1193.000000    0.768535
 1203.000000    0.782675
 1213.000000    0.738142
 1223.000000    0.733982
 1233.000000    0.755380
 1243.000000    0.797817
 1253.000000    0.822705
 1263.000000    0.792575
 1273.000000    0.798305
 1283.000000    0.807313
 1293.000000    0.744563
 1303.000000    0.671264
 1313.000000    0.706183
 1323.000000    0.733173
 1333.000000    0.720519
 1343.000000    0.677588
 1353.000000    0.702281
 1363.000000    0.733021
 1373.000000    0.751028
 1383.000000    0.724754
 1393.000000    0.766457
 1403.000000    0.751057
 1413.000000    0.782085
 1423.000000    0.791576
 1433.000000    0.773497
 1443.000000    0.737869
 1453.000000    0.733863
 1463.000000    0.748259
 1473.000000    0.755618
 1483.000000    0.689948
 1493.000000    0.687287
 1503.000000    0.737913
 1513.000000    0.814677
 1523.000000    0.787439
 1533.000000    0.789097
 1543.000000    0.759369
 1553.000000    0.755587
 1563.000000    0.730627
 1573.000000    0.652926
 1583.000000    0.639942
 1593.000000    0.690767
 1603.000000    0.698768
 1613.000000    0.715754
 1623.000000    0.698704
 1633.000000    0.704745
 1643.000000    0.728176
 1653.000000    0.762086
 1663.000000    0.790073
 1673.000000    0.770041
 1683.000000    0.801826
 1693.000000    0.813754
 1703.000000    0.833430
 1713.000000    0.747756
 1723.000000    0.705558
 1733.000000    0.723903
