#  pixel_depth  alphabetafraction   >  Analysis of alpha beta fraction
  106.000000    0.658918
  116.000000    0.659859
  126.000000    0.713591
  136.000000    0.756959
  146.000000    0.723268
  156.000000    0.690411
  166.000000    0.650720
  176.000000    0.669023
  186.000000    0.671838
  196.000000    0.647733
  206.000000    0.640489
  216.000000    0.669569
  226.000000    0.670401
  236.000000    0.708055
  246.000000    0.683930
  256.000000    0.684580
  266.000000    0.731412
  276.000000    0.722892
  286.000000    0.688936
  296.000000    0.698555
  306.000000    0.699706
  316.000000    0.735874
  326.000000    0.753472
  336.000000    0.736727
  346.000000    0.694246
  356.000000    0.680472
  366.000000    0.711360
  376.000000    0.668504
  386.000000    0.642935
  396.000000    0.602793
  406.000000    0.609856
  416.000000    0.641192
  426.000000    0.609319
  436.000000    0.676818
  446.000000    0.736224
  456.000000    0.675142
  466.000000    0.637187
  476.000000    0.603033
  486.000000    0.580619
  496.000000    0.614616
  506.000000    0.704175
  516.000000    0.656769
  526.000000    0.720785
  536.000000    0.773532
  546.000000    0.754329
  556.000000    0.740843
  566.000000    0.713073
  576.000000    0.662357
  586.000000    0.613129
  596.000000    0.552541
  606.000000    0.592116
  616.000000    0.605418
  626.000000    0.623439
  636.000000    0.642233
  646.000000    0.651361
  656.000000    0.678561
  666.000000    0.709158
  676.000000    0.707508
  686.000000    0.704314
  696.000000    0.711372
  706.000000    0.742658
  716.000000    0.734438
  726.000000    0.787916
  736.000000    0.793844
  746.000000    0.773372
  756.000000    0.749002
  766.000000    0.743995
  776.000000    0.710731
  786.000000    0.678032
  796.000000    0.686287
  806.000000    0.697349
  816.000000    0.686458
  826.000000    0.662116
  836.000000    0.655497
  846.000000    0.597354
  856.000000    0.573632
  866.000000    0.588478
  876.000000    0.634983
  886.000000    0.643457
  896.000000    0.663474
  906.000000    0.609910
  916.000000    0.617313
  926.000000    0.620982
  936.000000    0.592921
  946.000000    0.591039
  956.000000    0.561557
  966.000000    0.507534
  976.000000    0.557734
  986.000000    0.608657
  996.000000    0.606113
 1006.000000    0.558474
 1016.000000    0.548313
 1026.000000    0.562211
 1036.000000    0.574478
 1046.000000    0.530280
 1056.000000    0.578623
 1066.000000    0.591187
 1076.000000    0.606498
 1086.000000    0.620146
 1096.000000    0.596341
 1106.000000    0.529242
 1116.000000    0.503914
 1126.000000    0.557840
 1136.000000    0.568681
 1146.000000    0.564433
 1156.000000    0.564699
 1166.000000    0.626641
 1176.000000    0.661244
 1186.000000    0.624443
 1196.000000    0.605837
 1206.000000    0.573006
 1216.000000    0.568926
 1226.000000    0.585061
 1236.000000    0.599454
 1246.000000    0.607191
 1256.000000    0.639405
 1266.000000    0.663468
 1276.000000    0.620296
 1286.000000    0.591689
 1296.000000    0.592600
 1306.000000    0.518016
 1316.000000    0.529691
 1326.000000    0.536725
 1336.000000    0.574153
 1346.000000    0.611357
 1356.000000    0.624761
 1366.000000    0.623599
 1376.000000    0.614965
 1386.000000    0.538472
 1396.000000    0.494174
 1406.000000    0.478883
 1416.000000    0.508775
 1426.000000    0.566949
 1436.000000    0.585956
 1446.000000    0.569777
 1456.000000    0.567096
 1466.000000    0.618359
 1476.000000    0.698224
 1486.000000    0.675544
 1496.000000    0.691933
 1506.000000    0.672580
 1516.000000    0.671319
 1526.000000    0.633049
 1536.000000    0.598564
 1546.000000    0.629330
 1556.000000    0.658234
 1566.000000    0.659369
 1576.000000    0.668724
 1586.000000    0.623678
 1596.000000    0.598068
 1606.000000    0.612709
 1616.000000    0.574789
 1626.000000    0.607519
 1636.000000    0.599823
 1646.000000    0.654343
 1656.000000    0.607175
 1666.000000    0.565250
 1676.000000    0.583701
 1686.000000    0.558060
 1696.000000    0.596618
 1706.000000    0.617044
 1716.000000    0.612449
 1726.000000    0.627320
 1736.000000    0.572167
 1746.000000    0.570332
 1756.000000    0.617329
