#  pixel_depth  alphabetafraction   >  Analysis of alpha beta fraction
   58.000000    0.697789
   68.000000    0.761737
   78.000000    0.744978
   88.000000    0.820899
   98.000000    0.832902
  108.000000    0.776129
  118.000000    0.731778
  128.000000    0.686232
  138.000000    0.693862
  148.000000    0.760228
  158.000000    0.810136
  168.000000    0.759001
  178.000000    0.780296
  188.000000    0.767044
  198.000000    0.713800
  208.000000    0.722216
  218.000000    0.735532
  228.000000    0.706129
  238.000000    0.719056
  248.000000    0.712019
  258.000000    0.703903
  268.000000    0.735521
  278.000000    0.793001
  288.000000    0.809985
  298.000000    0.757886
  308.000000    0.714358
  318.000000    0.628494
  328.000000    0.604368
  338.000000    0.677369
  348.000000    0.748545
  358.000000    0.774913
  368.000000    0.752386
  378.000000    0.722135
  388.000000    0.767842
  398.000000    0.722766
  408.000000    0.670179
  418.000000    0.686250
  428.000000    0.697219
  438.000000    0.754139
  448.000000    0.737306
  458.000000    0.747374
  468.000000    0.715515
  478.000000    0.700328
  488.000000    0.708772
  498.000000    0.745740
  508.000000    0.744149
  518.000000    0.719649
  528.000000    0.674481
  538.000000    0.694611
  548.000000    0.742970
  558.000000    0.757018
  568.000000    0.728697
  578.000000    0.707255
  588.000000    0.729332
  598.000000    0.747413
  608.000000    0.712921
  618.000000    0.717136
  628.000000    0.727885
  638.000000    0.740866
  648.000000    0.718331
  658.000000    0.721724
  668.000000    0.745116
  678.000000    0.752314
  688.000000    0.749806
  698.000000    0.754770
  708.000000    0.727699
  718.000000    0.753124
  728.000000    0.722889
  738.000000    0.705591
  748.000000    0.729606
  758.000000    0.738646
  768.000000    0.732649
  778.000000    0.684316
  788.000000    0.734232
  798.000000    0.756159
  808.000000    0.759310
  818.000000    0.752894
  828.000000    0.753613
  838.000000    0.718038
  848.000000    0.696707
  858.000000    0.749505
  868.000000    0.795768
  878.000000    0.721770
  888.000000    0.749804
  898.000000    0.777322
  908.000000    0.753071
  918.000000    0.704969
  928.000000    0.725847
  938.000000    0.770982
  948.000000    0.768367
  958.000000    0.731762
  968.000000    0.734514
  978.000000    0.676809
  988.000000    0.726815
  998.000000    0.719793
 1008.000000    0.684096
 1018.000000    0.713490
 1028.000000    0.701203
 1038.000000    0.685796
 1048.000000    0.703606
 1058.000000    0.718451
 1068.000000    0.743293
 1078.000000    0.748094
 1088.000000    0.745076
 1098.000000    0.744479
 1108.000000    0.644974
 1118.000000    0.624994
 1128.000000    0.681567
 1138.000000    0.680041
 1148.000000    0.683081
 1158.000000    0.652859
 1168.000000    0.694227
 1178.000000    0.734894
 1188.000000    0.706226
 1198.000000    0.674600
 1208.000000    0.724580
 1218.000000    0.666254
 1228.000000    0.701109
 1238.000000    0.708693
 1248.000000    0.674283
 1258.000000    0.678372
 1268.000000    0.690950
 1278.000000    0.727783
 1288.000000    0.662596
 1298.000000    0.605743
 1308.000000    0.604654
 1318.000000    0.656044
 1328.000000    0.696013
 1338.000000    0.761764
 1348.000000    0.731254
 1358.000000    0.744166
 1368.000000    0.762597
 1378.000000    0.780421
 1388.000000    0.755049
 1398.000000    0.676747
 1408.000000    0.659408
 1418.000000    0.658797
 1428.000000    0.652585
 1438.000000    0.611219
 1448.000000    0.629362
 1458.000000    0.725923
 1468.000000    0.803270
 1478.000000    0.810825
 1488.000000    0.765747
 1498.000000    0.713546
 1508.000000    0.703300
 1518.000000    0.654356
 1528.000000    0.591884
 1538.000000    0.570173
 1548.000000    0.599979
 1558.000000    0.636627
 1568.000000    0.673509
 1578.000000    0.753057
 1588.000000    0.751818
 1598.000000    0.762750
 1608.000000    0.805556
 1618.000000    0.810537
 1628.000000    0.790440
 1638.000000    0.733275
 1648.000000    0.637486
 1658.000000    0.637896
 1668.000000    0.676792
