#  pixel_depth  alphabetafraction   >  Analysis of alpha beta fraction
   93.000000    0.776648
  103.000000    0.817206
  113.000000    0.795950
  123.000000    0.744710
  133.000000    0.714782
  143.000000    0.673675
  153.000000    0.630907
  163.000000    0.537217
  173.000000    0.634269
  183.000000    0.694857
  193.000000    0.654296
  203.000000    0.662947
  213.000000    0.668745
  223.000000    0.701186
  233.000000    0.770280
  243.000000    0.810614
  253.000000    0.836493
  263.000000    0.883306
  273.000000    0.881608
  283.000000    0.818313
  293.000000    0.787969
  303.000000    0.824941
  313.000000    0.814392
  323.000000    0.813800
  333.000000    0.794937
  343.000000    0.736859
  353.000000    0.756632
  363.000000    0.759579
  373.000000    0.714254
  383.000000    0.722761
  393.000000    0.734105
  403.000000    0.755659
  413.000000    0.779961
  423.000000    0.803047
  433.000000    0.842108
  443.000000    0.876183
  453.000000    0.860621
  463.000000    0.830560
  473.000000    0.799129
  483.000000    0.776552
  493.000000    0.787755
  503.000000    0.802772
  513.000000    0.792718
  523.000000    0.735482
  533.000000    0.720515
  543.000000    0.716843
  553.000000    0.714107
  563.000000    0.745782
  573.000000    0.785474
  583.000000    0.791018
  593.000000    0.795010
  603.000000    0.746522
  613.000000    0.690811
  623.000000    0.686368
  633.000000    0.690238
  643.000000    0.699453
  653.000000    0.713811
  663.000000    0.755454
  673.000000    0.788767
  683.000000    0.845701
  693.000000    0.833159
  703.000000    0.828021
  713.000000    0.741465
  723.000000    0.658857
  733.000000    0.611790
  743.000000    0.645759
  753.000000    0.697060
  763.000000    0.774272
  773.000000    0.817254
  783.000000    0.813100
  793.000000    0.806772
  803.000000    0.797049
  813.000000    0.773140
  823.000000    0.690458
  833.000000    0.639690
  843.000000    0.673091
  853.000000    0.720358
  863.000000    0.823534
  873.000000    0.843838
  883.000000    0.878273
  893.000000    0.846266
  903.000000    0.790560
  913.000000    0.779315
  923.000000    0.733054
  933.000000    0.720754
  943.000000    0.767361
  953.000000    0.763559
  963.000000    0.792543
  973.000000    0.744886
  983.000000    0.744798
  993.000000    0.731950
 1003.000000    0.763143
 1013.000000    0.855400
 1023.000000    0.850975
 1033.000000    0.833929
 1043.000000    0.734711
 1053.000000    0.725591
 1063.000000    0.690048
 1073.000000    0.672027
 1083.000000    0.710496
 1093.000000    0.718204
 1103.000000    0.786821
 1113.000000    0.781278
 1123.000000    0.790610
 1133.000000    0.778083
 1143.000000    0.791331
 1153.000000    0.762798
 1163.000000    0.712361
 1173.000000    0.672302
 1183.000000    0.673434
 1193.000000    0.691341
 1203.000000    0.690036
 1213.000000    0.732687
 1223.000000    0.740796
 1233.000000    0.800046
 1243.000000    0.817733
 1253.000000    0.804299
 1263.000000    0.798320
 1273.000000    0.785591
 1283.000000    0.804961
 1293.000000    0.826118
 1303.000000    0.803237
 1313.000000    0.775529
 1323.000000    0.695067
 1333.000000    0.652572
 1343.000000    0.671484
 1353.000000    0.669272
 1363.000000    0.773476
 1373.000000    0.795463
 1383.000000    0.810868
 1393.000000    0.841583
 1403.000000    0.874296
 1413.000000    0.869527
 1423.000000    0.842961
 1433.000000    0.824609
 1443.000000    0.795641
 1453.000000    0.764266
 1463.000000    0.761005
 1473.000000    0.773999
 1483.000000    0.752882
 1493.000000    0.755206
 1503.000000    0.732533
 1513.000000    0.738111
 1523.000000    0.735553
 1533.000000    0.741982
 1543.000000    0.755602
 1553.000000    0.803705
 1563.000000    0.824569
 1573.000000    0.796514
 1583.000000    0.716624
 1593.000000    0.692680
 1603.000000    0.638920
 1613.000000    0.662207
 1623.000000    0.676494
 1633.000000    0.746965
 1643.000000    0.791947
 1653.000000    0.829617
 1663.000000    0.813328
 1673.000000    0.806989
 1683.000000    0.807604
 1693.000000    0.762483
 1703.000000    0.735862
 1713.000000    0.761285
 1723.000000    0.744067
 1733.000000    0.735790
 1743.000000    0.698924
 1753.000000    0.775740
 1763.000000    0.825804
 1773.000000    0.810706
 1783.000000    0.803794
 1793.000000    0.792959
 1803.000000    0.814000
 1813.000000    0.826683
 1823.000000    0.809134
 1833.000000    0.768790
 1843.000000    0.741415
 1853.000000    0.757299
 1863.000000    0.764914
 1873.000000    0.711004
 1883.000000    0.667997
