#  pixel_depth  alphabetafraction   >  Analysis of alpha beta fraction
  125.000000    0.760781
  135.000000    0.753887
  145.000000    0.768988
  155.000000    0.801527
  165.000000    0.802251
  175.000000    0.784339
  185.000000    0.748031
  195.000000    0.724355
  205.000000    0.707706
  215.000000    0.731646
  225.000000    0.756764
  235.000000    0.746148
  245.000000    0.704726
  255.000000    0.663228
  265.000000    0.621699
  275.000000    0.633473
  285.000000    0.727133
  295.000000    0.796986
  305.000000    0.839543
  315.000000    0.845866
  325.000000    0.837782
  335.000000    0.838094
  345.000000    0.797059
  355.000000    0.743986
  365.000000    0.732891
  375.000000    0.732099
  385.000000    0.713012
  395.000000    0.729510
  405.000000    0.746658
  415.000000    0.781606
  425.000000    0.803436
  435.000000    0.815638
  445.000000    0.804052
  455.000000    0.812128
  465.000000    0.813726
  475.000000    0.827139
  485.000000    0.816626
  495.000000    0.806817
  505.000000    0.794278
  515.000000    0.748832
  525.000000    0.768421
  535.000000    0.760960
  545.000000    0.746482
  555.000000    0.703458
  565.000000    0.714399
  575.000000    0.736488
  585.000000    0.777572
  595.000000    0.739509
  605.000000    0.772183
  615.000000    0.726393
  625.000000    0.759571
  635.000000    0.773753
  645.000000    0.755602
  655.000000    0.812045
  665.000000    0.807708
  675.000000    0.785011
  685.000000    0.715235
  695.000000    0.707999
  705.000000    0.728909
  715.000000    0.714644
  725.000000    0.749082
  735.000000    0.706744
  745.000000    0.706235
  755.000000    0.737859
  765.000000    0.793593
  775.000000    0.832632
  785.000000    0.804756
  795.000000    0.771509
  805.000000    0.785888
  815.000000    0.762956
  825.000000    0.775294
  835.000000    0.816235
  845.000000    0.795370
  855.000000    0.786697
  865.000000    0.784687
  875.000000    0.795262
  885.000000    0.803656
  895.000000    0.808536
  905.000000    0.785910
  915.000000    0.735585
  925.000000    0.749199
  935.000000    0.761059
  945.000000    0.774862
  955.000000    0.859645
  965.000000    0.899521
  975.000000    0.881798
  985.000000    0.858336
  995.000000    0.838474
 1005.000000    0.800854
 1015.000000    0.775031
 1025.000000    0.757460
 1035.000000    0.753564
 1045.000000    0.791590
 1055.000000    0.760058
 1065.000000    0.716592
 1075.000000    0.689211
 1085.000000    0.725901
 1095.000000    0.787127
 1105.000000    0.808071
 1115.000000    0.790689
 1125.000000    0.806723
 1135.000000    0.756239
 1145.000000    0.763014
 1155.000000    0.771572
 1165.000000    0.772670
 1175.000000    0.823912
 1185.000000    0.797467
 1195.000000    0.806604
 1205.000000    0.725569
 1215.000000    0.792553
 1225.000000    0.804576
 1235.000000    0.838255
 1245.000000    0.864559
 1255.000000    0.896015
 1265.000000    0.883932
 1275.000000    0.822497
 1285.000000    0.792261
 1295.000000    0.742094
 1305.000000    0.760727
 1315.000000    0.815402
 1325.000000    0.828240
 1335.000000    0.848144
 1345.000000    0.826611
 1355.000000    0.793059
 1365.000000    0.771176
 1375.000000    0.759281
 1385.000000    0.739472
 1395.000000    0.765138
 1405.000000    0.820497
 1415.000000    0.782546
 1425.000000    0.760146
 1435.000000    0.780645
 1445.000000    0.811858
 1455.000000    0.801505
 1465.000000    0.810598
 1475.000000    0.808013
 1485.000000    0.817418
 1495.000000    0.780240
 1505.000000    0.763133
 1515.000000    0.785416
 1525.000000    0.799922
 1535.000000    0.807258
 1545.000000    0.779467
 1555.000000    0.779937
 1565.000000    0.806005
 1575.000000    0.774304
 1585.000000    0.744387
 1595.000000    0.753078
 1605.000000    0.796987
 1615.000000    0.831795
 1625.000000    0.850844
 1635.000000    0.845587
 1645.000000    0.854907
 1655.000000    0.845997
 1665.000000    0.843805
 1675.000000    0.777330
 1685.000000    0.759113
 1695.000000    0.746305
 1705.000000    0.738129
 1715.000000    0.765669
 1725.000000    0.750202
 1735.000000    0.791332
 1745.000000    0.880240
 1755.000000    0.809205
 1765.000000    0.798240
 1775.000000    0.784707
 1785.000000    0.749012
 1795.000000    0.755380
 1805.000000    0.747664
 1815.000000    0.763320
 1825.000000    0.809686
 1835.000000    0.824934
 1845.000000    0.795924
 1855.000000    0.793881
 1865.000000    0.801982
 1875.000000    0.835280
 1885.000000    0.866081
 1895.000000    0.845032
 1905.000000    0.836906
 1915.000000    0.817616
 1925.000000    0.798360
 1935.000000    0.818403
