#  pixel_depth  alphabetafraction   >  Analysis of alpha beta fraction
   59.000000    0.702972
   69.000000    0.664988
   79.000000    0.653735
   89.000000    0.663742
   99.000000    0.707046
  109.000000    0.761803
  119.000000    0.796104
  129.000000    0.760245
  139.000000    0.762988
  149.000000    0.746621
  159.000000    0.779926
  169.000000    0.785054
  179.000000    0.802132
  189.000000    0.778760
  199.000000    0.737392
  209.000000    0.706427
  219.000000    0.711819
  229.000000    0.754423
  239.000000    0.819683
  249.000000    0.846629
  259.000000    0.824311
  269.000000    0.778247
  279.000000    0.749315
  289.000000    0.710000
  299.000000    0.702237
  309.000000    0.687819
  319.000000    0.702843
  329.000000    0.707936
  339.000000    0.738279
  349.000000    0.772570
  359.000000    0.781464
  369.000000    0.797344
  379.000000    0.813332
  389.000000    0.776010
  399.000000    0.754561
  409.000000    0.726425
  419.000000    0.754278
  429.000000    0.752463
  439.000000    0.795266
  449.000000    0.791925
  459.000000    0.743718
  469.000000    0.742551
  479.000000    0.773000
  489.000000    0.753018
  499.000000    0.728366
  509.000000    0.700903
  519.000000    0.667428
  529.000000    0.709934
  539.000000    0.751245
  549.000000    0.749631
  559.000000    0.797117
  569.000000    0.833358
  579.000000    0.848292
  589.000000    0.815109
  599.000000    0.810575
  609.000000    0.790352
  619.000000    0.772000
  629.000000    0.763254
  639.000000    0.748754
  649.000000    0.746375
  659.000000    0.804213
  669.000000    0.798163
  679.000000    0.756931
  689.000000    0.756124
  699.000000    0.784584
  709.000000    0.811420
  719.000000    0.813363
  729.000000    0.778233
  739.000000    0.794056
  749.000000    0.772715
  759.000000    0.729140
  769.000000    0.704186
  779.000000    0.765180
  789.000000    0.804001
  799.000000    0.844741
  809.000000    0.867424
  819.000000    0.902803
  829.000000    0.915585
  839.000000    0.872313
  849.000000    0.779757
  859.000000    0.790494
  869.000000    0.805584
  879.000000    0.784282
  889.000000    0.763173
  899.000000    0.788709
  909.000000    0.839498
  919.000000    0.823417
  929.000000    0.810646
  939.000000    0.832522
  949.000000    0.853892
  959.000000    0.886826
  969.000000    0.920120
  979.000000    0.909650
  989.000000    0.857384
  999.000000    0.746479
 1009.000000    0.747254
 1019.000000    0.778809
 1029.000000    0.814770
 1039.000000    0.855245
 1049.000000    0.825129
 1059.000000    0.822042
 1069.000000    0.788897
 1079.000000    0.787068
 1089.000000    0.824147
 1099.000000    0.770426
 1109.000000    0.738956
 1119.000000    0.778799
 1129.000000    0.852803
 1139.000000    0.847630
 1149.000000    0.810855
 1159.000000    0.746234
 1169.000000    0.759880
 1179.000000    0.784397
 1189.000000    0.808534
 1199.000000    0.818787
 1209.000000    0.839255
 1219.000000    0.827891
 1229.000000    0.853946
 1239.000000    0.825538
 1249.000000    0.793730
 1259.000000    0.746933
 1269.000000    0.743909
 1279.000000    0.791847
 1289.000000    0.797277
 1299.000000    0.856216
 1309.000000    0.820605
 1319.000000    0.832291
 1329.000000    0.852142
 1339.000000    0.850865
 1349.000000    0.824772
 1359.000000    0.823667
 1369.000000    0.804313
 1379.000000    0.786944
 1389.000000    0.784432
 1399.000000    0.758048
 1409.000000    0.779544
 1419.000000    0.844525
 1429.000000    0.825090
 1439.000000    0.801023
 1449.000000    0.794987
 1459.000000    0.795540
 1469.000000    0.785606
 1479.000000    0.782638
 1489.000000    0.783444
 1499.000000    0.823121
 1509.000000    0.841313
 1519.000000    0.840165
 1529.000000    0.786055
 1539.000000    0.800611
 1549.000000    0.802580
 1559.000000    0.780790
 1569.000000    0.774897
 1579.000000    0.784741
 1589.000000    0.745780
 1599.000000    0.694427
 1609.000000    0.682845
 1619.000000    0.781193
 1629.000000    0.808607
 1639.000000    0.754843
 1649.000000    0.839536
 1659.000000    0.836789
 1669.000000    0.769269
 1679.000000    0.751229
 1689.000000    0.797873
 1699.000000    0.826905
 1709.000000    0.816195
 1719.000000    0.816934
 1729.000000    0.796584
 1739.000000    0.779831
 1749.000000    0.787331
 1759.000000    0.796065
 1769.000000    0.818782
 1779.000000    0.863602
 1789.000000    0.873012
