#  pixel_depth  alphabetafraction   >  Analysis of alpha beta fraction
  128.000000    0.714166
  138.000000    0.729114
  148.000000    0.717476
  158.000000    0.663425
  168.000000    0.646250
  178.000000    0.637942
  188.000000    0.622430
  198.000000    0.648387
  208.000000    0.609920
  218.000000    0.603911
  228.000000    0.572006
  238.000000    0.594183
  248.000000    0.616091
  258.000000    0.618537
  268.000000    0.618604
  278.000000    0.608497
  288.000000    0.626056
  298.000000    0.700072
  308.000000    0.700030
  318.000000    0.673025
  328.000000    0.667678
  338.000000    0.677383
  348.000000    0.631851
  358.000000    0.612811
  368.000000    0.604097
  378.000000    0.562191
  388.000000    0.505628
  398.000000    0.476691
  408.000000    0.597262
  418.000000    0.639258
  428.000000    0.675073
  438.000000    0.676506
  448.000000    0.670493
  458.000000    0.653571
  468.000000    0.643559
  478.000000    0.656731
  488.000000    0.657168
  498.000000    0.682007
  508.000000    0.629126
  518.000000    0.614504
  528.000000    0.662065
  538.000000    0.708733
  548.000000    0.711549
  558.000000    0.668987
  568.000000    0.651768
  578.000000    0.633249
  588.000000    0.643708
  598.000000    0.657068
  608.000000    0.609704
  618.000000    0.619590
  628.000000    0.653666
  638.000000    0.669728
  648.000000    0.698079
  658.000000    0.665072
  668.000000    0.591647
  678.000000    0.572206
  688.000000    0.597604
  698.000000    0.641604
  708.000000    0.617499
  718.000000    0.659444
  728.000000    0.684933
  738.000000    0.635788
  748.000000    0.652576
  758.000000    0.630334
  768.000000    0.662055
  778.000000    0.702640
  788.000000    0.646733
  798.000000    0.631092
  808.000000    0.670930
  818.000000    0.646378
  828.000000    0.631922
  838.000000    0.631842
  848.000000    0.663308
  858.000000    0.672073
  868.000000    0.658547
  878.000000    0.604443
  888.000000    0.605323
  898.000000    0.646575
  908.000000    0.655057
  918.000000    0.698617
  928.000000    0.649226
  938.000000    0.666010
  948.000000    0.685770
  958.000000    0.719502
  968.000000    0.698675
  978.000000    0.678874
  988.000000    0.636157
  998.000000    0.669914
 1008.000000    0.724283
 1018.000000    0.729558
 1028.000000    0.707298
 1038.000000    0.722219
 1048.000000    0.598466
 1058.000000    0.528908
 1068.000000    0.544378
 1078.000000    0.604256
 1088.000000    0.603436
 1098.000000    0.619514
 1108.000000    0.669813
 1118.000000    0.715847
 1128.000000    0.739471
 1138.000000    0.758401
 1148.000000    0.739921
 1158.000000    0.778149
 1168.000000    0.743652
 1178.000000    0.695080
 1188.000000    0.699372
 1198.000000    0.660305
 1208.000000    0.678576
 1218.000000    0.651898
 1228.000000    0.623862
 1238.000000    0.658656
 1248.000000    0.709235
 1258.000000    0.768201
 1268.000000    0.795572
 1278.000000    0.734236
 1288.000000    0.729160
 1298.000000    0.718962
 1308.000000    0.687883
 1318.000000    0.744943
 1328.000000    0.730700
 1338.000000    0.756856
 1348.000000    0.707499
 1358.000000    0.702077
 1368.000000    0.718340
 1378.000000    0.675452
 1388.000000    0.645066
 1398.000000    0.592538
 1408.000000    0.593465
 1418.000000    0.632531
 1428.000000    0.685907
 1438.000000    0.687295
 1448.000000    0.679624
 1458.000000    0.684311
 1468.000000    0.671861
 1478.000000    0.658048
 1488.000000    0.637492
 1498.000000    0.657418
 1508.000000    0.706498
 1518.000000    0.730405
 1528.000000    0.730786
 1538.000000    0.696591
 1548.000000    0.707496
 1558.000000    0.692251
 1568.000000    0.668642
 1578.000000    0.648520
 1588.000000    0.681770
 1598.000000    0.648774
 1608.000000    0.648593
 1618.000000    0.728214
 1628.000000    0.677650
 1638.000000    0.614697
 1648.000000    0.645597
 1658.000000    0.646560
 1668.000000    0.646897
 1678.000000    0.641801
 1688.000000    0.599930
 1698.000000    0.596376
 1708.000000    0.579166
 1718.000000    0.602986
 1728.000000    0.594696
 1738.000000    0.612132
 1748.000000    0.618160
 1758.000000    0.613312
 1768.000000    0.640487
 1778.000000    0.682864
 1788.000000    0.708821
 1798.000000    0.725738
 1808.000000    0.707378
 1818.000000    0.666392
 1828.000000    0.641250
 1838.000000    0.641364
 1848.000000    0.672495
 1858.000000    0.733133
 1868.000000    0.750288
 1878.000000    0.806384
 1888.000000    0.783765
 1898.000000    0.785586
 1908.000000    0.760468
