#  pixel_depth  alphabetafraction   >  Analysis of alpha beta fraction
  141.000000    0.639530
  151.000000    0.616233
  161.000000    0.616917
  171.000000    0.648081
  181.000000    0.665923
  191.000000    0.638619
  201.000000    0.653710
  211.000000    0.695769
  221.000000    0.721148
  231.000000    0.679192
  241.000000    0.700542
  251.000000    0.777228
  261.000000    0.799684
  271.000000    0.808883
  281.000000    0.779009
  291.000000    0.737214
  301.000000    0.678828
  311.000000    0.679416
  321.000000    0.683217
  331.000000    0.667814
  341.000000    0.631672
  351.000000    0.647817
  361.000000    0.682125
  371.000000    0.699793
  381.000000    0.770632
  391.000000    0.772699
  401.000000    0.737720
  411.000000    0.732718
  421.000000    0.718241
  431.000000    0.718630
  441.000000    0.634373
  451.000000    0.599300
  461.000000    0.663812
  471.000000    0.679077
  481.000000    0.748054
  491.000000    0.711637
  501.000000    0.691995
  511.000000    0.680114
  521.000000    0.655672
  531.000000    0.678518
  541.000000    0.715806
  551.000000    0.742274
  561.000000    0.762898
  571.000000    0.772030
  581.000000    0.759971
  591.000000    0.720328
  601.000000    0.730033
  611.000000    0.783870
  621.000000    0.771179
  631.000000    0.836432
  641.000000    0.846700
  651.000000    0.814347
  661.000000    0.787358
  671.000000    0.770627
  681.000000    0.781984
  691.000000    0.778070
  701.000000    0.716583
  711.000000    0.661952
  721.000000    0.621213
  731.000000    0.607699
  741.000000    0.576200
  751.000000    0.578617
  761.000000    0.619256
  771.000000    0.633669
  781.000000    0.665770
  791.000000    0.646559
  801.000000    0.682635
  811.000000    0.642435
  821.000000    0.685499
  831.000000    0.719218
  841.000000    0.747789
  851.000000    0.737946
  861.000000    0.714879
  871.000000    0.758906
  881.000000    0.800900
  891.000000    0.730378
  901.000000    0.712048
  911.000000    0.693238
  921.000000    0.682170
  931.000000    0.711426
  941.000000    0.688627
  951.000000    0.652254
  961.000000    0.702360
  971.000000    0.708275
  981.000000    0.717534
  991.000000    0.725318
 1001.000000    0.746942
 1011.000000    0.751580
 1021.000000    0.776588
 1031.000000    0.701787
 1041.000000    0.701115
 1051.000000    0.681445
 1061.000000    0.700047
 1071.000000    0.745541
 1081.000000    0.709103
 1091.000000    0.778317
 1101.000000    0.780715
 1111.000000    0.779704
 1121.000000    0.765864
 1131.000000    0.716641
 1141.000000    0.738284
 1151.000000    0.691878
 1161.000000    0.641227
 1171.000000    0.658661
 1181.000000    0.680396
 1191.000000    0.751327
 1201.000000    0.780142
 1211.000000    0.793993
 1221.000000    0.815337
 1231.000000    0.845878
 1241.000000    0.849731
 1251.000000    0.827911
 1261.000000    0.827684
 1271.000000    0.771662
 1281.000000    0.701495
 1291.000000    0.698542
 1301.000000    0.744561
 1311.000000    0.738315
 1321.000000    0.671033
 1331.000000    0.682343
 1341.000000    0.654840
 1351.000000    0.676356
 1361.000000    0.727229
 1371.000000    0.764544
 1381.000000    0.789755
 1391.000000    0.820695
 1401.000000    0.773744
 1411.000000    0.701895
 1421.000000    0.725883
 1431.000000    0.719789
 1441.000000    0.734991
 1451.000000    0.716522
 1461.000000    0.758588
 1471.000000    0.773524
 1481.000000    0.735136
 1491.000000    0.724733
 1501.000000    0.735738
 1511.000000    0.753284
 1521.000000    0.717756
 1531.000000    0.685745
 1541.000000    0.693070
 1551.000000    0.666310
 1561.000000    0.674435
 1571.000000    0.635263
 1581.000000    0.708893
 1591.000000    0.729865
 1601.000000    0.671384
 1611.000000    0.696134
 1621.000000    0.688666
 1631.000000    0.658119
 1641.000000    0.640144
 1651.000000    0.667825
 1661.000000    0.690486
 1671.000000    0.636222
 1681.000000    0.564513
 1691.000000    0.641989
 1701.000000    0.657040
 1711.000000    0.652515
 1721.000000    0.703301
 1731.000000    0.703129
 1741.000000    0.724813
 1751.000000    0.733481
 1761.000000    0.722984
 1771.000000    0.726865
 1781.000000    0.729807
 1791.000000    0.728326
 1801.000000    0.679318
 1811.000000    0.659795
 1821.000000    0.652084
 1831.000000    0.631090
 1841.000000    0.622454
 1851.000000    0.627259
 1861.000000    0.662118
 1871.000000    0.678410
 1881.000000    0.704763
 1891.000000    0.780844
 1901.000000    0.789964
