#  pixel_depth  alphabetafraction   >  Analysis of alpha beta fraction
   30.000000    0.937158
   40.000000    0.955176
   50.000000    0.973755
   60.000000    0.966845
   70.000000    0.962446
   80.000000    0.961502
   90.000000    0.966112
  100.000000    0.974619
  110.000000    0.941406
  120.000000    0.944693
  130.000000    0.920187
  140.000000    0.945423
  150.000000    0.954295
  160.000000    0.932525
  170.000000    0.918463
  180.000000    0.940749
  190.000000    0.902187
  200.000000    0.915864
  210.000000    0.924239
  220.000000    0.933071
  230.000000    0.918729
  240.000000    0.904793
  250.000000    0.898951
  260.000000    0.898335
  270.000000    0.904975
  280.000000    0.927163
  290.000000    0.908480
  300.000000    0.943195
  310.000000    0.958672
  320.000000    0.924078
  330.000000    0.870973
  340.000000    0.862831
  350.000000    0.874731
  360.000000    0.853534
  370.000000    0.847872
  380.000000    0.829472
  390.000000    0.849627
  400.000000    0.853635
  410.000000    0.857772
  420.000000    0.862321
  430.000000    0.861432
  440.000000    0.860769
  450.000000    0.841910
  460.000000    0.847402
  470.000000    0.826515
  480.000000    0.838304
  490.000000    0.858399
  500.000000    0.895977
  510.000000    0.874839
  520.000000    0.860606
  530.000000    0.819399
  540.000000    0.804885
  550.000000    0.823343
  560.000000    0.840876
  570.000000    0.842810
  580.000000    0.820574
  590.000000    0.804628
  600.000000    0.782656
  610.000000    0.778400
  620.000000    0.732984
  630.000000    0.801245
  640.000000    0.857848
  650.000000    0.907233
  660.000000    0.924174
  670.000000    0.938936
  680.000000    0.924383
  690.000000    0.864635
  700.000000    0.809001
  710.000000    0.750725
  720.000000    0.711468
  730.000000    0.807790
  740.000000    0.841304
  750.000000    0.868214
  760.000000    0.879262
  770.000000    0.871552
  780.000000    0.810421
  790.000000    0.747341
  800.000000    0.774219
  810.000000    0.817194
  820.000000    0.845267
  830.000000    0.789353
  840.000000    0.758407
  850.000000    0.749075
  860.000000    0.772384
  870.000000    0.793499
  880.000000    0.851053
  890.000000    0.834605
  900.000000    0.819734
  910.000000    0.769634
  920.000000    0.755231
  930.000000    0.752553
  940.000000    0.717837
  950.000000    0.737972
  960.000000    0.770832
  970.000000    0.717033
  980.000000    0.711407
  990.000000    0.699684
 1000.000000    0.717834
 1010.000000    0.754196
 1020.000000    0.765245
 1030.000000    0.773235
 1040.000000    0.804699
 1050.000000    0.815288
 1060.000000    0.798462
 1070.000000    0.776357
 1080.000000    0.742207
 1090.000000    0.741921
 1100.000000    0.788133
 1110.000000    0.817400
 1120.000000    0.770487
 1130.000000    0.761515
 1140.000000    0.809089
 1150.000000    0.816550
 1160.000000    0.783081
 1170.000000    0.749709
 1180.000000    0.737457
 1190.000000    0.790667
 1200.000000    0.749715
 1210.000000    0.766487
 1220.000000    0.786157
 1230.000000    0.783911
 1240.000000    0.846777
 1250.000000    0.775488
 1260.000000    0.736116
 1270.000000    0.722630
 1280.000000    0.695344
 1290.000000    0.649477
 1300.000000    0.686992
 1310.000000    0.720132
 1320.000000    0.756424
 1330.000000    0.795300
 1340.000000    0.796711
 1350.000000    0.757872
 1360.000000    0.684322
 1370.000000    0.638939
 1380.000000    0.654391
 1390.000000    0.707514
 1400.000000    0.754128
 1410.000000    0.757710
 1420.000000    0.706470
 1430.000000    0.750370
 1440.000000    0.735084
 1450.000000    0.697571
 1460.000000    0.693611
 1470.000000    0.748065
 1480.000000    0.759174
 1490.000000    0.758366
 1500.000000    0.750252
 1510.000000    0.776554
 1520.000000    0.764164
 1530.000000    0.761047
 1540.000000    0.759919
 1550.000000    0.792531
 1560.000000    0.768958
 1570.000000    0.753687
 1580.000000    0.715362
 1590.000000    0.677721
 1600.000000    0.604944
 1610.000000    0.605196
 1620.000000    0.612820
 1630.000000    0.593917
 1640.000000    0.653874
 1650.000000    0.717904
 1660.000000    0.755431
 1670.000000    0.747448
 1680.000000    0.757796
 1690.000000    0.745927
 1700.000000    0.758447
 1710.000000    0.761518
 1720.000000    0.724321
 1730.000000    0.762842
 1740.000000    0.755581
 1750.000000    0.758687
 1760.000000    0.780173
 1770.000000    0.770729
