#  pixel_depth  alphabetafraction   >  Analysis of alpha beta fraction
  113.000000    0.759715
  123.000000    0.734305
  133.000000    0.770436
  143.000000    0.787576
  153.000000    0.779361
  163.000000    0.767936
  173.000000    0.717788
  183.000000    0.670281
  193.000000    0.689459
  203.000000    0.723238
  213.000000    0.713399
  223.000000    0.730426
  233.000000    0.756309
  243.000000    0.733220
  253.000000    0.713859
  263.000000    0.761848
  273.000000    0.828607
  283.000000    0.870491
  293.000000    0.860561
  303.000000    0.815538
  313.000000    0.773330
  323.000000    0.773951
  333.000000    0.753869
  343.000000    0.728757
  353.000000    0.729523
  363.000000    0.726914
  373.000000    0.705427
  383.000000    0.716231
  393.000000    0.743721
  403.000000    0.778128
  413.000000    0.753922
  423.000000    0.778742
  433.000000    0.803574
  443.000000    0.783801
  453.000000    0.759758
  463.000000    0.730348
  473.000000    0.714256
  483.000000    0.702400
  493.000000    0.726050
  503.000000    0.715722
  513.000000    0.775533
  523.000000    0.791128
  533.000000    0.775900
  543.000000    0.734521
  553.000000    0.672265
  563.000000    0.649687
  573.000000    0.662329
  583.000000    0.686993
  593.000000    0.718994
  603.000000    0.720702
  613.000000    0.781572
  623.000000    0.775253
  633.000000    0.765239
  643.000000    0.793672
  653.000000    0.806245
  663.000000    0.779272
  673.000000    0.773767
  683.000000    0.742654
  693.000000    0.722678
  703.000000    0.715411
  713.000000    0.655166
  723.000000    0.665524
  733.000000    0.699630
  743.000000    0.759126
  753.000000    0.767244
  763.000000    0.767076
  773.000000    0.782251
  783.000000    0.775847
  793.000000    0.799536
  803.000000    0.795576
  813.000000    0.750517
  823.000000    0.692622
  833.000000    0.655735
  843.000000    0.652832
  853.000000    0.658497
  863.000000    0.711186
  873.000000    0.751632
  883.000000    0.739296
  893.000000    0.693611
  903.000000    0.709440
  913.000000    0.709617
  923.000000    0.732380
  933.000000    0.788391
  943.000000    0.787803
  953.000000    0.810130
  963.000000    0.818673
  973.000000    0.781164
  983.000000    0.784791
  993.000000    0.810526
 1003.000000    0.807130
 1013.000000    0.821396
 1023.000000    0.782504
 1033.000000    0.739022
 1043.000000    0.709672
 1053.000000    0.703396
 1063.000000    0.797131
 1073.000000    0.827462
 1083.000000    0.833820
 1093.000000    0.837766
 1103.000000    0.889648
 1113.000000    0.877356
 1123.000000    0.834396
 1133.000000    0.777479
 1143.000000    0.710868
 1153.000000    0.709371
 1163.000000    0.685207
 1173.000000    0.739918
 1183.000000    0.753098
 1193.000000    0.800360
 1203.000000    0.858681
 1213.000000    0.846752
 1223.000000    0.849081
 1233.000000    0.843088
 1243.000000    0.778878
 1253.000000    0.771050
 1263.000000    0.772154
 1273.000000    0.792237
 1283.000000    0.760772
 1293.000000    0.798376
 1303.000000    0.775231
 1313.000000    0.712826
 1323.000000    0.732505
 1333.000000    0.746629
 1343.000000    0.767657
 1353.000000    0.813883
 1363.000000    0.830145
 1373.000000    0.838158
 1383.000000    0.838961
 1393.000000    0.786909
 1403.000000    0.749995
 1413.000000    0.724669
 1423.000000    0.711237
 1433.000000    0.760423
 1443.000000    0.780520
 1453.000000    0.835852
 1463.000000    0.855850
 1473.000000    0.881230
 1483.000000    0.819557
 1493.000000    0.811974
 1503.000000    0.792027
 1513.000000    0.809287
 1523.000000    0.809825
 1533.000000    0.786488
 1543.000000    0.775304
 1553.000000    0.745020
 1563.000000    0.716423
 1573.000000    0.707596
 1583.000000    0.722329
 1593.000000    0.719100
 1603.000000    0.765519
 1613.000000    0.754703
 1623.000000    0.736369
 1633.000000    0.701807
 1643.000000    0.637663
 1653.000000    0.608851
 1663.000000    0.638692
 1673.000000    0.663305
 1683.000000    0.620966
 1693.000000    0.635120
 1703.000000    0.654250
 1713.000000    0.661816
 1723.000000    0.716096
 1733.000000    0.754648
 1743.000000    0.724512
 1753.000000    0.719863
 1763.000000    0.773653
 1773.000000    0.791892
 1783.000000    0.792388
 1793.000000    0.811993
 1803.000000    0.823606
 1813.000000    0.843887
 1823.000000    0.861635
 1833.000000    0.810356
 1843.000000    0.813262
 1853.000000    0.800280
 1863.000000    0.777533
 1873.000000    0.745487
 1883.000000    0.725961
 1893.000000    0.739161
