#  pixel_depth  alphabetafraction   >  Analysis of alpha beta fraction
  108.000000    0.584370
  118.000000    0.636585
  128.000000    0.623876
  138.000000    0.634145
  148.000000    0.601989
  158.000000    0.664153
  168.000000    0.667121
  178.000000    0.634268
  188.000000    0.621384
  198.000000    0.608297
  208.000000    0.597591
  218.000000    0.633035
  228.000000    0.690868
  238.000000    0.706841
  248.000000    0.742775
  258.000000    0.764288
  268.000000    0.729349
  278.000000    0.711457
  288.000000    0.669865
  298.000000    0.631008
  308.000000    0.623290
  318.000000    0.608210
  328.000000    0.569083
  338.000000    0.596005
  348.000000    0.611200
  358.000000    0.625822
  368.000000    0.620815
  378.000000    0.651103
  388.000000    0.656732
  398.000000    0.621534
  408.000000    0.592671
  418.000000    0.583901
  428.000000    0.576815
  438.000000    0.545752
  448.000000    0.575260
  458.000000    0.570263
  468.000000    0.583236
  478.000000    0.583470
  488.000000    0.611448
  498.000000    0.657436
  508.000000    0.703242
  518.000000    0.690338
  528.000000    0.681488
  538.000000    0.642972
  548.000000    0.599380
  558.000000    0.617598
  568.000000    0.617589
  578.000000    0.626966
  588.000000    0.670814
  598.000000    0.661271
  608.000000    0.638217
  618.000000    0.590600
  628.000000    0.528379
  638.000000    0.506280
  648.000000    0.470997
  658.000000    0.467956
  668.000000    0.525968
  678.000000    0.627897
  688.000000    0.679003
  698.000000    0.703914
  708.000000    0.713758
  718.000000    0.741325
  728.000000    0.743307
  738.000000    0.721975
  748.000000    0.666476
  758.000000    0.590123
  768.000000    0.586291
  778.000000    0.605315
  788.000000    0.594936
  798.000000    0.548560
  808.000000    0.614003
  818.000000    0.581099
  828.000000    0.587734
  838.000000    0.611785
  848.000000    0.629683
  858.000000    0.601852
  868.000000    0.554780
  878.000000    0.582318
  888.000000    0.586190
  898.000000    0.574354
  908.000000    0.579308
  918.000000    0.500757
  928.000000    0.547035
  938.000000    0.570564
  948.000000    0.646954
  958.000000    0.667376
  968.000000    0.704556
  978.000000    0.643178
  988.000000    0.635077
  998.000000    0.645140
 1008.000000    0.600029
 1018.000000    0.623774
 1028.000000    0.593512
 1038.000000    0.622094
 1048.000000    0.633447
 1058.000000    0.619580
 1068.000000    0.661296
 1078.000000    0.657320
 1088.000000    0.621837
 1098.000000    0.589262
 1108.000000    0.625089
 1118.000000    0.649557
 1128.000000    0.648249
 1138.000000    0.683946
 1148.000000    0.697266
 1158.000000    0.648731
 1168.000000    0.606289
 1178.000000    0.615876
 1188.000000    0.652248
 1198.000000    0.663245
 1208.000000    0.673673
 1218.000000    0.659094
 1228.000000    0.652268
 1238.000000    0.651786
 1248.000000    0.621413
 1258.000000    0.616678
 1268.000000    0.641616
 1278.000000    0.659775
 1288.000000    0.664966
 1298.000000    0.664370
 1308.000000    0.664029
 1318.000000    0.678106
 1328.000000    0.714077
 1338.000000    0.777504
 1348.000000    0.788662
 1358.000000    0.803284
 1368.000000    0.741457
 1378.000000    0.684238
 1388.000000    0.646993
 1398.000000    0.606860
 1408.000000    0.615108
 1418.000000    0.588245
 1428.000000    0.584542
 1438.000000    0.630157
 1448.000000    0.648874
 1458.000000    0.635071
 1468.000000    0.648342
 1478.000000    0.651618
 1488.000000    0.674412
 1498.000000    0.715981
 1508.000000    0.724405
 1518.000000    0.709787
 1528.000000    0.700768
 1538.000000    0.718363
 1548.000000    0.769889
 1558.000000    0.736358
 1568.000000    0.707674
 1578.000000    0.683166
 1588.000000    0.633732
 1598.000000    0.612665
 1608.000000    0.572073
 1618.000000    0.587928
 1628.000000    0.516703
 1638.000000    0.515326
 1648.000000    0.485169
 1658.000000    0.505556
 1668.000000    0.561833
 1678.000000    0.620796
 1688.000000    0.651346
 1698.000000    0.659981
 1708.000000    0.712360
 1718.000000    0.717028
 1728.000000    0.750955
 1738.000000    0.735996
 1748.000000    0.739041
