#  pixel_depth  alphabetafraction   >  Analysis of alpha beta fraction
   79.000000    0.705225
   89.000000    0.775866
   99.000000    0.749499
  109.000000    0.705109
  119.000000    0.700157
  129.000000    0.721973
  139.000000    0.710514
  149.000000    0.774919
  159.000000    0.757903
  169.000000    0.765446
  179.000000    0.790361
  189.000000    0.772127
  199.000000    0.767262
  209.000000    0.740913
  219.000000    0.699101
  229.000000    0.670703
  239.000000    0.632676
  249.000000    0.691030
  259.000000    0.695153
  269.000000    0.691606
  279.000000    0.709818
  289.000000    0.688860
  299.000000    0.699739
  309.000000    0.719225
  319.000000    0.744792
  329.000000    0.690138
  339.000000    0.623955
  349.000000    0.590431
  359.000000    0.596604
  369.000000    0.634720
  379.000000    0.681767
  389.000000    0.695811
  399.000000    0.675896
  409.000000    0.719108
  419.000000    0.778747
  429.000000    0.755482
  439.000000    0.706757
  449.000000    0.696305
  459.000000    0.702114
  469.000000    0.688111
  479.000000    0.727201
  489.000000    0.748373
  499.000000    0.756430
  509.000000    0.810223
  519.000000    0.817636
  529.000000    0.803129
  539.000000    0.718676
  549.000000    0.739704
  559.000000    0.721786
  569.000000    0.726773
  579.000000    0.758220
  589.000000    0.774023
  599.000000    0.781477
  609.000000    0.786109
  619.000000    0.742326
  629.000000    0.732286
  639.000000    0.693096
  649.000000    0.715837
  659.000000    0.749406
  669.000000    0.780987
  679.000000    0.776567
  689.000000    0.720179
  699.000000    0.736237
  709.000000    0.748549
  719.000000    0.797180
  729.000000    0.801987
  739.000000    0.801076
  749.000000    0.802993
  759.000000    0.777591
  769.000000    0.796696
  779.000000    0.779657
  789.000000    0.717124
  799.000000    0.700676
  809.000000    0.647818
  819.000000    0.662255
  829.000000    0.695563
  839.000000    0.744261
  849.000000    0.734738
  859.000000    0.714612
  869.000000    0.714009
  879.000000    0.741868
  889.000000    0.772259
  899.000000    0.765522
  909.000000    0.761202
  919.000000    0.740466
  929.000000    0.700496
  939.000000    0.756268
  949.000000    0.780491
  959.000000    0.787730
  969.000000    0.761147
  979.000000    0.771663
  989.000000    0.741629
  999.000000    0.704307
 1009.000000    0.672956
 1019.000000    0.634023
 1029.000000    0.613280
 1039.000000    0.671368
 1049.000000    0.695282
 1059.000000    0.715724
 1069.000000    0.763749
 1079.000000    0.758466
 1089.000000    0.747637
 1099.000000    0.685553
 1109.000000    0.703001
 1119.000000    0.712812
 1129.000000    0.730032
 1139.000000    0.700369
 1149.000000    0.725346
 1159.000000    0.760577
 1169.000000    0.754651
 1179.000000    0.761902
 1189.000000    0.789400
 1199.000000    0.775914
 1209.000000    0.759680
 1219.000000    0.720532
 1229.000000    0.723899
 1239.000000    0.696488
 1249.000000    0.691674
 1259.000000    0.673174
 1269.000000    0.697862
 1279.000000    0.713223
 1289.000000    0.692879
 1299.000000    0.675975
 1309.000000    0.748557
 1319.000000    0.761292
 1329.000000    0.741571
 1339.000000    0.720315
 1349.000000    0.687132
 1359.000000    0.673806
 1369.000000    0.689441
 1379.000000    0.747734
 1389.000000    0.791687
 1399.000000    0.826346
 1409.000000    0.815265
 1419.000000    0.771316
 1429.000000    0.779987
 1439.000000    0.748623
 1449.000000    0.736906
 1459.000000    0.718704
 1469.000000    0.713317
 1479.000000    0.740224
 1489.000000    0.784087
 1499.000000    0.766983
 1509.000000    0.765733
 1519.000000    0.750279
 1529.000000    0.768867
 1539.000000    0.801731
 1549.000000    0.827896
 1559.000000    0.855135
 1569.000000    0.836370
 1579.000000    0.827720
 1589.000000    0.797680
 1599.000000    0.740266
 1609.000000    0.698886
 1619.000000    0.699105
 1629.000000    0.672461
 1639.000000    0.676607
 1649.000000    0.665071
 1659.000000    0.652783
 1669.000000    0.649209
 1679.000000    0.658041
 1689.000000    0.644231
 1699.000000    0.669500
 1709.000000    0.682847
 1719.000000    0.691816
