#  pixel_depth  alphabetafraction   >  Analysis of alpha beta fraction
  195.000000    0.824678
  205.000000    0.819670
  215.000000    0.832939
  225.000000    0.848987
  235.000000    0.814576
  245.000000    0.785854
  255.000000    0.753637
  265.000000    0.734824
  275.000000    0.701852
  285.000000    0.731850
  295.000000    0.734774
  305.000000    0.763276
  315.000000    0.786083
  325.000000    0.769847
  335.000000    0.739637
  345.000000    0.769505
  355.000000    0.813046
  365.000000    0.793461
  375.000000    0.825740
  385.000000    0.821061
  395.000000    0.802829
  405.000000    0.779430
  415.000000    0.795225
  425.000000    0.755410
  435.000000    0.808302
  445.000000    0.819520
  455.000000    0.824152
  465.000000    0.821466
  475.000000    0.835104
  485.000000    0.839100
  495.000000    0.815969
  505.000000    0.783208
  515.000000    0.792538
  525.000000    0.797288
  535.000000    0.776117
  545.000000    0.791532
  555.000000    0.781417
  565.000000    0.778800
  575.000000    0.859442
  585.000000    0.850295
  595.000000    0.815027
  605.000000    0.809402
  615.000000    0.828105
  625.000000    0.812102
  635.000000    0.809514
  645.000000    0.801303
  655.000000    0.788558
  665.000000    0.838882
  675.000000    0.865267
  685.000000    0.831047
  695.000000    0.783301
  705.000000    0.783797
  715.000000    0.782739
  725.000000    0.818874
  735.000000    0.781591
  745.000000    0.726678
  755.000000    0.744158
  765.000000    0.779519
  775.000000    0.791936
  785.000000    0.757162
  795.000000    0.757494
  805.000000    0.736453
  815.000000    0.775112
  825.000000    0.788811
  835.000000    0.787436
  845.000000    0.773069
  855.000000    0.828634
  865.000000    0.857444
  875.000000    0.841801
  885.000000    0.870537
  895.000000    0.825732
  905.000000    0.808786
  915.000000    0.779598
  925.000000    0.785978
  935.000000    0.770504
  945.000000    0.758533
  955.000000    0.767059
  965.000000    0.739600
  975.000000    0.756937
  985.000000    0.741726
  995.000000    0.784752
 1005.000000    0.826088
 1015.000000    0.863534
 1025.000000    0.793918
 1035.000000    0.776335
 1045.000000    0.738507
 1055.000000    0.679246
 1065.000000    0.653358
 1075.000000    0.654407
 1085.000000    0.665087
 1095.000000    0.753064
 1105.000000    0.816790
 1115.000000    0.841439
 1125.000000    0.839395
 1135.000000    0.827006
 1145.000000    0.811735
 1155.000000    0.816079
 1165.000000    0.793219
 1175.000000    0.792230
 1185.000000    0.743316
 1195.000000    0.691931
 1205.000000    0.743053
 1215.000000    0.809672
 1225.000000    0.805408
 1235.000000    0.789008
 1245.000000    0.800898
 1255.000000    0.853072
 1265.000000    0.839444
 1275.000000    0.787972
 1285.000000    0.801680
 1295.000000    0.779988
 1305.000000    0.771374
 1315.000000    0.768608
 1325.000000    0.794325
 1335.000000    0.794574
 1345.000000    0.766771
 1355.000000    0.748663
 1365.000000    0.712862
 1375.000000    0.740380
 1385.000000    0.766358
 1395.000000    0.780358
 1405.000000    0.794144
 1415.000000    0.784351
 1425.000000    0.737975
 1435.000000    0.751945
 1445.000000    0.747147
 1455.000000    0.774754
 1465.000000    0.788862
 1475.000000    0.808621
 1485.000000    0.760155
 1495.000000    0.765584
 1505.000000    0.778642
 1515.000000    0.774294
 1525.000000    0.758586
 1535.000000    0.792596
 1545.000000    0.790815
 1555.000000    0.783547
 1565.000000    0.791625
 1575.000000    0.818728
 1585.000000    0.789667
 1595.000000    0.801289
 1605.000000    0.801936
 1615.000000    0.823428
 1625.000000    0.800686
 1635.000000    0.790787
 1645.000000    0.790259
 1655.000000    0.773652
 1665.000000    0.758908
 1675.000000    0.793672
 1685.000000    0.791951
 1695.000000    0.699251
 1705.000000    0.720426
 1715.000000    0.699417
 1725.000000    0.754126
 1735.000000    0.748817
 1745.000000    0.755286
 1755.000000    0.755369
 1765.000000    0.783541
 1775.000000    0.771971
 1785.000000    0.812602
 1795.000000    0.828079
 1805.000000    0.812561
 1815.000000    0.816063
 1825.000000    0.807878
 1835.000000    0.789270
 1845.000000    0.773089
 1855.000000    0.742547
 1865.000000    0.700092
 1875.000000    0.707956
 1885.000000    0.754935
 1895.000000    0.811063
 1905.000000    0.799346
 1915.000000    0.785025
 1925.000000    0.767014
 1935.000000    0.791676
