#  pixel_depth  alphabetafraction   >  Analysis of alpha beta fraction
   86.000000    0.649269
   96.000000    0.707756
  106.000000    0.742242
  116.000000    0.750276
  126.000000    0.805808
  136.000000    0.777494
  146.000000    0.837678
  156.000000    0.798344
  166.000000    0.739620
  176.000000    0.682054
  186.000000    0.733100
  196.000000    0.760193
  206.000000    0.749195
  216.000000    0.749395
  226.000000    0.755590
  236.000000    0.731776
  246.000000    0.730475
  256.000000    0.736358
  266.000000    0.719756
  276.000000    0.738315
  286.000000    0.752818
  296.000000    0.748229
  306.000000    0.705921
  316.000000    0.685811
  326.000000    0.695958
  336.000000    0.684281
  346.000000    0.704230
  356.000000    0.754053
  366.000000    0.759840
  376.000000    0.734102
  386.000000    0.727392
  396.000000    0.707120
  406.000000    0.710607
  416.000000    0.733626
  426.000000    0.751566
  436.000000    0.736299
  446.000000    0.699932
  456.000000    0.676073
  466.000000    0.697965
  476.000000    0.694415
  486.000000    0.711248
  496.000000    0.736718
  506.000000    0.786919
  516.000000    0.763697
  526.000000    0.754202
  536.000000    0.767402
  546.000000    0.718021
  556.000000    0.726868
  566.000000    0.678098
  576.000000    0.622256
  586.000000    0.606000
  596.000000    0.645946
  606.000000    0.660813
  616.000000    0.662022
  626.000000    0.709862
  636.000000    0.721080
  646.000000    0.712854
  656.000000    0.735082
  666.000000    0.700959
  676.000000    0.701614
  686.000000    0.683415
  696.000000    0.653826
  706.000000    0.618038
  716.000000    0.640990
  726.000000    0.652703
  736.000000    0.700769
  746.000000    0.712174
  756.000000    0.695314
  766.000000    0.681461
  776.000000    0.682916
  786.000000    0.679123
  796.000000    0.629760
  806.000000    0.600506
  816.000000    0.633225
  826.000000    0.626590
  836.000000    0.631023
  846.000000    0.698866
  856.000000    0.747092
  866.000000    0.754495
  876.000000    0.773906
  886.000000    0.742834
  896.000000    0.745421
  906.000000    0.738488
  916.000000    0.711486
  926.000000    0.686910
  936.000000    0.700749
  946.000000    0.736241
  956.000000    0.780380
  966.000000    0.795947
  976.000000    0.777331
  986.000000    0.764292
  996.000000    0.762369
 1006.000000    0.797654
 1016.000000    0.786566
 1026.000000    0.776789
 1036.000000    0.811824
 1046.000000    0.758046
 1056.000000    0.754938
 1066.000000    0.740482
 1076.000000    0.669995
 1086.000000    0.681237
 1096.000000    0.672480
 1106.000000    0.708871
 1116.000000    0.707785
 1126.000000    0.727733
 1136.000000    0.729952
 1146.000000    0.741999
 1156.000000    0.719337
 1166.000000    0.719498
 1176.000000    0.736632
 1186.000000    0.726972
 1196.000000    0.723325
 1206.000000    0.733546
 1216.000000    0.718041
 1226.000000    0.690910
 1236.000000    0.710808
 1246.000000    0.719256
 1256.000000    0.771057
 1266.000000    0.747305
 1276.000000    0.739151
 1286.000000    0.742792
 1296.000000    0.730327
 1306.000000    0.716362
 1316.000000    0.724988
 1326.000000    0.756283
 1336.000000    0.767461
 1346.000000    0.798844
 1356.000000    0.779451
 1366.000000    0.767163
 1376.000000    0.734508
 1386.000000    0.721145
 1396.000000    0.726039
 1406.000000    0.730144
 1416.000000    0.740146
 1426.000000    0.786378
 1436.000000    0.813592
 1446.000000    0.786307
 1456.000000    0.783676
 1466.000000    0.749466
 1476.000000    0.728619
 1486.000000    0.723882
 1496.000000    0.722799
 1506.000000    0.682269
 1516.000000    0.689037
 1526.000000    0.705470
 1536.000000    0.691026
 1546.000000    0.687974
 1556.000000    0.711558
 1566.000000    0.700910
 1576.000000    0.725206
 1586.000000    0.753081
 1596.000000    0.761287
 1606.000000    0.754154
 1616.000000    0.750955
 1626.000000    0.752457
 1636.000000    0.757221
 1646.000000    0.745257
 1656.000000    0.675080
 1666.000000    0.646617
 1676.000000    0.733641
 1686.000000    0.765534
 1696.000000    0.803653
 1706.000000    0.755373
 1716.000000    0.734473
 1726.000000    0.768375
 1736.000000    0.778609
 1746.000000    0.769572
 1756.000000    0.748282
 1766.000000    0.762881
 1776.000000    0.783349
 1786.000000    0.756357
