#  pixel_depth  alphabetafraction   >  Analysis of alpha beta fraction
  167.000000    0.808620
  177.000000    0.828054
  187.000000    0.834363
  197.000000    0.821413
  207.000000    0.796624
  217.000000    0.799490
  227.000000    0.821667
  237.000000    0.843494
  247.000000    0.854531
  257.000000    0.853013
  267.000000    0.822299
  277.000000    0.765475
  287.000000    0.767092
  297.000000    0.800411
  307.000000    0.853933
  317.000000    0.834743
  327.000000    0.846586
  337.000000    0.818118
  347.000000    0.825394
  357.000000    0.833825
  367.000000    0.812104
  377.000000    0.846555
  387.000000    0.826957
  397.000000    0.825065
  407.000000    0.756624
  417.000000    0.758075
  427.000000    0.761151
  437.000000    0.799889
  447.000000    0.777050
  457.000000    0.702353
  467.000000    0.804208
  477.000000    0.851326
  487.000000    0.882625
  497.000000    0.871982
  507.000000    0.866354
  517.000000    0.859734
  527.000000    0.830955
  537.000000    0.837884
  547.000000    0.810849
  557.000000    0.761875
  567.000000    0.831262
  577.000000    0.876737
  587.000000    0.854293
  597.000000    0.826522
  607.000000    0.839845
  617.000000    0.814764
  627.000000    0.812114
  637.000000    0.862588
  647.000000    0.819489
  657.000000    0.731733
  667.000000    0.777460
  677.000000    0.858208
  687.000000    0.872303
  697.000000    0.907297
  707.000000    0.883643
  717.000000    0.817675
  727.000000    0.786762
  737.000000    0.780584
  747.000000    0.812408
  757.000000    0.821900
  767.000000    0.819661
  777.000000    0.830914
  787.000000    0.864494
  797.000000    0.847229
  807.000000    0.829765
  817.000000    0.812093
  827.000000    0.802360
  837.000000    0.825470
  847.000000    0.838982
  857.000000    0.804072
  867.000000    0.831339
  877.000000    0.866491
  887.000000    0.842011
  897.000000    0.828924
  907.000000    0.790880
  917.000000    0.781332
  927.000000    0.780284
  937.000000    0.701826
  947.000000    0.753261
  957.000000    0.769961
  967.000000    0.824676
  977.000000    0.856813
  987.000000    0.856351
  997.000000    0.786058
 1007.000000    0.808931
 1017.000000    0.822522
 1027.000000    0.836626
 1037.000000    0.874474
 1047.000000    0.858448
 1057.000000    0.813635
 1067.000000    0.789056
 1077.000000    0.793930
 1087.000000    0.804016
 1097.000000    0.778194
 1107.000000    0.747281
 1117.000000    0.735073
 1127.000000    0.744921
 1137.000000    0.748264
 1147.000000    0.754089
 1157.000000    0.814531
 1167.000000    0.796302
 1177.000000    0.817612
 1187.000000    0.833224
 1197.000000    0.790910
 1207.000000    0.756845
 1217.000000    0.772549
 1227.000000    0.826665
 1237.000000    0.833794
 1247.000000    0.822616
 1257.000000    0.863001
 1267.000000    0.837777
 1277.000000    0.857741
 1287.000000    0.836609
 1297.000000    0.798729
 1307.000000    0.830397
 1317.000000    0.811703
 1327.000000    0.798495
 1337.000000    0.761985
 1347.000000    0.780225
 1357.000000    0.806343
 1367.000000    0.843758
 1377.000000    0.845975
 1387.000000    0.862164
 1397.000000    0.904481
 1407.000000    0.875958
 1417.000000    0.808650
 1427.000000    0.814327
 1437.000000    0.842411
 1447.000000    0.828777
 1457.000000    0.794473
 1467.000000    0.762577
 1477.000000    0.750557
 1487.000000    0.744054
 1497.000000    0.753133
 1507.000000    0.811289
 1517.000000    0.784425
 1527.000000    0.795970
 1537.000000    0.805296
 1547.000000    0.802600
 1557.000000    0.772324
 1567.000000    0.735812
 1577.000000    0.705794
 1587.000000    0.722910
 1597.000000    0.770949
 1607.000000    0.838838
 1617.000000    0.864053
 1627.000000    0.873734
 1637.000000    0.884897
 1647.000000    0.837120
 1657.000000    0.811796
 1667.000000    0.774463
 1677.000000    0.782511
 1687.000000    0.789469
 1697.000000    0.784276
 1707.000000    0.788805
 1717.000000    0.731205
 1727.000000    0.812515
 1737.000000    0.830364
 1747.000000    0.833083
 1757.000000    0.782906
 1767.000000    0.814789
 1777.000000    0.808971
 1787.000000    0.801102
 1797.000000    0.807168
 1807.000000    0.831661
 1817.000000    0.760149
 1827.000000    0.829486
 1837.000000    0.842355
 1847.000000    0.824780
 1857.000000    0.789174
 1867.000000    0.794855
 1877.000000    0.826907
 1887.000000    0.807354
 1897.000000    0.818383
 1907.000000    0.804078
 1917.000000    0.795310
 1927.000000    0.784986
 1937.000000    0.754684
