#  pixel_depth  alphabetafraction   >  Analysis of alpha beta fraction
  101.000000    0.762952
  111.000000    0.736677
  121.000000    0.743947
  131.000000    0.721897
  141.000000    0.705558
  151.000000    0.693539
  161.000000    0.646853
  171.000000    0.634086
  181.000000    0.672258
  191.000000    0.664876
  201.000000    0.705446
  211.000000    0.690028
  221.000000    0.750229
  231.000000    0.745585
  241.000000    0.698365
  251.000000    0.686583
  261.000000    0.654148
  271.000000    0.665890
  281.000000    0.651692
  291.000000    0.633558
  301.000000    0.630420
  311.000000    0.630745
  321.000000    0.699456
  331.000000    0.718320
  341.000000    0.749178
  351.000000    0.741545
  361.000000    0.700712
  371.000000    0.692589
  381.000000    0.717966
  391.000000    0.681970
  401.000000    0.680183
  411.000000    0.701207
  421.000000    0.663247
  431.000000    0.699858
  441.000000    0.726736
  451.000000    0.729549
  461.000000    0.754930
  471.000000    0.753941
  481.000000    0.774553
  491.000000    0.760521
  501.000000    0.737409
  511.000000    0.670842
  521.000000    0.584348
  531.000000    0.538284
  541.000000    0.568809
  551.000000    0.541221
  561.000000    0.539929
  571.000000    0.557013
  581.000000    0.547431
  591.000000    0.639483
  601.000000    0.624379
  611.000000    0.679764
  621.000000    0.745221
  631.000000    0.729064
  641.000000    0.717926
  651.000000    0.648909
  661.000000    0.686659
  671.000000    0.660451
  681.000000    0.696005
  691.000000    0.749648
  701.000000    0.752938
  711.000000    0.766006
  721.000000    0.767432
  731.000000    0.758047
  741.000000    0.763169
  751.000000    0.752886
  761.000000    0.743214
  771.000000    0.734696
  781.000000    0.664933
  791.000000    0.665624
  801.000000    0.676576
  811.000000    0.724523
  821.000000    0.777894
  831.000000    0.803876
  841.000000    0.804371
  851.000000    0.803064
  861.000000    0.753822
  871.000000    0.730316
  881.000000    0.687574
  891.000000    0.714632
  901.000000    0.720006
  911.000000    0.671675
  921.000000    0.701556
  931.000000    0.715513
  941.000000    0.733069
  951.000000    0.705751
  961.000000    0.714077
  971.000000    0.714468
  981.000000    0.691123
  991.000000    0.752672
 1001.000000    0.770466
 1011.000000    0.775954
 1021.000000    0.699427
 1031.000000    0.676199
 1041.000000    0.668421
 1051.000000    0.713956
 1061.000000    0.744699
 1071.000000    0.778946
 1081.000000    0.746636
 1091.000000    0.700434
 1101.000000    0.703915
 1111.000000    0.757676
 1121.000000    0.750744
 1131.000000    0.733764
 1141.000000    0.728719
 1151.000000    0.716271
 1161.000000    0.739917
 1171.000000    0.769171
 1181.000000    0.788182
 1191.000000    0.741236
 1201.000000    0.723534
 1211.000000    0.737212
 1221.000000    0.753212
 1231.000000    0.726334
 1241.000000    0.756047
 1251.000000    0.772651
 1261.000000    0.767268
 1271.000000    0.729747
 1281.000000    0.688705
 1291.000000    0.646865
 1301.000000    0.650690
 1311.000000    0.658741
 1321.000000    0.673853
 1331.000000    0.683899
 1341.000000    0.653626
 1351.000000    0.745419
 1361.000000    0.764966
 1371.000000    0.794172
 1381.000000    0.787768
 1391.000000    0.772756
 1401.000000    0.755558
 1411.000000    0.740651
 1421.000000    0.744040
 1431.000000    0.742932
 1441.000000    0.700536
 1451.000000    0.638674
 1461.000000    0.634424
 1471.000000    0.645660
 1481.000000    0.639405
 1491.000000    0.671696
 1501.000000    0.751623
 1511.000000    0.809566
 1521.000000    0.813728
 1531.000000    0.785457
 1541.000000    0.738098
 1551.000000    0.764099
 1561.000000    0.752544
 1571.000000    0.677759
 1581.000000    0.669413
 1591.000000    0.675955
 1601.000000    0.682152
 1611.000000    0.732720
 1621.000000    0.750575
 1631.000000    0.765372
 1641.000000    0.780607
 1651.000000    0.772323
 1661.000000    0.735253
 1671.000000    0.736780
 1681.000000    0.751187
 1691.000000    0.729112
 1701.000000    0.661360
 1711.000000    0.645553
 1721.000000    0.647808
 1731.000000    0.657701
 1741.000000    0.661151
 1751.000000    0.664703
 1761.000000    0.649265
 1771.000000    0.742320
 1781.000000    0.761366
 1791.000000    0.780090
 1801.000000    0.786502
 1811.000000    0.769362
 1821.000000    0.742639
 1831.000000    0.693339
 1841.000000    0.702621
 1851.000000    0.693659
 1861.000000    0.754156
