#  pixel_depth  alphabetafraction   >  Analysis of alpha beta fraction
   85.000000    0.712473
   95.000000    0.687496
  105.000000    0.730980
  115.000000    0.743665
  125.000000    0.776642
  135.000000    0.775807
  145.000000    0.806466
  155.000000    0.813980
  165.000000    0.806947
  175.000000    0.777201
  185.000000    0.706503
  195.000000    0.701026
  205.000000    0.736932
  215.000000    0.749139
  225.000000    0.755104
  235.000000    0.682049
  245.000000    0.599713
  255.000000    0.574415
  265.000000    0.625354
  275.000000    0.720211
  285.000000    0.739439
  295.000000    0.715891
  305.000000    0.762658
  315.000000    0.810975
  325.000000    0.816713
  335.000000    0.817344
  345.000000    0.807136
  355.000000    0.770076
  365.000000    0.759039
  375.000000    0.746378
  385.000000    0.691548
  395.000000    0.709948
  405.000000    0.669466
  415.000000    0.605587
  425.000000    0.605434
  435.000000    0.696049
  445.000000    0.711512
  455.000000    0.671075
  465.000000    0.705921
  475.000000    0.762182
  485.000000    0.716669
  495.000000    0.729533
  505.000000    0.731797
  515.000000    0.700041
  525.000000    0.682853
  535.000000    0.681222
  545.000000    0.676176
  555.000000    0.589438
  565.000000    0.618901
  575.000000    0.672167
  585.000000    0.706943
  595.000000    0.796762
  605.000000    0.776400
  615.000000    0.789998
  625.000000    0.812021
  635.000000    0.801124
  645.000000    0.805844
  655.000000    0.748518
  665.000000    0.734234
  675.000000    0.727630
  685.000000    0.637959
  695.000000    0.659138
  705.000000    0.720138
  715.000000    0.721061
  725.000000    0.754150
  735.000000    0.751275
  745.000000    0.742502
  755.000000    0.730739
  765.000000    0.732585
  775.000000    0.745061
  785.000000    0.707893
  795.000000    0.676193
  805.000000    0.707783
  815.000000    0.664017
  825.000000    0.739361
  835.000000    0.762957
  845.000000    0.848344
  855.000000    0.804055
  865.000000    0.711875
  875.000000    0.705195
  885.000000    0.690724
  895.000000    0.721361
  905.000000    0.742059
  915.000000    0.701993
  925.000000    0.679766
  935.000000    0.683688
  945.000000    0.726202
  955.000000    0.776962
  965.000000    0.765477
  975.000000    0.771055
  985.000000    0.776235
  995.000000    0.687176
 1005.000000    0.678471
 1015.000000    0.681206
 1025.000000    0.686660
 1035.000000    0.753999
 1045.000000    0.755860
 1055.000000    0.766196
 1065.000000    0.680597
 1075.000000    0.650944
 1085.000000    0.720022
 1095.000000    0.751547
 1105.000000    0.728391
 1115.000000    0.771753
 1125.000000    0.783646
 1135.000000    0.757252
 1145.000000    0.718814
 1155.000000    0.705060
 1165.000000    0.741975
 1175.000000    0.747796
 1185.000000    0.789286
 1195.000000    0.824168
 1205.000000    0.840636
 1215.000000    0.782676
 1225.000000    0.720435
 1235.000000    0.677972
 1245.000000    0.668212
 1255.000000    0.636417
 1265.000000    0.651252
 1275.000000    0.671197
 1285.000000    0.719954
 1295.000000    0.767179
 1305.000000    0.760782
 1315.000000    0.756744
 1325.000000    0.755258
 1335.000000    0.728550
 1345.000000    0.798662
 1355.000000    0.772763
 1365.000000    0.724691
 1375.000000    0.709836
 1385.000000    0.706189
 1395.000000    0.724751
 1405.000000    0.732860
 1415.000000    0.742377
 1425.000000    0.767974
 1435.000000    0.772807
 1445.000000    0.797570
 1455.000000    0.776444
 1465.000000    0.757898
 1475.000000    0.781405
 1485.000000    0.784080
 1495.000000    0.764642
 1505.000000    0.751386
 1515.000000    0.754140
 1525.000000    0.738680
 1535.000000    0.730062
 1545.000000    0.813389
 1555.000000    0.830864
 1565.000000    0.822592
 1575.000000    0.819213
 1585.000000    0.765461
 1595.000000    0.759143
 1605.000000    0.721444
 1615.000000    0.695436
 1625.000000    0.698589
 1635.000000    0.726280
 1645.000000    0.693433
 1655.000000    0.695212
 1665.000000    0.674441
 1675.000000    0.658504
 1685.000000    0.637923
 1695.000000    0.675963
 1705.000000    0.708460
 1715.000000    0.805523
 1725.000000    0.782073
 1735.000000    0.805229
 1745.000000    0.837929
 1755.000000    0.813267
 1765.000000    0.825510
 1775.000000    0.827932
 1785.000000    0.789069
 1795.000000    0.758832
 1805.000000    0.708891
 1815.000000    0.620850
 1825.000000    0.648068
 1835.000000    0.730526
 1845.000000    0.728102
 1855.000000    0.673767
 1865.000000    0.665307
 1875.000000    0.733309
 1885.000000    0.738570
 1895.000000    0.696247
