#  pixel_depth  alphabetafraction   >  Analysis of alpha beta fraction
   47.000000    0.663326
   57.000000    0.670554
   67.000000    0.654340
   77.000000    0.695677
   87.000000    0.685591
   97.000000    0.666366
  107.000000    0.699815
  117.000000    0.699000
  127.000000    0.701878
  137.000000    0.700820
  147.000000    0.711873
  157.000000    0.706090
  167.000000    0.694369
  177.000000    0.665297
  187.000000    0.647055
  197.000000    0.652094
  207.000000    0.614316
  217.000000    0.640826
  227.000000    0.653350
  237.000000    0.698146
  247.000000    0.722703
  257.000000    0.757819
  267.000000    0.770398
  277.000000    0.771906
  287.000000    0.718835
  297.000000    0.653295
  307.000000    0.701456
  317.000000    0.674499
  327.000000    0.684231
  337.000000    0.713692
  347.000000    0.766213
  357.000000    0.712200
  367.000000    0.705442
  377.000000    0.721890
  387.000000    0.625784
  397.000000    0.643186
  407.000000    0.667224
  417.000000    0.700982
  427.000000    0.728922
  437.000000    0.720897
  447.000000    0.722078
  457.000000    0.679388
  467.000000    0.660376
  477.000000    0.627353
  487.000000    0.610125
  497.000000    0.585129
  507.000000    0.524463
  517.000000    0.539702
  527.000000    0.630866
  537.000000    0.735725
  547.000000    0.742818
  557.000000    0.715056
  567.000000    0.668304
  577.000000    0.686538
  587.000000    0.682311
  597.000000    0.713614
  607.000000    0.695515
  617.000000    0.672460
  627.000000    0.679050
  637.000000    0.717509
  647.000000    0.698816
  657.000000    0.660148
  667.000000    0.630307
  677.000000    0.607687
  687.000000    0.608188
  697.000000    0.667207
  707.000000    0.712610
  717.000000    0.747707
  727.000000    0.685691
  737.000000    0.685068
  747.000000    0.685127
  757.000000    0.684395
  767.000000    0.660627
  777.000000    0.674384
  787.000000    0.696123
  797.000000    0.703537
  807.000000    0.738943
  817.000000    0.723555
  827.000000    0.690028
  837.000000    0.706642
  847.000000    0.715192
  857.000000    0.735444
  867.000000    0.719935
  877.000000    0.719978
  887.000000    0.673186
  897.000000    0.654669
  907.000000    0.668397
  917.000000    0.722235
  927.000000    0.714199
  937.000000    0.677134
  947.000000    0.702412
  957.000000    0.749075
  967.000000    0.729751
  977.000000    0.739244
  987.000000    0.748536
  997.000000    0.760427
 1007.000000    0.682373
 1017.000000    0.672694
 1027.000000    0.594689
 1037.000000    0.581412
 1047.000000    0.624208
 1057.000000    0.677885
 1067.000000    0.687146
 1077.000000    0.687010
 1087.000000    0.680141
 1097.000000    0.668553
 1107.000000    0.690245
 1117.000000    0.771057
 1127.000000    0.772930
 1137.000000    0.712388
 1147.000000    0.690010
 1157.000000    0.625683
 1167.000000    0.674103
 1177.000000    0.689155
 1187.000000    0.713165
 1197.000000    0.704268
 1207.000000    0.679982
 1217.000000    0.713749
 1227.000000    0.701664
 1237.000000    0.688377
 1247.000000    0.671917
 1257.000000    0.678725
 1267.000000    0.720081
 1277.000000    0.761686
 1287.000000    0.772190
 1297.000000    0.787344
 1307.000000    0.740872
 1317.000000    0.670787
 1327.000000    0.630646
 1337.000000    0.588344
 1347.000000    0.560413
 1357.000000    0.519022
 1367.000000    0.614426
 1377.000000    0.701155
 1387.000000    0.711519
 1397.000000    0.749115
 1407.000000    0.710046
 1417.000000    0.752540
 1427.000000    0.744297
 1437.000000    0.672760
 1447.000000    0.634801
 1457.000000    0.615438
 1467.000000    0.578980
 1477.000000    0.581941
 1487.000000    0.578900
 1497.000000    0.615621
 1507.000000    0.627981
 1517.000000    0.654342
 1527.000000    0.678506
 1537.000000    0.663436
 1547.000000    0.728793
 1557.000000    0.770765
 1567.000000    0.771596
 1577.000000    0.793797
 1587.000000    0.796563
 1597.000000    0.757365
 1607.000000    0.735206
 1617.000000    0.735075
 1627.000000    0.669702
 1637.000000    0.715638
 1647.000000    0.733358
 1657.000000    0.690067
 1667.000000    0.664391
 1677.000000    0.689221
 1687.000000    0.698889
 1697.000000    0.683304
 1707.000000    0.715814
 1717.000000    0.763436
