#  pixel_depth  alphabetafraction   >  Analysis of alpha beta fraction
  261.000000    0.582317
  271.000000    0.618175
  281.000000    0.597862
  291.000000    0.649694
  301.000000    0.684116
  311.000000    0.663693
  321.000000    0.643815
  331.000000    0.656141
  341.000000    0.621611
  351.000000    0.574880
  361.000000    0.585423
  371.000000    0.594541
  381.000000    0.618466
  391.000000    0.625207
  401.000000    0.588588
  411.000000    0.584803
  421.000000    0.569945
  431.000000    0.571968
  441.000000    0.584997
  451.000000    0.674995
  461.000000    0.654398
  471.000000    0.640989
  481.000000    0.633730
  491.000000    0.671607
  501.000000    0.684074
  511.000000    0.704023
  521.000000    0.673319
  531.000000    0.670574
  541.000000    0.658380
  551.000000    0.643642
  561.000000    0.636769
  571.000000    0.661485
  581.000000    0.651007
  591.000000    0.652020
  601.000000    0.668348
  611.000000    0.706611
  621.000000    0.738104
  631.000000    0.728548
  641.000000    0.715170
  651.000000    0.737747
  661.000000    0.730556
  671.000000    0.752755
  681.000000    0.737402
  691.000000    0.687953
  701.000000    0.657296
  711.000000    0.653203
  721.000000    0.623377
  731.000000    0.635492
  741.000000    0.642273
  751.000000    0.656854
  761.000000    0.645152
  771.000000    0.644019
  781.000000    0.652789
  791.000000    0.651553
  801.000000    0.609206
  811.000000    0.563013
  821.000000    0.553521
  831.000000    0.564297
  841.000000    0.581368
  851.000000    0.633510
  861.000000    0.678816
  871.000000    0.674405
  881.000000    0.670808
  891.000000    0.685617
  901.000000    0.667324
  911.000000    0.691233
  921.000000    0.655119
  931.000000    0.642833
  941.000000    0.687647
  951.000000    0.715102
  961.000000    0.671465
  971.000000    0.655334
  981.000000    0.620421
  991.000000    0.607300
 1001.000000    0.631109
 1011.000000    0.648360
 1021.000000    0.593273
 1031.000000    0.650822
 1041.000000    0.724879
 1051.000000    0.720996
 1061.000000    0.697407
 1071.000000    0.722419
 1081.000000    0.720258
 1091.000000    0.780429
 1101.000000    0.757110
 1111.000000    0.732918
 1121.000000    0.689673
 1131.000000    0.662803
 1141.000000    0.639772
 1151.000000    0.687196
 1161.000000    0.723617
 1171.000000    0.711620
 1181.000000    0.689041
 1191.000000    0.636812
 1201.000000    0.576420
 1211.000000    0.611649
 1221.000000    0.617956
 1231.000000    0.634058
 1241.000000    0.686271
 1251.000000    0.682554
 1261.000000    0.676132
 1271.000000    0.610560
 1281.000000    0.608787
 1291.000000    0.591720
 1301.000000    0.585271
 1311.000000    0.541496
 1321.000000    0.536417
 1331.000000    0.530463
 1341.000000    0.528150
 1351.000000    0.531305
 1361.000000    0.500968
 1371.000000    0.537142
 1381.000000    0.557540
 1391.000000    0.602711
 1401.000000    0.630236
 1411.000000    0.674330
 1421.000000    0.683430
 1431.000000    0.702025
 1441.000000    0.696769
 1451.000000    0.677788
 1461.000000    0.636605
 1471.000000    0.629741
 1481.000000    0.694354
 1491.000000    0.672118
 1501.000000    0.636504
 1511.000000    0.624096
 1521.000000    0.637213
 1531.000000    0.650633
 1541.000000    0.651736
 1551.000000    0.607354
 1561.000000    0.582796
 1571.000000    0.548154
 1581.000000    0.564615
 1591.000000    0.558793
 1601.000000    0.544183
 1611.000000    0.556699
 1621.000000    0.613000
 1631.000000    0.662111
 1641.000000    0.651985
 1651.000000    0.649220
 1661.000000    0.657359
 1671.000000    0.637621
 1681.000000    0.620938
 1691.000000    0.594352
 1701.000000    0.549861
 1711.000000    0.505027
 1721.000000    0.496688
 1731.000000    0.517189
 1741.000000    0.546739
 1751.000000    0.552101
 1761.000000    0.595038
 1771.000000    0.657266
 1781.000000    0.656111
 1791.000000    0.637458
 1801.000000    0.539663
 1811.000000    0.508895
 1821.000000    0.532634
 1831.000000    0.523782
 1841.000000    0.550665
 1851.000000    0.579654
 1861.000000    0.581611
 1871.000000    0.604688
 1881.000000    0.621765
 1891.000000    0.600195
 1901.000000    0.597227
 1911.000000    0.608941
 1921.000000    0.612366
 1931.000000    0.617221
 1941.000000    0.670435
