#  pixel_depth  alphabetafraction   >  Analysis of alpha beta fraction
   10.000000    0.808124
   20.000000    0.808220
   30.000000    0.828314
   40.000000    0.830930
   50.000000    0.864238
   60.000000    0.783600
   70.000000    0.712505
   80.000000    0.721836
   90.000000    0.745387
  100.000000    0.773230
  110.000000    0.826678
  120.000000    0.803119
  130.000000    0.783758
  140.000000    0.836960
  150.000000    0.827430
  160.000000    0.821968
  170.000000    0.837859
  180.000000    0.818625
  190.000000    0.725709
  200.000000    0.712738
  210.000000    0.769956
  220.000000    0.786782
  230.000000    0.813369
  240.000000    0.799457
  250.000000    0.799279
  260.000000    0.719423
  270.000000    0.697724
  280.000000    0.698252
  290.000000    0.723776
  300.000000    0.751568
  310.000000    0.727184
  320.000000    0.728340
  330.000000    0.712850
  340.000000    0.658156
  350.000000    0.660448
  360.000000    0.696230
  370.000000    0.735035
  380.000000    0.750804
  390.000000    0.774586
  400.000000    0.728888
  410.000000    0.702242
  420.000000    0.701978
  430.000000    0.745209
  440.000000    0.790696
  450.000000    0.798294
  460.000000    0.812572
  470.000000    0.804152
  480.000000    0.808703
  490.000000    0.839533
  500.000000    0.853130
  510.000000    0.764079
  520.000000    0.746802
  530.000000    0.755858
  540.000000    0.812192
  550.000000    0.780996
  560.000000    0.787461
  570.000000    0.786803
  580.000000    0.789420
  590.000000    0.795156
  600.000000    0.810002
  610.000000    0.797993
  620.000000    0.777557
  630.000000    0.766076
  640.000000    0.826558
  650.000000    0.806751
  660.000000    0.744981
  670.000000    0.754664
  680.000000    0.797622
  690.000000    0.831946
  700.000000    0.732601
  710.000000    0.687443
  720.000000    0.657339
  730.000000    0.696217
  740.000000    0.718936
  750.000000    0.691335
  760.000000    0.733258
  770.000000    0.732320
  780.000000    0.756769
  790.000000    0.812331
  800.000000    0.813362
  810.000000    0.783399
  820.000000    0.788908
  830.000000    0.758255
  840.000000    0.770771
  850.000000    0.727636
  860.000000    0.676347
  870.000000    0.640895
  880.000000    0.694580
  890.000000    0.744364
  900.000000    0.774692
  910.000000    0.799249
  920.000000    0.808091
  930.000000    0.828003
  940.000000    0.802762
  950.000000    0.822076
  960.000000    0.794478
  970.000000    0.781557
  980.000000    0.814840
  990.000000    0.797519
 1000.000000    0.805247
 1010.000000    0.826459
 1020.000000    0.832173
 1030.000000    0.809831
 1040.000000    0.807218
 1050.000000    0.808607
 1060.000000    0.811390
 1070.000000    0.834430
 1080.000000    0.826866
 1090.000000    0.754870
 1100.000000    0.721225
 1110.000000    0.719922
 1120.000000    0.706688
 1130.000000    0.722973
 1140.000000    0.698381
 1150.000000    0.669219
 1160.000000    0.647378
 1170.000000    0.671444
 1180.000000    0.675729
 1190.000000    0.647438
 1200.000000    0.695345
 1210.000000    0.784557
 1220.000000    0.819614
 1230.000000    0.848099
 1240.000000    0.853491
 1250.000000    0.832397
 1260.000000    0.806705
 1270.000000    0.752322
 1280.000000    0.787633
 1290.000000    0.768323
