#  pixel_depth  alphabetafraction   >  Analysis of alpha beta fraction
   62.000000    0.732776
   72.000000    0.730712
   82.000000    0.781582
   92.000000    0.754946
  102.000000    0.757631
  112.000000    0.753292
  122.000000    0.719634
  132.000000    0.744631
  142.000000    0.707799
  152.000000    0.714719
  162.000000    0.700831
  172.000000    0.752810
  182.000000    0.743611
  192.000000    0.735951
  202.000000    0.761075
  212.000000    0.798022
  222.000000    0.687523
  232.000000    0.734936
  242.000000    0.717660
  252.000000    0.666526
  262.000000    0.733275
  272.000000    0.755472
  282.000000    0.751133
  292.000000    0.778989
  302.000000    0.787248
  312.000000    0.753461
  322.000000    0.715736
  332.000000    0.617783
  342.000000    0.645420
  352.000000    0.660608
  362.000000    0.669668
  372.000000    0.663787
  382.000000    0.655615
  392.000000    0.622787
  402.000000    0.654286
  412.000000    0.693123
  422.000000    0.715816
  432.000000    0.738757
  442.000000    0.734622
  452.000000    0.744181
  462.000000    0.712822
  472.000000    0.715621
  482.000000    0.700731
  492.000000    0.661129
  502.000000    0.619266
  512.000000    0.637861
  522.000000    0.632987
  532.000000    0.616665
  542.000000    0.698782
  552.000000    0.732616
  562.000000    0.748818
  572.000000    0.747756
  582.000000    0.758623
  592.000000    0.709555
  602.000000    0.634145
  612.000000    0.639769
  622.000000    0.606875
  632.000000    0.643355
  642.000000    0.660226
  652.000000    0.641010
  662.000000    0.655342
  672.000000    0.719272
  682.000000    0.728910
  692.000000    0.761094
  702.000000    0.776202
  712.000000    0.735183
  722.000000    0.773216
  732.000000    0.799569
  742.000000    0.859124
  752.000000    0.809400
  762.000000    0.773148
  772.000000    0.676715
  782.000000    0.675019
  792.000000    0.677599
  802.000000    0.705962
  812.000000    0.746514
  822.000000    0.780280
  832.000000    0.775779
  842.000000    0.766846
  852.000000    0.705328
  862.000000    0.655571
  872.000000    0.609497
  882.000000    0.614974
  892.000000    0.585135
  902.000000    0.653278
  912.000000    0.598262
  922.000000    0.621404
  932.000000    0.606013
  942.000000    0.640790
  952.000000    0.700628
  962.000000    0.703709
  972.000000    0.719946
  982.000000    0.718638
  992.000000    0.672827
 1002.000000    0.722688
 1012.000000    0.691420
 1022.000000    0.711140
 1032.000000    0.708592
 1042.000000    0.692920
 1052.000000    0.668809
 1062.000000    0.625537
 1072.000000    0.478064
 1082.000000    0.495490
 1092.000000    0.526979
 1102.000000    0.555447
 1112.000000    0.615205
 1122.000000    0.690621
 1132.000000    0.768495
 1142.000000    0.750517
 1152.000000    0.727916
 1162.000000    0.751242
 1172.000000    0.749112
 1182.000000    0.683972
 1192.000000    0.706288
 1202.000000    0.749337
 1212.000000    0.745486
 1222.000000    0.711573
 1232.000000    0.711099
 1242.000000    0.700426
 1252.000000    0.680344
 1262.000000    0.696799
 1272.000000    0.687678
 1282.000000    0.693703
 1292.000000    0.691765
 1302.000000    0.636251
 1312.000000    0.559700
 1322.000000    0.574376
 1332.000000    0.599372
 1342.000000    0.676183
 1352.000000    0.699398
 1362.000000    0.711801
 1372.000000    0.760025
 1382.000000    0.849211
 1392.000000    0.801618
 1402.000000    0.758147
 1412.000000    0.737995
 1422.000000    0.745359
 1432.000000    0.738640
 1442.000000    0.719006
 1452.000000    0.674097
 1462.000000    0.686678
 1472.000000    0.681543
 1482.000000    0.658030
 1492.000000    0.646457
 1502.000000    0.670235
 1512.000000    0.697924
 1522.000000    0.690569
 1532.000000    0.677474
 1542.000000    0.715116
 1552.000000    0.725412
 1562.000000    0.691076
 1572.000000    0.671718
 1582.000000    0.644001
 1592.000000    0.659392
 1602.000000    0.707161
 1612.000000    0.721184
 1622.000000    0.731962
 1632.000000    0.678622
 1642.000000    0.667494
 1652.000000    0.675625
 1662.000000    0.624504
 1672.000000    0.624400
 1682.000000    0.677173
 1692.000000    0.718379
 1702.000000    0.750820
 1712.000000    0.738212
 1722.000000    0.748868
 1732.000000    0.720808
 1742.000000    0.725375
 1752.000000    0.721013
 1762.000000    0.674529
 1772.000000    0.688241
 1782.000000    0.687301
 1792.000000    0.659765
 1802.000000    0.580157
 1812.000000    0.564698
 1822.000000    0.595446
 1832.000000    0.620424
 1842.000000    0.655453
 1852.000000    0.715527
 1862.000000    0.711330
 1872.000000    0.677643
 1882.000000    0.691211
 1892.000000    0.695079
