#  pixel_depth  alphabetafraction   >  Analysis of alpha beta fraction
   59.000000    0.679204
   69.000000    0.629182
   79.000000    0.588564
   89.000000    0.637580
   99.000000    0.612364
  109.000000    0.613797
  119.000000    0.553841
  129.000000    0.541632
  139.000000    0.584021
  149.000000    0.641308
  159.000000    0.650458
  169.000000    0.687581
  179.000000    0.715873
  189.000000    0.732897
  199.000000    0.678720
  209.000000    0.656989
  219.000000    0.624605
  229.000000    0.635062
  239.000000    0.613937
  249.000000    0.640819
  259.000000    0.679123
  269.000000    0.704550
  279.000000    0.668968
  289.000000    0.698556
  299.000000    0.664811
  309.000000    0.633457
  319.000000    0.589117
  329.000000    0.583589
  339.000000    0.654826
  349.000000    0.672746
  359.000000    0.607380
  369.000000    0.631149
  379.000000    0.710504
  389.000000    0.751541
  399.000000    0.791699
  409.000000    0.743736
  419.000000    0.686034
  429.000000    0.681391
  439.000000    0.636051
  449.000000    0.653005
  459.000000    0.624876
  469.000000    0.590723
  479.000000    0.596282
  489.000000    0.661725
  499.000000    0.662245
  509.000000    0.738611
  519.000000    0.718576
  529.000000    0.676996
  539.000000    0.660851
  549.000000    0.694894
  559.000000    0.712238
  569.000000    0.733431
  579.000000    0.760440
  589.000000    0.772244
  599.000000    0.773282
  609.000000    0.750664
  619.000000    0.704693
  629.000000    0.658215
  639.000000    0.633594
  649.000000    0.631596
  659.000000    0.617690
  669.000000    0.620313
  679.000000    0.614760
  689.000000    0.635498
  699.000000    0.680603
  709.000000    0.717517
  719.000000    0.723985
  729.000000    0.722032
  739.000000    0.702508
  749.000000    0.681288
  759.000000    0.730031
  769.000000    0.737139
  779.000000    0.671684
  789.000000    0.634122
  799.000000    0.659864
  809.000000    0.683371
  819.000000    0.718833
  829.000000    0.710439
  839.000000    0.690467
  849.000000    0.633099
  859.000000    0.586299
  869.000000    0.596454
  879.000000    0.612519
  889.000000    0.633397
  899.000000    0.603117
  909.000000    0.649716
  919.000000    0.669174
  929.000000    0.685406
  939.000000    0.707554
  949.000000    0.654953
  959.000000    0.647091
  969.000000    0.654180
  979.000000    0.649243
  989.000000    0.610425
  999.000000    0.602526
 1009.000000    0.611059
 1019.000000    0.644614
 1029.000000    0.633787
 1039.000000    0.629371
 1049.000000    0.691992
 1059.000000    0.765223
 1069.000000    0.803545
 1079.000000    0.795453
 1089.000000    0.729971
 1099.000000    0.718851
 1109.000000    0.661011
 1119.000000    0.648320
 1129.000000    0.694778
 1139.000000    0.668423
 1149.000000    0.633150
 1159.000000    0.617630
 1169.000000    0.646981
 1179.000000    0.672405
 1189.000000    0.726463
 1199.000000    0.711963
 1209.000000    0.749915
 1219.000000    0.796434
 1229.000000    0.820517
 1239.000000    0.769212
 1249.000000    0.694415
 1259.000000    0.584377
 1269.000000    0.556213
 1279.000000    0.615076
 1289.000000    0.655959
 1299.000000    0.636671
 1309.000000    0.624702
 1319.000000    0.636265
 1329.000000    0.705225
 1339.000000    0.817994
 1349.000000    0.806345
 1359.000000    0.770760
 1369.000000    0.695070
 1379.000000    0.709519
 1389.000000    0.710481
 1399.000000    0.739375
 1409.000000    0.724444
 1419.000000    0.724295
 1429.000000    0.750057
 1439.000000    0.683142
 1449.000000    0.651744
 1459.000000    0.577932
 1469.000000    0.572334
 1479.000000    0.596778
 1489.000000    0.630575
 1499.000000    0.660958
 1509.000000    0.659383
 1519.000000    0.665649
 1529.000000    0.640608
 1539.000000    0.671009
 1549.000000    0.704036
 1559.000000    0.764353
 1569.000000    0.749257
 1579.000000    0.763143
 1589.000000    0.768701
 1599.000000    0.751861
 1609.000000    0.740160
 1619.000000    0.727572
 1629.000000    0.735652
 1639.000000    0.721831
 1649.000000    0.686283
 1659.000000    0.678607
 1669.000000    0.655573
 1679.000000    0.678706
 1689.000000    0.638941
 1699.000000    0.704859
 1709.000000    0.744086
 1719.000000    0.744662
 1729.000000    0.749579
 1739.000000    0.750581
 1749.000000    0.715363
 1759.000000    0.789435
 1769.000000    0.780013
 1779.000000    0.809020
 1789.000000    0.774683
 1799.000000    0.755199
