#  pixel_depth  alphabetafraction   >  Analysis of alpha beta fraction
   58.000000    0.746434
   68.000000    0.760239
   78.000000    0.759605
   88.000000    0.716693
   98.000000    0.697156
  108.000000    0.720088
  118.000000    0.735619
  128.000000    0.771290
  138.000000    0.779443
  148.000000    0.720071
  158.000000    0.665978
  168.000000    0.663521
  178.000000    0.690880
  188.000000    0.691547
  198.000000    0.695500
  208.000000    0.701314
  218.000000    0.732737
  228.000000    0.705536
  238.000000    0.687815
  248.000000    0.650953
  258.000000    0.652462
  268.000000    0.645830
  278.000000    0.683390
  288.000000    0.703654
  298.000000    0.740806
  308.000000    0.745570
  318.000000    0.751757
  328.000000    0.748667
  338.000000    0.742475
  348.000000    0.692524
  358.000000    0.698824
  368.000000    0.720562
  378.000000    0.708691
  388.000000    0.719561
  398.000000    0.736499
  408.000000    0.819784
  418.000000    0.789121
  428.000000    0.735111
  438.000000    0.739896
  448.000000    0.761087
  458.000000    0.733703
  468.000000    0.734724
  478.000000    0.744205
  488.000000    0.750635
  498.000000    0.771936
  508.000000    0.765965
  518.000000    0.723739
  528.000000    0.744719
  538.000000    0.694573
  548.000000    0.688928
  558.000000    0.718187
  568.000000    0.706311
  578.000000    0.715524
  588.000000    0.710347
  598.000000    0.701693
  608.000000    0.690375
  618.000000    0.663160
  628.000000    0.687984
  638.000000    0.687657
  648.000000    0.683376
  658.000000    0.693045
  668.000000    0.653607
  678.000000    0.672303
  688.000000    0.721048
  698.000000    0.690506
  708.000000    0.723390
  718.000000    0.743468
  728.000000    0.742196
  738.000000    0.695734
  748.000000    0.679099
  758.000000    0.655534
  768.000000    0.694560
  778.000000    0.720749
  788.000000    0.763234
  798.000000    0.768708
  808.000000    0.781976
  818.000000    0.816793
  828.000000    0.774084
  838.000000    0.745926
  848.000000    0.681849
  858.000000    0.682103
  868.000000    0.707166
  878.000000    0.760226
  888.000000    0.761862
  898.000000    0.781359
  908.000000    0.779462
  918.000000    0.774668
  928.000000    0.733036
  938.000000    0.757999
  948.000000    0.764712
  958.000000    0.737196
  968.000000    0.718750
  978.000000    0.738335
  988.000000    0.780616
  998.000000    0.770453
 1008.000000    0.786299
 1018.000000    0.739264
 1028.000000    0.758557
 1038.000000    0.754552
 1048.000000    0.753763
 1058.000000    0.755788
 1068.000000    0.731869
 1078.000000    0.720964
 1088.000000    0.680325
 1098.000000    0.730452
 1108.000000    0.766386
 1118.000000    0.744493
 1128.000000    0.742906
 1138.000000    0.733241
 1148.000000    0.661069
 1158.000000    0.677743
 1168.000000    0.663660
 1178.000000    0.647102
 1188.000000    0.692524
 1198.000000    0.719958
 1208.000000    0.741148
 1218.000000    0.761813
 1228.000000    0.757879
 1238.000000    0.723289
 1248.000000    0.684430
 1258.000000    0.606586
 1268.000000    0.576862
 1278.000000    0.654965
 1288.000000    0.684621
 1298.000000    0.772323
 1308.000000    0.806210
 1318.000000    0.809628
 1328.000000    0.765001
 1338.000000    0.799729
 1348.000000    0.810948
 1358.000000    0.819847
 1368.000000    0.798056
 1378.000000    0.739549
 1388.000000    0.695453
 1398.000000    0.648297
 1408.000000    0.705051
 1418.000000    0.747469
 1428.000000    0.813699
 1438.000000    0.839593
 1448.000000    0.842959
 1458.000000    0.819936
 1468.000000    0.828070
 1478.000000    0.784200
 1488.000000    0.716767
 1498.000000    0.727397
 1508.000000    0.686635
 1518.000000    0.655494
 1528.000000    0.689004
 1538.000000    0.707448
 1548.000000    0.721806
 1558.000000    0.680344
 1568.000000    0.690280
 1578.000000    0.703076
 1588.000000    0.687088
 1598.000000    0.700000
 1608.000000    0.727412
 1618.000000    0.778638
 1628.000000    0.792587
 1638.000000    0.780265
 1648.000000    0.703448
 1658.000000    0.676845
 1668.000000    0.721161
 1678.000000    0.724915
 1688.000000    0.722058
 1698.000000    0.736682
 1708.000000    0.782497
 1718.000000    0.824194
 1728.000000    0.835451
 1738.000000    0.843156
 1748.000000    0.834118
 1758.000000    0.804091
 1768.000000    0.788482
 1778.000000    0.755767
 1788.000000    0.733550
 1798.000000    0.737731
 1808.000000    0.759091
 1818.000000    0.751996
 1828.000000    0.673648
 1838.000000    0.615906
