#  pixel_depth  alphabetafraction   >  Analysis of alpha beta fraction
   67.000000    0.697251
   77.000000    0.701262
   87.000000    0.705272
   97.000000    0.725268
  107.000000    0.723526
  117.000000    0.767065
  127.000000    0.780879
  137.000000    0.768127
  147.000000    0.748453
  157.000000    0.760760
  167.000000    0.706627
  177.000000    0.680716
  187.000000    0.709670
  197.000000    0.705396
  207.000000    0.680573
  217.000000    0.627090
  227.000000    0.609480
  237.000000    0.578726
  247.000000    0.562742
  257.000000    0.628279
  267.000000    0.698466
  277.000000    0.715214
  287.000000    0.731306
  297.000000    0.731325
  307.000000    0.683361
  317.000000    0.620781
  327.000000    0.617528
  337.000000    0.671984
  347.000000    0.680743
  357.000000    0.667569
  367.000000    0.660988
  377.000000    0.671244
  387.000000    0.684997
  397.000000    0.716102
  407.000000    0.678914
  417.000000    0.651750
  427.000000    0.669285
  437.000000    0.668781
  447.000000    0.725970
  457.000000    0.728301
  467.000000    0.772306
  477.000000    0.799079
  487.000000    0.788539
  497.000000    0.796102
  507.000000    0.723858
  517.000000    0.661799
  527.000000    0.674107
  537.000000    0.662134
  547.000000    0.676059
  557.000000    0.637884
  567.000000    0.587053
  577.000000    0.642714
  587.000000    0.696013
  597.000000    0.720063
  607.000000    0.700889
  617.000000    0.705041
  627.000000    0.680094
  637.000000    0.696416
  647.000000    0.672541
  657.000000    0.653353
  667.000000    0.657070
  677.000000    0.672546
  687.000000    0.682730
  697.000000    0.642343
  707.000000    0.622348
  717.000000    0.650896
  727.000000    0.649739
  737.000000    0.637354
  747.000000    0.689896
  757.000000    0.708985
  767.000000    0.688434
  777.000000    0.701446
  787.000000    0.729595
  797.000000    0.670709
  807.000000    0.625327
  817.000000    0.652229
  827.000000    0.693239
  837.000000    0.680410
  847.000000    0.668562
  857.000000    0.666397
  867.000000    0.668376
  877.000000    0.615851
  887.000000    0.627512
  897.000000    0.541897
  907.000000    0.487655
  917.000000    0.527496
  927.000000    0.618287
  937.000000    0.619359
  947.000000    0.650219
  957.000000    0.642327
  967.000000    0.623607
  977.000000    0.635841
  987.000000    0.648106
  997.000000    0.652514
 1007.000000    0.647651
 1017.000000    0.679854
 1027.000000    0.643105
 1037.000000    0.639144
 1047.000000    0.599078
 1057.000000    0.636743
 1067.000000    0.689734
 1077.000000    0.684972
 1087.000000    0.666639
 1097.000000    0.684561
 1107.000000    0.655114
 1117.000000    0.620787
 1127.000000    0.611607
 1137.000000    0.555421
 1147.000000    0.550947
 1157.000000    0.595066
 1167.000000    0.653473
 1177.000000    0.678557
 1187.000000    0.682655
 1197.000000    0.715026
 1207.000000    0.727231
 1217.000000    0.692274
 1227.000000    0.695256
 1237.000000    0.675328
 1247.000000    0.684464
 1257.000000    0.693878
 1267.000000    0.727965
 1277.000000    0.787243
 1287.000000    0.781386
 1297.000000    0.707422
 1307.000000    0.664523
 1317.000000    0.626120
 1327.000000    0.611755
 1337.000000    0.576720
 1347.000000    0.586698
 1357.000000    0.666534
 1367.000000    0.683064
 1377.000000    0.665932
 1387.000000    0.689565
 1397.000000    0.671158
 1407.000000    0.694952
 1417.000000    0.693773
 1427.000000    0.663874
 1437.000000    0.703714
 1447.000000    0.669994
 1457.000000    0.721183
 1467.000000    0.774033
 1477.000000    0.751719
 1487.000000    0.678615
 1497.000000    0.610839
 1507.000000    0.570096
 1517.000000    0.592804
 1527.000000    0.611178
 1537.000000    0.621674
 1547.000000    0.651341
 1557.000000    0.708806
 1567.000000    0.701778
 1577.000000    0.675640
 1587.000000    0.675582
 1597.000000    0.658664
 1607.000000    0.597460
 1617.000000    0.551671
 1627.000000    0.546929
 1637.000000    0.523582
 1647.000000    0.543025
 1657.000000    0.583710
 1667.000000    0.612898
 1677.000000    0.632656
 1687.000000    0.665549
 1697.000000    0.689128
 1707.000000    0.722747
 1717.000000    0.698566
 1727.000000    0.680295
 1737.000000    0.694940
 1747.000000    0.678421
 1757.000000    0.689751
 1767.000000    0.729888
 1777.000000    0.759732
 1787.000000    0.771762
 1797.000000    0.763008
 1807.000000    0.716388
 1817.000000    0.687002
 1827.000000    0.690957
 1837.000000    0.624457
