#  pixel_depth  alphabetafraction   >  Analysis of alpha beta fraction
  186.000000    0.812379
  196.000000    0.811751
  206.000000    0.814569
  216.000000    0.810261
  226.000000    0.808723
  236.000000    0.774042
  246.000000    0.718767
  256.000000    0.683694
  266.000000    0.689380
  276.000000    0.744055
  286.000000    0.729689
  296.000000    0.721360
  306.000000    0.714716
  316.000000    0.720350
  326.000000    0.760451
  336.000000    0.784422
  346.000000    0.811291
  356.000000    0.774583
  366.000000    0.757342
  376.000000    0.726149
  386.000000    0.702702
  396.000000    0.738806
  406.000000    0.728168
  416.000000    0.763556
  426.000000    0.796699
  436.000000    0.769187
  446.000000    0.777251
  456.000000    0.725612
  466.000000    0.666258
  476.000000    0.708531
  486.000000    0.702082
  496.000000    0.734068
  506.000000    0.771936
  516.000000    0.802398
  526.000000    0.819086
  536.000000    0.766279
  546.000000    0.721245
  556.000000    0.694421
  566.000000    0.698151
  576.000000    0.789157
  586.000000    0.782244
  596.000000    0.774827
  606.000000    0.753640
  616.000000    0.731232
  626.000000    0.745252
  636.000000    0.722778
  646.000000    0.747679
  656.000000    0.733213
  666.000000    0.749592
  676.000000    0.752742
  686.000000    0.749069
  696.000000    0.761800
  706.000000    0.748428
  716.000000    0.745094
  726.000000    0.744944
  736.000000    0.715187
  746.000000    0.722533
  756.000000    0.755180
  766.000000    0.775891
  776.000000    0.775795
  786.000000    0.764209
  796.000000    0.785288
  806.000000    0.776007
  816.000000    0.793141
  826.000000    0.805150
  836.000000    0.790807
  846.000000    0.802878
  856.000000    0.818146
  866.000000    0.796274
  876.000000    0.778427
  886.000000    0.814965
  896.000000    0.765925
  906.000000    0.716455
  916.000000    0.706100
  926.000000    0.695135
  936.000000    0.717315
  946.000000    0.702716
  956.000000    0.739859
  966.000000    0.765193
  976.000000    0.758339
  986.000000    0.781373
  996.000000    0.784855
 1006.000000    0.809539
 1016.000000    0.828501
 1026.000000    0.810262
 1036.000000    0.765903
 1046.000000    0.748889
 1056.000000    0.754250
 1066.000000    0.747428
 1076.000000    0.710026
 1086.000000    0.754144
 1096.000000    0.767589
 1106.000000    0.797138
 1116.000000    0.836599
 1126.000000    0.821822
 1136.000000    0.763827
 1146.000000    0.711992
 1156.000000    0.747353
 1166.000000    0.729243
 1176.000000    0.768358
 1186.000000    0.762448
 1196.000000    0.775863
 1206.000000    0.796950
 1216.000000    0.844066
 1226.000000    0.876833
 1236.000000    0.879266
 1246.000000    0.841564
 1256.000000    0.740424
 1266.000000    0.692940
 1276.000000    0.729700
 1286.000000    0.746632
 1296.000000    0.735873
 1306.000000    0.800953
 1316.000000    0.827684
 1326.000000    0.817560
 1336.000000    0.810448
 1346.000000    0.788951
 1356.000000    0.746359
 1366.000000    0.709733
 1376.000000    0.727575
 1386.000000    0.710431
 1396.000000    0.740756
 1406.000000    0.699159
 1416.000000    0.742753
 1426.000000    0.751020
 1436.000000    0.681460
 1446.000000    0.702165
 1456.000000    0.731355
 1466.000000    0.752333
 1476.000000    0.738892
 1486.000000    0.715623
 1496.000000    0.679634
 1506.000000    0.728774
 1516.000000    0.743682
 1526.000000    0.758934
 1536.000000    0.784183
 1546.000000    0.753041
 1556.000000    0.708749
 1566.000000    0.712082
 1576.000000    0.733376
 1586.000000    0.779981
 1596.000000    0.735723
 1606.000000    0.721103
 1616.000000    0.768314
 1626.000000    0.759332
 1636.000000    0.770009
 1646.000000    0.768619
 1656.000000    0.751793
 1666.000000    0.737764
 1676.000000    0.673254
 1686.000000    0.677926
 1696.000000    0.782230
 1706.000000    0.784541
 1716.000000    0.756506
 1726.000000    0.714577
 1736.000000    0.713050
 1746.000000    0.706293
 1756.000000    0.745937
 1766.000000    0.740568
 1776.000000    0.732080
 1786.000000    0.696924
 1796.000000    0.690415
 1806.000000    0.644333
 1816.000000    0.684444
 1826.000000    0.743698
 1836.000000    0.769802
 1846.000000    0.794161
 1856.000000    0.806180
 1866.000000    0.746485
 1876.000000    0.712293
 1886.000000    0.709672
 1896.000000    0.733835
 1906.000000    0.732958
 1916.000000    0.700804
 1926.000000    0.723399
 1936.000000    0.777201
