#  pixel_depth  alphabetafraction   >  Analysis of alpha beta fraction
  220.000000    0.690734
  230.000000    0.725554
  240.000000    0.726130
  250.000000    0.711710
  260.000000    0.718226
  270.000000    0.692347
  280.000000    0.723079
  290.000000    0.751529
  300.000000    0.770984
  310.000000    0.758486
  320.000000    0.728590
  330.000000    0.657873
  340.000000    0.645077
  350.000000    0.624142
  360.000000    0.660422
  370.000000    0.697796
  380.000000    0.725235
  390.000000    0.746961
  400.000000    0.770681
  410.000000    0.747125
  420.000000    0.723674
  430.000000    0.731344
  440.000000    0.754047
  450.000000    0.757141
  460.000000    0.700785
  470.000000    0.701915
  480.000000    0.661623
  490.000000    0.628736
  500.000000    0.616382
  510.000000    0.601433
  520.000000    0.701420
  530.000000    0.703017
  540.000000    0.767141
  550.000000    0.736245
  560.000000    0.724192
  570.000000    0.692008
  580.000000    0.742689
  590.000000    0.714664
  600.000000    0.753988
  610.000000    0.675296
  620.000000    0.633399
  630.000000    0.664023
  640.000000    0.702071
  650.000000    0.680408
  660.000000    0.640737
  670.000000    0.688155
  680.000000    0.721462
  690.000000    0.672951
  700.000000    0.661807
  710.000000    0.698537
  720.000000    0.712892
  730.000000    0.758940
  740.000000    0.745874
  750.000000    0.739774
  760.000000    0.712023
  770.000000    0.709738
  780.000000    0.783639
  790.000000    0.763339
  800.000000    0.785807
  810.000000    0.752978
  820.000000    0.704319
  830.000000    0.721266
  840.000000    0.730049
  850.000000    0.725532
  860.000000    0.747075
  870.000000    0.683609
  880.000000    0.664094
  890.000000    0.710857
  900.000000    0.650125
  910.000000    0.603664
  920.000000    0.578610
  930.000000    0.649775
  940.000000    0.717133
  950.000000    0.711696
  960.000000    0.714965
  970.000000    0.697304
  980.000000    0.695085
  990.000000    0.671656
 1000.000000    0.671756
 1010.000000    0.718396
 1020.000000    0.766420
 1030.000000    0.757981
 1040.000000    0.679074
 1050.000000    0.670275
 1060.000000    0.646072
 1070.000000    0.682642
 1080.000000    0.787962
 1090.000000    0.773180
 1100.000000    0.789499
 1110.000000    0.773425
 1120.000000    0.711865
 1130.000000    0.689988
 1140.000000    0.619206
 1150.000000    0.643170
 1160.000000    0.685405
 1170.000000    0.721782
 1180.000000    0.721424
 1190.000000    0.761279
 1200.000000    0.733007
 1210.000000    0.727823
 1220.000000    0.742836
 1230.000000    0.760146
 1240.000000    0.740062
 1250.000000    0.716348
 1260.000000    0.701282
 1270.000000    0.689770
 1280.000000    0.684845
 1290.000000    0.732192
 1300.000000    0.720930
 1310.000000    0.706417
 1320.000000    0.743225
 1330.000000    0.710351
 1340.000000    0.707075
 1350.000000    0.714662
 1360.000000    0.691114
 1370.000000    0.690902
 1380.000000    0.632618
 1390.000000    0.691702
 1400.000000    0.723310
 1410.000000    0.747527
 1420.000000    0.719805
 1430.000000    0.770097
 1440.000000    0.792136
 1450.000000    0.797909
 1460.000000    0.744327
 1470.000000    0.792659
 1480.000000    0.786784
 1490.000000    0.717189
 1500.000000    0.616571
 1510.000000    0.572767
 1520.000000    0.649120
 1530.000000    0.707855
 1540.000000    0.779883
 1550.000000    0.779263
 1560.000000    0.719546
 1570.000000    0.696932
 1580.000000    0.728267
 1590.000000    0.755473
 1600.000000    0.757924
 1610.000000    0.699109
 1620.000000    0.705013
 1630.000000    0.760780
 1640.000000    0.801272
 1650.000000    0.749595
 1660.000000    0.650725
 1670.000000    0.721024
 1680.000000    0.744099
 1690.000000    0.778738
 1700.000000    0.819586
 1710.000000    0.813481
 1720.000000    0.775882
 1730.000000    0.716722
 1740.000000    0.705910
 1750.000000    0.674182
 1760.000000    0.664291
 1770.000000    0.674601
 1780.000000    0.658438
 1790.000000    0.680266
 1800.000000    0.706716
 1810.000000    0.771742
 1820.000000    0.759612
 1830.000000    0.758813
 1840.000000    0.719944
 1850.000000    0.720196
 1860.000000    0.725652
