#  pixel_depth  alphabetafraction   >  Analysis of alpha beta fraction
   49.000000    0.633446
   59.000000    0.653599
   69.000000    0.648193
   79.000000    0.663646
   89.000000    0.648192
   99.000000    0.618830
  109.000000    0.609029
  119.000000    0.629937
  129.000000    0.649017
  139.000000    0.617895
  149.000000    0.611189
  159.000000    0.630323
  169.000000    0.604626
  179.000000    0.629804
  189.000000    0.656232
  199.000000    0.679384
  209.000000    0.678519
  219.000000    0.664088
  229.000000    0.661402
  239.000000    0.654410
  249.000000    0.687685
  259.000000    0.710080
  269.000000    0.676142
  279.000000    0.708583
  289.000000    0.708672
  299.000000    0.711276
  309.000000    0.711804
  319.000000    0.721137
  329.000000    0.688648
  339.000000    0.654550
  349.000000    0.668687
  359.000000    0.717660
  369.000000    0.625971
  379.000000    0.611200
  389.000000    0.655291
  399.000000    0.664951
  409.000000    0.670277
  419.000000    0.686516
  429.000000    0.657978
  439.000000    0.621229
  449.000000    0.594539
  459.000000    0.616669
  469.000000    0.628523
  479.000000    0.638149
  489.000000    0.665451
  499.000000    0.702097
  509.000000    0.746768
  519.000000    0.732503
  529.000000    0.671463
  539.000000    0.650477
  549.000000    0.605836
  559.000000    0.558407
  569.000000    0.597033
  579.000000    0.662839
  589.000000    0.727258
  599.000000    0.753198
  609.000000    0.723220
  619.000000    0.704388
  629.000000    0.671595
  639.000000    0.692403
  649.000000    0.646492
  659.000000    0.609674
  669.000000    0.686683
  679.000000    0.707139
  689.000000    0.719804
  699.000000    0.679631
  709.000000    0.614325
  719.000000    0.691238
  729.000000    0.701622
  739.000000    0.693529
  749.000000    0.639283
  759.000000    0.603032
  769.000000    0.594536
  779.000000    0.589815
  789.000000    0.619761
  799.000000    0.679954
  809.000000    0.700021
  819.000000    0.707506
  829.000000    0.655005
  839.000000    0.658912
  849.000000    0.680613
  859.000000    0.639430
  869.000000    0.644992
  879.000000    0.674322
  889.000000    0.686739
  899.000000    0.700634
  909.000000    0.714561
  919.000000    0.709220
  929.000000    0.689618
  939.000000    0.686064
  949.000000    0.620762
  959.000000    0.592986
  969.000000    0.614337
  979.000000    0.669845
  989.000000    0.719685
  999.000000    0.688742
 1009.000000    0.676557
 1019.000000    0.688450
 1029.000000    0.689344
 1039.000000    0.643754
 1049.000000    0.629851
 1059.000000    0.690131
 1069.000000    0.693323
 1079.000000    0.695353
 1089.000000    0.661312
 1099.000000    0.705555
 1109.000000    0.733985
 1119.000000    0.717090
 1129.000000    0.739500
 1139.000000    0.695672
 1149.000000    0.698984
 1159.000000    0.665016
 1169.000000    0.635247
 1179.000000    0.647920
 1189.000000    0.673615
 1199.000000    0.725176
 1209.000000    0.767021
 1219.000000    0.765368
 1229.000000    0.704571
 1239.000000    0.707763
 1249.000000    0.768867
 1259.000000    0.762768
 1269.000000    0.715664
 1279.000000    0.648470
 1289.000000    0.652501
 1299.000000    0.640947
 1309.000000    0.643958
 1319.000000    0.705909
 1329.000000    0.766120
 1339.000000    0.778386
 1349.000000    0.770163
 1359.000000    0.764670
 1369.000000    0.766272
 1379.000000    0.735031
 1389.000000    0.720117
 1399.000000    0.785172
 1409.000000    0.716224
 1419.000000    0.682664
 1429.000000    0.686479
 1439.000000    0.648934
 1449.000000    0.635861
 1459.000000    0.647041
 1469.000000    0.651425
 1479.000000    0.653479
 1489.000000    0.616188
 1499.000000    0.676117
 1509.000000    0.697136
 1519.000000    0.701521
 1529.000000    0.685088
 1539.000000    0.658713
 1549.000000    0.658409
 1559.000000    0.661984
 1569.000000    0.665113
 1579.000000    0.637373
 1589.000000    0.678716
 1599.000000    0.714933
 1609.000000    0.771046
 1619.000000    0.763019
 1629.000000    0.654580
 1639.000000    0.641977
 1649.000000    0.648258
 1659.000000    0.601169
 1669.000000    0.590274
 1679.000000    0.668468
 1689.000000    0.743807
 1699.000000    0.809587
 1709.000000    0.781664
 1719.000000    0.738894
 1729.000000    0.736249
 1739.000000    0.627720
 1749.000000    0.640154
 1759.000000    0.671973
 1769.000000    0.744575
 1779.000000    0.772355
