#  pixel_depth  alphabetafraction   >  Analysis of alpha beta fraction
   69.000000    0.677945
   79.000000    0.656146
   89.000000    0.619932
   99.000000    0.664715
  109.000000    0.675500
  119.000000    0.706334
  129.000000    0.687267
  139.000000    0.691765
  149.000000    0.671471
  159.000000    0.674669
  169.000000    0.668260
  179.000000    0.681814
  189.000000    0.710762
  199.000000    0.723027
  209.000000    0.754882
  219.000000    0.714129
  229.000000    0.679556
  239.000000    0.626358
  249.000000    0.585535
  259.000000    0.596614
  269.000000    0.591213
  279.000000    0.621020
  289.000000    0.646526
  299.000000    0.659253
  309.000000    0.629489
  319.000000    0.664396
  329.000000    0.762680
  339.000000    0.796380
  349.000000    0.795864
  359.000000    0.794382
  369.000000    0.784692
  379.000000    0.769300
  389.000000    0.772939
  399.000000    0.753889
  409.000000    0.703259
  419.000000    0.676108
  429.000000    0.629697
  439.000000    0.668331
  449.000000    0.647116
  459.000000    0.618358
  469.000000    0.579014
  479.000000    0.569696
  489.000000    0.561188
  499.000000    0.537063
  509.000000    0.530006
  519.000000    0.557630
  529.000000    0.597267
  539.000000    0.661116
  549.000000    0.674222
  559.000000    0.696463
  569.000000    0.701257
  579.000000    0.666292
  589.000000    0.653676
  599.000000    0.603474
  609.000000    0.608570
  619.000000    0.651903
  629.000000    0.634167
  639.000000    0.665848
  649.000000    0.732077
  659.000000    0.789303
  669.000000    0.773754
  679.000000    0.715416
  689.000000    0.732372
  699.000000    0.705824
  709.000000    0.696419
  719.000000    0.656666
  729.000000    0.593436
  739.000000    0.583523
  749.000000    0.614651
  759.000000    0.600633
  769.000000    0.616578
  779.000000    0.608092
  789.000000    0.629318
  799.000000    0.663234
  809.000000    0.696371
  819.000000    0.689764
  829.000000    0.686532
  839.000000    0.671756
  849.000000    0.647391
  859.000000    0.589007
  869.000000    0.553951
  879.000000    0.553533
  889.000000    0.593414
  899.000000    0.631211
  909.000000    0.675164
  919.000000    0.695394
  929.000000    0.694703
  939.000000    0.667117
  949.000000    0.638452
  959.000000    0.593402
  969.000000    0.623933
  979.000000    0.661982
  989.000000    0.709008
  999.000000    0.725098
 1009.000000    0.714285
 1019.000000    0.717421
 1029.000000    0.670872
 1039.000000    0.606750
 1049.000000    0.615166
 1059.000000    0.603680
 1069.000000    0.590786
 1079.000000    0.615998
 1089.000000    0.589226
 1099.000000    0.612050
 1109.000000    0.621095
 1119.000000    0.646080
 1129.000000    0.626022
 1139.000000    0.569385
 1149.000000    0.600782
 1159.000000    0.652648
 1169.000000    0.613489
 1179.000000    0.604607
 1189.000000    0.601495
 1199.000000    0.609361
 1209.000000    0.649452
 1219.000000    0.689218
 1229.000000    0.685830
 1239.000000    0.678947
 1249.000000    0.626035
 1259.000000    0.555007
 1269.000000    0.475376
 1279.000000    0.489083
 1289.000000    0.572389
 1299.000000    0.630847
 1309.000000    0.663477
 1319.000000    0.642161
 1329.000000    0.628750
 1339.000000    0.654242
 1349.000000    0.642012
 1359.000000    0.700111
 1369.000000    0.726251
 1379.000000    0.710385
 1389.000000    0.674486
 1399.000000    0.723559
 1409.000000    0.687734
 1419.000000    0.653676
 1429.000000    0.701696
 1439.000000    0.736112
 1449.000000    0.749603
 1459.000000    0.745836
 1469.000000    0.704084
 1479.000000    0.754373
 1489.000000    0.734174
 1499.000000    0.757293
 1509.000000    0.770445
 1519.000000    0.741780
 1529.000000    0.699948
 1539.000000    0.749513
 1549.000000    0.761306
 1559.000000    0.740889
 1569.000000    0.736799
 1579.000000    0.731506
 1589.000000    0.719793
 1599.000000    0.703388
 1609.000000    0.727547
 1619.000000    0.666983
 1629.000000    0.692434
 1639.000000    0.651924
 1649.000000    0.627529
 1659.000000    0.684062
 1669.000000    0.707263
 1679.000000    0.696324
 1689.000000    0.684713
 1699.000000    0.661280
 1709.000000    0.703255
 1719.000000    0.686571
 1729.000000    0.659252
 1739.000000    0.687065
 1749.000000    0.656234
 1759.000000    0.670428
 1769.000000    0.696036
 1779.000000    0.735455
 1789.000000    0.762397
 1799.000000    0.770032
 1809.000000    0.729436
 1819.000000    0.641982
