#  pixel_depth  alphabetafraction   >  Analysis of alpha beta fraction
   56.000000    0.781052
   66.000000    0.749868
   76.000000    0.669103
   86.000000    0.603391
   96.000000    0.647365
  106.000000    0.684607
  116.000000    0.623904
  126.000000    0.573399
  136.000000    0.628171
  146.000000    0.655199
  156.000000    0.647585
  166.000000    0.585564
  176.000000    0.568931
  186.000000    0.591663
  196.000000    0.611951
  206.000000    0.598319
  216.000000    0.666591
  226.000000    0.669267
  236.000000    0.699658
  246.000000    0.698629
  256.000000    0.652896
  266.000000    0.640308
  276.000000    0.629271
  286.000000    0.577917
  296.000000    0.654688
  306.000000    0.696812
  316.000000    0.663666
  326.000000    0.639504
  336.000000    0.584351
  346.000000    0.567834
  356.000000    0.634178
  366.000000    0.588580
  376.000000    0.591051
  386.000000    0.599925
  396.000000    0.590820
  406.000000    0.580545
  416.000000    0.591391
  426.000000    0.625950
  436.000000    0.621953
  446.000000    0.626810
  456.000000    0.606404
  466.000000    0.619407
  476.000000    0.637852
  486.000000    0.652404
  496.000000    0.647201
  506.000000    0.674858
  516.000000    0.639654
  526.000000    0.624367
  536.000000    0.636396
  546.000000    0.599979
  556.000000    0.620883
  566.000000    0.641760
  576.000000    0.688089
  586.000000    0.702038
  596.000000    0.715260
  606.000000    0.697056
  616.000000    0.636794
  626.000000    0.595733
  636.000000    0.635747
  646.000000    0.689418
  656.000000    0.761272
  666.000000    0.773696
  676.000000    0.715896
  686.000000    0.648450
  696.000000    0.637859
  706.000000    0.702185
  716.000000    0.695339
  726.000000    0.709204
  736.000000    0.734834
  746.000000    0.714121
  756.000000    0.751855
  766.000000    0.775726
  776.000000    0.746817
  786.000000    0.739340
  796.000000    0.708913
  806.000000    0.677164
  816.000000    0.706716
  826.000000    0.672945
  836.000000    0.670855
  846.000000    0.638094
  856.000000    0.589705
  866.000000    0.617618
  876.000000    0.690123
  886.000000    0.718851
  896.000000    0.728189
  906.000000    0.722829
  916.000000    0.677764
  926.000000    0.688670
  936.000000    0.720719
  946.000000    0.784820
  956.000000    0.774947
  966.000000    0.698744
  976.000000    0.634644
  986.000000    0.641136
  996.000000    0.641081
 1006.000000    0.646884
 1016.000000    0.640738
 1026.000000    0.605109
 1036.000000    0.612070
 1046.000000    0.630790
 1056.000000    0.682504
 1066.000000    0.741135
 1076.000000    0.732951
 1086.000000    0.697632
 1096.000000    0.612396
 1106.000000    0.570977
 1116.000000    0.577915
 1126.000000    0.690503
 1136.000000    0.728876
 1146.000000    0.646756
 1156.000000    0.590615
 1166.000000    0.550853
 1176.000000    0.531271
 1186.000000    0.555646
 1196.000000    0.681867
 1206.000000    0.674356
 1216.000000    0.631138
 1226.000000    0.655049
 1236.000000    0.655438
 1246.000000    0.630920
 1256.000000    0.655726
 1266.000000    0.639561
 1276.000000    0.708286
 1286.000000    0.689490
 1296.000000    0.692612
 1306.000000    0.721351
 1316.000000    0.729723
 1326.000000    0.689544
 1336.000000    0.686878
 1346.000000    0.687849
 1356.000000    0.643545
 1366.000000    0.644257
 1376.000000    0.684765
 1386.000000    0.736194
 1396.000000    0.751131
 1406.000000    0.776887
 1416.000000    0.739089
 1426.000000    0.722947
 1436.000000    0.692809
 1446.000000    0.692007
 1456.000000    0.721871
 1466.000000    0.720800
 1476.000000    0.698375
 1486.000000    0.725955
 1496.000000    0.755960
 1506.000000    0.733858
 1516.000000    0.700662
 1526.000000    0.692451
 1536.000000    0.681689
 1546.000000    0.675427
 1556.000000    0.669842
 1566.000000    0.661465
 1576.000000    0.681601
 1586.000000    0.648817
 1596.000000    0.716623
 1606.000000    0.676742
 1616.000000    0.667789
 1626.000000    0.683465
 1636.000000    0.769202
 1646.000000    0.770602
 1656.000000    0.754726
 1666.000000    0.726687
 1676.000000    0.695557
