#  pixel_depth  alphabetafraction   >  Analysis of alpha beta fraction
  126.000000    0.702363
  136.000000    0.736777
  146.000000    0.765576
  156.000000    0.763252
  166.000000    0.784106
  176.000000    0.844618
  186.000000    0.855872
  196.000000    0.778847
  206.000000    0.743765
  216.000000    0.699820
  226.000000    0.718567
  236.000000    0.682220
  246.000000    0.688995
  256.000000    0.651214
  266.000000    0.653832
  276.000000    0.659580
  286.000000    0.637969
  296.000000    0.580230
  306.000000    0.535730
  316.000000    0.520749
  326.000000    0.577752
  336.000000    0.643975
  346.000000    0.656212
  356.000000    0.637019
  366.000000    0.656884
  376.000000    0.681659
  386.000000    0.668135
  396.000000    0.728038
  406.000000    0.744826
  416.000000    0.721704
  426.000000    0.720785
  436.000000    0.782368
  446.000000    0.724380
  456.000000    0.656960
  466.000000    0.631813
  476.000000    0.677777
  486.000000    0.692050
  496.000000    0.703576
  506.000000    0.780075
  516.000000    0.788235
  526.000000    0.797150
  536.000000    0.834163
  546.000000    0.808140
  556.000000    0.758729
  566.000000    0.700510
  576.000000    0.732814
  586.000000    0.718018
  596.000000    0.686642
  606.000000    0.688839
  616.000000    0.601975
  626.000000    0.629039
  636.000000    0.664904
  646.000000    0.648578
  656.000000    0.690519
  666.000000    0.740088
  676.000000    0.742834
  686.000000    0.693515
  696.000000    0.700283
  706.000000    0.686940
  716.000000    0.675414
  726.000000    0.701840
  736.000000    0.676901
  746.000000    0.681447
  756.000000    0.700541
  766.000000    0.711421
  776.000000    0.748660
  786.000000    0.745671
  796.000000    0.792597
  806.000000    0.822412
  816.000000    0.794424
  826.000000    0.796184
  836.000000    0.817047
  846.000000    0.820520
  856.000000    0.767299
  866.000000    0.708870
  876.000000    0.688064
  886.000000    0.719784
  896.000000    0.776566
  906.000000    0.766081
  916.000000    0.718505
  926.000000    0.689316
  936.000000    0.723770
  946.000000    0.729897
  956.000000    0.749223
  966.000000    0.745251
  976.000000    0.737630
  986.000000    0.704478
  996.000000    0.719991
 1006.000000    0.726229
 1016.000000    0.759432
 1026.000000    0.760087
 1036.000000    0.759694
 1046.000000    0.741469
 1056.000000    0.679103
 1066.000000    0.705104
 1076.000000    0.800940
 1086.000000    0.788247
 1096.000000    0.773799
 1106.000000    0.768296
 1116.000000    0.772168
 1126.000000    0.810404
 1136.000000    0.768526
 1146.000000    0.804533
 1156.000000    0.809861
 1166.000000    0.750581
 1176.000000    0.741980
 1186.000000    0.757473
 1196.000000    0.769454
 1206.000000    0.755294
 1216.000000    0.781322
 1226.000000    0.826960
 1236.000000    0.827398
 1246.000000    0.837513
 1256.000000    0.790185
 1266.000000    0.721959
 1276.000000    0.726674
 1286.000000    0.646200
 1296.000000    0.593750
 1306.000000    0.557542
 1316.000000    0.591970
 1326.000000    0.646759
 1336.000000    0.668403
 1346.000000    0.715192
 1356.000000    0.743207
 1366.000000    0.778878
 1376.000000    0.823078
 1386.000000    0.841859
 1396.000000    0.850605
 1406.000000    0.863190
 1416.000000    0.844985
 1426.000000    0.758122
 1436.000000    0.716168
 1446.000000    0.670233
 1456.000000    0.548992
 1466.000000    0.521730
 1476.000000    0.552855
 1486.000000    0.531648
 1496.000000    0.666339
 1506.000000    0.722682
 1516.000000    0.716097
 1526.000000    0.724299
 1536.000000    0.714374
 1546.000000    0.702699
 1556.000000    0.751777
 1566.000000    0.787030
 1576.000000    0.824839
 1586.000000    0.784461
 1596.000000    0.757133
 1606.000000    0.767339
 1616.000000    0.728280
 1626.000000    0.694107
 1636.000000    0.648439
 1646.000000    0.686205
 1656.000000    0.687357
 1666.000000    0.665011
 1676.000000    0.710079
 1686.000000    0.693827
 1696.000000    0.665818
 1706.000000    0.643680
 1716.000000    0.611827
 1726.000000    0.639405
 1736.000000    0.716416
 1746.000000    0.817723
 1756.000000    0.837190
 1766.000000    0.828908
 1776.000000    0.798136
 1786.000000    0.767818
 1796.000000    0.761850
 1806.000000    0.737981
 1816.000000    0.720407
 1826.000000    0.692211
 1836.000000    0.686833
 1846.000000    0.682211
 1856.000000    0.727934
 1866.000000    0.762910
 1876.000000    0.762900
 1886.000000    0.715663
 1896.000000    0.695340
 1906.000000    0.674575
 1916.000000    0.698479
 1926.000000    0.668334
 1936.000000    0.710281
