#  pixel_depth  alphabetafraction   >  Analysis of alpha beta fraction
  164.000000    0.815026
  174.000000    0.840063
  184.000000    0.849707
  194.000000    0.860864
  204.000000    0.820621
  214.000000    0.799936
  224.000000    0.766048
  234.000000    0.791444
  244.000000    0.759422
  254.000000    0.781886
  264.000000    0.733197
  274.000000    0.687811
  284.000000    0.711725
  294.000000    0.755146
  304.000000    0.759558
  314.000000    0.793990
  324.000000    0.792069
  334.000000    0.819905
  344.000000    0.846957
  354.000000    0.831438
  364.000000    0.819644
  374.000000    0.802707
  384.000000    0.781810
  394.000000    0.785233
  404.000000    0.793342
  414.000000    0.753061
  424.000000    0.748735
  434.000000    0.767648
  444.000000    0.772449
  454.000000    0.833784
  464.000000    0.827675
  474.000000    0.799717
  484.000000    0.762427
  494.000000    0.736712
  504.000000    0.716975
  514.000000    0.764805
  524.000000    0.751064
  534.000000    0.689663
  544.000000    0.678310
  554.000000    0.700345
  564.000000    0.780285
  574.000000    0.782405
  584.000000    0.761806
  594.000000    0.744873
  604.000000    0.746444
  614.000000    0.749435
  624.000000    0.759578
  634.000000    0.762228
  644.000000    0.746053
  654.000000    0.756116
  664.000000    0.760219
  674.000000    0.752115
  684.000000    0.777417
  694.000000    0.769564
  704.000000    0.710497
  714.000000    0.720283
  724.000000    0.722263
  734.000000    0.718634
  744.000000    0.733941
  754.000000    0.809662
  764.000000    0.820629
  774.000000    0.815440
  784.000000    0.832477
  794.000000    0.796613
  804.000000    0.709832
  814.000000    0.710731
  824.000000    0.721172
  834.000000    0.757107
  844.000000    0.772392
  854.000000    0.794270
  864.000000    0.786225
  874.000000    0.798078
  884.000000    0.817618
  894.000000    0.815828
  904.000000    0.787766
  914.000000    0.768742
  924.000000    0.795220
  934.000000    0.785471
  944.000000    0.747353
  954.000000    0.725970
  964.000000    0.756302
  974.000000    0.773860
  984.000000    0.757920
  994.000000    0.728611
 1004.000000    0.736454
 1014.000000    0.766100
 1024.000000    0.792383
 1034.000000    0.797492
 1044.000000    0.846846
 1054.000000    0.841391
 1064.000000    0.774634
 1074.000000    0.739997
 1084.000000    0.737496
 1094.000000    0.768448
 1104.000000    0.828877
 1114.000000    0.807480
 1124.000000    0.772161
 1134.000000    0.737149
 1144.000000    0.709291
 1154.000000    0.767402
 1164.000000    0.790161
 1174.000000    0.787415
 1184.000000    0.779289
 1194.000000    0.777992
 1204.000000    0.789077
 1214.000000    0.785819
 1224.000000    0.771371
 1234.000000    0.813515
 1244.000000    0.796987
 1254.000000    0.837944
 1264.000000    0.863244
 1274.000000    0.809045
 1284.000000    0.838732
 1294.000000    0.843490
 1304.000000    0.822876
 1314.000000    0.767604
 1324.000000    0.743920
 1334.000000    0.724820
 1344.000000    0.733576
 1354.000000    0.715098
 1364.000000    0.716501
 1374.000000    0.711707
 1384.000000    0.715554
 1394.000000    0.730817
 1404.000000    0.797127
 1414.000000    0.814664
 1424.000000    0.831871
 1434.000000    0.792828
 1444.000000    0.771165
 1454.000000    0.802778
 1464.000000    0.794314
 1474.000000    0.729813
 1484.000000    0.786743
 1494.000000    0.787173
 1504.000000    0.799330
 1514.000000    0.801370
 1524.000000    0.785250
 1534.000000    0.780360
 1544.000000    0.781783
 1554.000000    0.781916
 1564.000000    0.745613
 1574.000000    0.745247
 1584.000000    0.770938
 1594.000000    0.767745
 1604.000000    0.754277
 1614.000000    0.824156
 1624.000000    0.851906
 1634.000000    0.873072
 1644.000000    0.830640
 1654.000000    0.785402
 1664.000000    0.793138
 1674.000000    0.789776
 1684.000000    0.735947
 1694.000000    0.679697
 1704.000000    0.666835
 1714.000000    0.677998
 1724.000000    0.720453
 1734.000000    0.735925
 1744.000000    0.809097
 1754.000000    0.829552
 1764.000000    0.819582
 1774.000000    0.827159
 1784.000000    0.828832
 1794.000000    0.809563
 1804.000000    0.820815
 1814.000000    0.788988
 1824.000000    0.775280
 1834.000000    0.758279
 1844.000000    0.713170
 1854.000000    0.728202
 1864.000000    0.781713
 1874.000000    0.816634
 1884.000000    0.843439
 1894.000000    0.826278
 1904.000000    0.801797
 1914.000000    0.798288
 1924.000000    0.807509
 1934.000000    0.759867
