#  pixel_depth  alphabetafraction   >  Analysis of alpha beta fraction
   51.000000    0.731015
   61.000000    0.707587
   71.000000    0.691821
   81.000000    0.664614
   91.000000    0.646780
  101.000000    0.665018
  111.000000    0.672985
  121.000000    0.685387
  131.000000    0.691794
  141.000000    0.657886
  151.000000    0.651324
  161.000000    0.659712
  171.000000    0.663042
  181.000000    0.660750
  191.000000    0.711368
  201.000000    0.752693
  211.000000    0.764237
  221.000000    0.738094
  231.000000    0.713404
  241.000000    0.706086
  251.000000    0.718058
  261.000000    0.751924
  271.000000    0.759721
  281.000000    0.788555
  291.000000    0.811933
  301.000000    0.779987
  311.000000    0.766191
  321.000000    0.773743
  331.000000    0.723877
  341.000000    0.689504
  351.000000    0.701873
  361.000000    0.679569
  371.000000    0.612464
  381.000000    0.649312
  391.000000    0.715868
  401.000000    0.698671
  411.000000    0.655157
  421.000000    0.654291
  431.000000    0.706623
  441.000000    0.693711
  451.000000    0.704888
  461.000000    0.692839
  471.000000    0.621266
  481.000000    0.575122
  491.000000    0.594971
  501.000000    0.617792
  511.000000    0.647898
  521.000000    0.656733
  531.000000    0.719283
  541.000000    0.769485
  551.000000    0.794896
  561.000000    0.810064
  571.000000    0.796350
  581.000000    0.746922
  591.000000    0.702835
  601.000000    0.714934
  611.000000    0.758400
  621.000000    0.792900
  631.000000    0.800828
  641.000000    0.783464
  651.000000    0.822535
  661.000000    0.798450
  671.000000    0.813573
  681.000000    0.811600
  691.000000    0.773172
  701.000000    0.778434
  711.000000    0.754254
  721.000000    0.757460
  731.000000    0.735783
  741.000000    0.777355
  751.000000    0.751484
  761.000000    0.740364
  771.000000    0.779106
  781.000000    0.781301
  791.000000    0.834340
  801.000000    0.804018
  811.000000    0.805894
  821.000000    0.811594
  831.000000    0.763906
  841.000000    0.742619
  851.000000    0.779296
  861.000000    0.747645
  871.000000    0.726667
  881.000000    0.774858
  891.000000    0.807458
  901.000000    0.824116
  911.000000    0.772737
  921.000000    0.755261
  931.000000    0.720897
  941.000000    0.702575
  951.000000    0.712757
  961.000000    0.711837
  971.000000    0.709368
  981.000000    0.686501
  991.000000    0.706560
 1001.000000    0.705241
 1011.000000    0.680025
 1021.000000    0.720919
 1031.000000    0.746310
 1041.000000    0.762999
 1051.000000    0.680481
 1061.000000    0.660012
 1071.000000    0.597809
 1081.000000    0.602527
 1091.000000    0.591112
 1101.000000    0.637861
 1111.000000    0.595055
 1121.000000    0.579561
 1131.000000    0.582966
 1141.000000    0.638179
 1151.000000    0.672732
 1161.000000    0.708090
 1171.000000    0.710210
 1181.000000    0.713368
 1191.000000    0.751452
 1201.000000    0.767722
 1211.000000    0.713782
 1221.000000    0.652393
 1231.000000    0.633420
 1241.000000    0.676047
 1251.000000    0.709654
 1261.000000    0.724608
 1271.000000    0.733958
 1281.000000    0.729932
 1291.000000    0.710204
 1301.000000    0.754970
 1311.000000    0.773830
 1321.000000    0.738909
 1331.000000    0.734233
 1341.000000    0.711427
 1351.000000    0.669912
 1361.000000    0.643514
 1371.000000    0.651019
 1381.000000    0.675961
 1391.000000    0.705303
 1401.000000    0.657882
 1411.000000    0.619460
 1421.000000    0.628930
 1431.000000    0.662284
 1441.000000    0.662988
 1451.000000    0.689953
 1461.000000    0.708040
 1471.000000    0.727320
 1481.000000    0.739046
 1491.000000    0.752948
 1501.000000    0.739175
 1511.000000    0.708173
 1521.000000    0.690294
 1531.000000    0.675021
 1541.000000    0.690469
 1551.000000    0.735957
 1561.000000    0.713740
 1571.000000    0.743716
 1581.000000    0.739365
 1591.000000    0.783468
 1601.000000    0.767533
 1611.000000    0.758627
 1621.000000    0.764707
 1631.000000    0.777536
 1641.000000    0.735556
 1651.000000    0.758891
 1661.000000    0.746688
 1671.000000    0.700050
 1681.000000    0.690015
 1691.000000    0.712083
 1701.000000    0.773577
 1711.000000    0.819891
 1721.000000    0.788349
 1731.000000    0.766833
 1741.000000    0.819256
 1751.000000    0.840948
 1761.000000    0.808536
 1771.000000    0.827796
