#  pixel_depth  alphabetafraction   >  Analysis of alpha beta fraction
   41.000000    0.898570
   51.000000    0.819974
   61.000000    0.799250
   71.000000    0.767541
   81.000000    0.757419
   91.000000    0.761500
  101.000000    0.813447
  111.000000    0.811024
  121.000000    0.828984
  131.000000    0.763784
  141.000000    0.752478
  151.000000    0.743521
  161.000000    0.733454
  171.000000    0.741582
  181.000000    0.792069
  191.000000    0.774179
  201.000000    0.782772
  211.000000    0.779356
  221.000000    0.714142
  231.000000    0.712721
  241.000000    0.670831
  251.000000    0.665278
  261.000000    0.653723
  271.000000    0.634639
  281.000000    0.656240
  291.000000    0.661523
  301.000000    0.619915
  311.000000    0.651836
  321.000000    0.653627
  331.000000    0.690843
  341.000000    0.718747
  351.000000    0.723250
  361.000000    0.655064
  371.000000    0.575720
  381.000000    0.578778
  391.000000    0.574517
  401.000000    0.628009
  411.000000    0.698125
  421.000000    0.787000
  431.000000    0.776800
  441.000000    0.765025
  451.000000    0.752882
  461.000000    0.706646
  471.000000    0.719967
  481.000000    0.693973
  491.000000    0.605034
  501.000000    0.679868
  511.000000    0.696332
  521.000000    0.723086
  531.000000    0.738073
  541.000000    0.716925
  551.000000    0.718394
  561.000000    0.695513
  571.000000    0.657239
  581.000000    0.682532
  591.000000    0.689514
  601.000000    0.664120
  611.000000    0.648964
  621.000000    0.689534
  631.000000    0.701651
  641.000000    0.732575
  651.000000    0.693462
  661.000000    0.695934
  671.000000    0.666941
  681.000000    0.655377
  691.000000    0.634853
  701.000000    0.689719
  711.000000    0.670468
  721.000000    0.734384
  731.000000    0.707723
  741.000000    0.611409
  751.000000    0.532998
  761.000000    0.565004
  771.000000    0.664767
  781.000000    0.642737
  791.000000    0.642119
  801.000000    0.640469
  811.000000    0.649192
  821.000000    0.702622
  831.000000    0.727395
  841.000000    0.753886
  851.000000    0.817202
  861.000000    0.788477
  871.000000    0.787502
  881.000000    0.742880
  891.000000    0.725589
  901.000000    0.723284
  911.000000    0.719510
  921.000000    0.626556
  931.000000    0.672225
  941.000000    0.698152
  951.000000    0.711375
  961.000000    0.692908
  971.000000    0.676276
  981.000000    0.636833
  991.000000    0.670466
 1001.000000    0.667625
 1011.000000    0.726395
 1021.000000    0.734777
 1031.000000    0.749525
 1041.000000    0.783991
 1051.000000    0.714853
 1061.000000    0.714794
 1071.000000    0.679328
 1081.000000    0.621865
 1091.000000    0.650184
 1101.000000    0.634034
 1111.000000    0.608992
 1121.000000    0.616186
 1131.000000    0.689322
 1141.000000    0.726486
 1151.000000    0.820068
 1161.000000    0.851017
 1171.000000    0.842487
 1181.000000    0.878924
 1191.000000    0.802335
 1201.000000    0.758089
 1211.000000    0.690408
 1221.000000    0.650570
 1231.000000    0.695597
 1241.000000    0.729221
 1251.000000    0.721753
 1261.000000    0.733188
 1271.000000    0.716413
 1281.000000    0.753820
 1291.000000    0.741093
 1301.000000    0.729145
 1311.000000    0.710632
 1321.000000    0.733115
 1331.000000    0.673933
 1341.000000    0.719932
 1351.000000    0.742030
 1361.000000    0.727694
 1371.000000    0.717049
 1381.000000    0.663065
 1391.000000    0.660730
 1401.000000    0.674706
 1411.000000    0.662502
 1421.000000    0.695255
 1431.000000    0.671607
 1441.000000    0.699202
 1451.000000    0.693440
 1461.000000    0.707944
 1471.000000    0.701401
 1481.000000    0.686640
 1491.000000    0.706047
 1501.000000    0.698599
 1511.000000    0.689468
 1521.000000    0.719934
 1531.000000    0.707844
 1541.000000    0.753775
 1551.000000    0.718431
 1561.000000    0.673042
 1571.000000    0.731281
 1581.000000    0.695623
 1591.000000    0.692489
 1601.000000    0.685299
 1611.000000    0.717067
 1621.000000    0.710087
 1631.000000    0.710497
 1641.000000    0.703486
 1651.000000    0.736781
 1661.000000    0.721812
 1671.000000    0.702049
 1681.000000    0.653522
 1691.000000    0.630236
 1701.000000    0.618864
 1711.000000    0.605198
 1721.000000    0.619110
 1731.000000    0.637621
 1741.000000    0.672632
 1751.000000    0.727818
 1761.000000    0.674740
 1771.000000    0.665606
 1781.000000    0.648936
 1791.000000    0.585887
 1801.000000    0.591673
 1811.000000    0.638654
 1821.000000    0.649861
 1831.000000    0.689266
 1841.000000    0.682932
 1851.000000    0.641997
 1861.000000    0.585573
 1871.000000    0.601050
