#  pixel_depth  alphabetafraction   >  Analysis of alpha beta fraction
  158.000000    0.751051
  168.000000    0.684691
  178.000000    0.644387
  188.000000    0.640797
  198.000000    0.667401
  208.000000    0.646442
  218.000000    0.673806
  228.000000    0.650445
  238.000000    0.568702
  248.000000    0.587232
  258.000000    0.673913
  268.000000    0.690168
  278.000000    0.712470
  288.000000    0.710158
  298.000000    0.750541
  308.000000    0.686281
  318.000000    0.702414
  328.000000    0.647408
  338.000000    0.671300
  348.000000    0.726133
  358.000000    0.793676
  368.000000    0.796876
  378.000000    0.801455
  388.000000    0.793761
  398.000000    0.787477
  408.000000    0.738975
  418.000000    0.694471
  428.000000    0.637987
  438.000000    0.688058
  448.000000    0.665403
  458.000000    0.621611
  468.000000    0.579509
  478.000000    0.605697
  488.000000    0.673876
  498.000000    0.747050
  508.000000    0.751431
  518.000000    0.725432
  528.000000    0.643685
  538.000000    0.632571
  548.000000    0.634779
  558.000000    0.612291
  568.000000    0.591015
  578.000000    0.593455
  588.000000    0.568327
  598.000000    0.577997
  608.000000    0.591663
  618.000000    0.602046
  628.000000    0.660752
  638.000000    0.690544
  648.000000    0.727174
  658.000000    0.732864
  668.000000    0.740337
  678.000000    0.738080
  688.000000    0.714829
  698.000000    0.697659
  708.000000    0.665743
  718.000000    0.631211
  728.000000    0.595753
  738.000000    0.597567
  748.000000    0.619215
  758.000000    0.660735
  768.000000    0.713024
  778.000000    0.684612
  788.000000    0.582745
  798.000000    0.555185
  808.000000    0.548380
  818.000000    0.529194
  828.000000    0.583631
  838.000000    0.622699
  848.000000    0.643557
  858.000000    0.636048
  868.000000    0.648486
  878.000000    0.665609
  888.000000    0.679310
  898.000000    0.711572
  908.000000    0.698955
  918.000000    0.631231
  928.000000    0.567016
  938.000000    0.557421
  948.000000    0.559225
  958.000000    0.567766
  968.000000    0.570709
  978.000000    0.606480
  988.000000    0.621643
  998.000000    0.670730
 1008.000000    0.687129
 1018.000000    0.727007
 1028.000000    0.726371
 1038.000000    0.745269
 1048.000000    0.725199
 1058.000000    0.678428
 1068.000000    0.599400
 1078.000000    0.577489
 1088.000000    0.593927
 1098.000000    0.564168
 1108.000000    0.557680
 1118.000000    0.585887
 1128.000000    0.613565
 1138.000000    0.643223
 1148.000000    0.700648
 1158.000000    0.729857
 1168.000000    0.737178
 1178.000000    0.794581
 1188.000000    0.778126
 1198.000000    0.786255
 1208.000000    0.686954
 1218.000000    0.624917
 1228.000000    0.551140
 1238.000000    0.650337
 1248.000000    0.731246
 1258.000000    0.740227
 1268.000000    0.711625
 1278.000000    0.736807
 1288.000000    0.764963
 1298.000000    0.730594
 1308.000000    0.661792
 1318.000000    0.691330
 1328.000000    0.693633
 1338.000000    0.684587
 1348.000000    0.652945
 1358.000000    0.609244
 1368.000000    0.657519
 1378.000000    0.664916
 1388.000000    0.681939
 1398.000000    0.747207
 1408.000000    0.717490
 1418.000000    0.644035
 1428.000000    0.594740
 1438.000000    0.602946
 1448.000000    0.601724
 1458.000000    0.617318
 1468.000000    0.653388
 1478.000000    0.647257
 1488.000000    0.639406
 1498.000000    0.679632
 1508.000000    0.713812
 1518.000000    0.723795
 1528.000000    0.776881
 1538.000000    0.820278
 1548.000000    0.794517
 1558.000000    0.735528
 1568.000000    0.725970
 1578.000000    0.701376
 1588.000000    0.674974
 1598.000000    0.612339
 1608.000000    0.624571
 1618.000000    0.637981
 1628.000000    0.706365
 1638.000000    0.728835
 1648.000000    0.690618
 1658.000000    0.697886
 1668.000000    0.718510
 1678.000000    0.778605
 1688.000000    0.751391
 1698.000000    0.745908
 1708.000000    0.763923
 1718.000000    0.741595
 1728.000000    0.732289
 1738.000000    0.796283
 1748.000000    0.726678
 1758.000000    0.713209
 1768.000000    0.704765
 1778.000000    0.684769
