#  pixel_depth  alphabetafraction   >  Analysis of alpha beta fraction
   87.000000    0.729489
   97.000000    0.700095
  107.000000    0.712048
  117.000000    0.766630
  127.000000    0.779911
  137.000000    0.728654
  147.000000    0.722295
  157.000000    0.712965
  167.000000    0.688349
  177.000000    0.684329
  187.000000    0.691418
  197.000000    0.756630
  207.000000    0.720198
  217.000000    0.676609
  227.000000    0.693030
  237.000000    0.707798
  247.000000    0.687093
  257.000000    0.748662
  267.000000    0.740209
  277.000000    0.688935
  287.000000    0.691957
  297.000000    0.707900
  307.000000    0.729880
  317.000000    0.739251
  327.000000    0.723130
  337.000000    0.695872
  347.000000    0.683334
  357.000000    0.742381
  367.000000    0.708914
  377.000000    0.783412
  387.000000    0.834055
  397.000000    0.846797
  407.000000    0.839101
  417.000000    0.834170
  427.000000    0.750443
  437.000000    0.767029
  447.000000    0.793740
  457.000000    0.781646
  467.000000    0.746111
  477.000000    0.735869
  487.000000    0.750727
  497.000000    0.749147
  507.000000    0.743048
  517.000000    0.713253
  527.000000    0.713395
  537.000000    0.746697
  547.000000    0.753482
  557.000000    0.773879
  567.000000    0.767501
  577.000000    0.759329
  587.000000    0.729443
  597.000000    0.764232
  607.000000    0.758618
  617.000000    0.737648
  627.000000    0.711422
  637.000000    0.718478
  647.000000    0.734028
  657.000000    0.771230
  667.000000    0.769778
  677.000000    0.800247
  687.000000    0.821168
  697.000000    0.810037
  707.000000    0.791507
  717.000000    0.759109
  727.000000    0.740683
  737.000000    0.737087
  747.000000    0.729973
  757.000000    0.713747
  767.000000    0.711876
  777.000000    0.718340
  787.000000    0.739268
  797.000000    0.796083
  807.000000    0.800830
  817.000000    0.766320
  827.000000    0.757402
  837.000000    0.730412
  847.000000    0.711145
  857.000000    0.696656
  867.000000    0.737759
  877.000000    0.759287
  887.000000    0.739114
  897.000000    0.729819
  907.000000    0.733526
  917.000000    0.731137
  927.000000    0.706732
  937.000000    0.696371
  947.000000    0.754795
  957.000000    0.712697
  967.000000    0.757768
  977.000000    0.768801
  987.000000    0.734462
  997.000000    0.666060
 1007.000000    0.686319
 1017.000000    0.677644
 1027.000000    0.716617
 1037.000000    0.714682
 1047.000000    0.701514
 1057.000000    0.719300
 1067.000000    0.686040
 1077.000000    0.699544
 1087.000000    0.713121
 1097.000000    0.719093
 1107.000000    0.651566
 1117.000000    0.662024
 1127.000000    0.733673
 1137.000000    0.714442
 1147.000000    0.683092
 1157.000000    0.754239
 1167.000000    0.697775
 1177.000000    0.668190
 1187.000000    0.703447
 1197.000000    0.692683
 1207.000000    0.719187
 1217.000000    0.750066
 1227.000000    0.795280
 1237.000000    0.823188
 1247.000000    0.812574
 1257.000000    0.775548
 1267.000000    0.803838
 1277.000000    0.764849
 1287.000000    0.710608
 1297.000000    0.747999
 1307.000000    0.807057
 1317.000000    0.756399
 1327.000000    0.713503
 1337.000000    0.726249
 1347.000000    0.684365
 1357.000000    0.718884
 1367.000000    0.706640
 1377.000000    0.717820
 1387.000000    0.730282
 1397.000000    0.751945
 1407.000000    0.712914
 1417.000000    0.698171
 1427.000000    0.658131
 1437.000000    0.664202
 1447.000000    0.672440
 1457.000000    0.732460
 1467.000000    0.743830
 1477.000000    0.744565
 1487.000000    0.737480
 1497.000000    0.758152
 1507.000000    0.754009
 1517.000000    0.733897
 1527.000000    0.746953
 1537.000000    0.761210
 1547.000000    0.710093
 1557.000000    0.726078
 1567.000000    0.707653
 1577.000000    0.677367
 1587.000000    0.717184
 1597.000000    0.792961
 1607.000000    0.758736
 1617.000000    0.797859
 1627.000000    0.801218
 1637.000000    0.825466
 1647.000000    0.813367
 1657.000000    0.781198
 1667.000000    0.797058
 1677.000000    0.788428
 1687.000000    0.780185
 1697.000000    0.798562
 1707.000000    0.761756
 1717.000000    0.735949
 1727.000000    0.767355
 1737.000000    0.747614
 1747.000000    0.774944
 1757.000000    0.723355
 1767.000000    0.710029
 1777.000000    0.705491
 1787.000000    0.668098
 1797.000000    0.702112
 1807.000000    0.751857
 1817.000000    0.766279
 1827.000000    0.780938
 1837.000000    0.731848
 1847.000000    0.740683
 1857.000000    0.736357
 1867.000000    0.722351
 1877.000000    0.754931
 1887.000000    0.768855
