#  pixel_depth  alphabetafraction   >  Analysis of alpha beta fraction
  102.000000    0.695807
  112.000000    0.739209
  122.000000    0.772291
  132.000000    0.780347
  142.000000    0.823311
  152.000000    0.839157
  162.000000    0.804649
  172.000000    0.817430
  182.000000    0.839203
  192.000000    0.793178
  202.000000    0.754045
  212.000000    0.710336
  222.000000    0.719471
  232.000000    0.694084
  242.000000    0.746476
  252.000000    0.746784
  262.000000    0.766773
  272.000000    0.776294
  282.000000    0.801170
  292.000000    0.798729
  302.000000    0.807275
  312.000000    0.836786
  322.000000    0.835138
  332.000000    0.844330
  342.000000    0.799759
  352.000000    0.790959
  362.000000    0.858946
  372.000000    0.870427
  382.000000    0.907900
  392.000000    0.910510
  402.000000    0.865349
  412.000000    0.825558
  422.000000    0.802959
  432.000000    0.771354
  442.000000    0.708595
  452.000000    0.647961
  462.000000    0.624018
  472.000000    0.613012
  482.000000    0.643243
  492.000000    0.650276
  502.000000    0.692598
  512.000000    0.725395
  522.000000    0.713843
  532.000000    0.717487
  542.000000    0.741805
  552.000000    0.716093
  562.000000    0.710673
  572.000000    0.745017
  582.000000    0.767958
  592.000000    0.782782
  602.000000    0.778271
  612.000000    0.733849
  622.000000    0.749570
  632.000000    0.783770
  642.000000    0.797962
  652.000000    0.797450
  662.000000    0.759328
  672.000000    0.726002
  682.000000    0.728314
  692.000000    0.733690
  702.000000    0.609768
  712.000000    0.657106
  722.000000    0.676501
  732.000000    0.701639
  742.000000    0.756832
  752.000000    0.773004
  762.000000    0.776949
  772.000000    0.796101
  782.000000    0.751217
  792.000000    0.728994
  802.000000    0.729500
  812.000000    0.729422
  822.000000    0.696042
  832.000000    0.708261
  842.000000    0.699265
  852.000000    0.671480
  862.000000    0.639486
  872.000000    0.645262
  882.000000    0.682896
  892.000000    0.723365
  902.000000    0.777061
  912.000000    0.764098
  922.000000    0.799501
  932.000000    0.849613
  942.000000    0.863706
  952.000000    0.864555
  962.000000    0.839151
  972.000000    0.827636
  982.000000    0.786360
  992.000000    0.806766
 1002.000000    0.810463
 1012.000000    0.763914
 1022.000000    0.737245
 1032.000000    0.658827
 1042.000000    0.590336
 1052.000000    0.637202
 1062.000000    0.651940
 1072.000000    0.706069
 1082.000000    0.733539
 1092.000000    0.792074
 1102.000000    0.784929
 1112.000000    0.826083
 1122.000000    0.809298
 1132.000000    0.793904
 1142.000000    0.787139
 1152.000000    0.776045
 1162.000000    0.738305
 1172.000000    0.677953
 1182.000000    0.713642
 1192.000000    0.770115
 1202.000000    0.767315
 1212.000000    0.779559
 1222.000000    0.717317
 1232.000000    0.718398
 1242.000000    0.759421
 1252.000000    0.788738
 1262.000000    0.838677
 1272.000000    0.861521
 1282.000000    0.863513
 1292.000000    0.840632
 1302.000000    0.843515
 1312.000000    0.838944
 1322.000000    0.794655
 1332.000000    0.770416
 1342.000000    0.743135
 1352.000000    0.779602
 1362.000000    0.746811
 1372.000000    0.692200
 1382.000000    0.680463
 1392.000000    0.630179
 1402.000000    0.637538
 1412.000000    0.699678
 1422.000000    0.715252
 1432.000000    0.710912
 1442.000000    0.738415
 1452.000000    0.768334
 1462.000000    0.805415
 1472.000000    0.785268
 1482.000000    0.812943
 1492.000000    0.830724
 1502.000000    0.859346
 1512.000000    0.771311
 1522.000000    0.690310
 1532.000000    0.735043
 1542.000000    0.752038
 1552.000000    0.763121
 1562.000000    0.770863
 1572.000000    0.809364
 1582.000000    0.832539
 1592.000000    0.820018
 1602.000000    0.781487
 1612.000000    0.792401
 1622.000000    0.799236
 1632.000000    0.813666
 1642.000000    0.860038
 1652.000000    0.832768
 1662.000000    0.842642
 1672.000000    0.828428
 1682.000000    0.812620
 1692.000000    0.807375
 1702.000000    0.769240
 1712.000000    0.738744
 1722.000000    0.761933
 1732.000000    0.756652
 1742.000000    0.758044
 1752.000000    0.706408
 1762.000000    0.677098
 1772.000000    0.643635
 1782.000000    0.657441
 1792.000000    0.680271
 1802.000000    0.686890
 1812.000000    0.720317
 1822.000000    0.718272
 1832.000000    0.687067
 1842.000000    0.701594
 1852.000000    0.698869
 1862.000000    0.696575
 1872.000000    0.716447
 1882.000000    0.724892
 1892.000000    0.764513
 1902.000000    0.771422
