#  pixel_depth  alphabetafraction   >  Analysis of alpha beta fraction
  132.000000    0.564189
  142.000000    0.610157
  152.000000    0.657668
  162.000000    0.659367
  172.000000    0.653372
  182.000000    0.640640
  192.000000    0.613138
  202.000000    0.632402
  212.000000    0.672905
  222.000000    0.682506
  232.000000    0.740029
  242.000000    0.778264
  252.000000    0.749167
  262.000000    0.657833
  272.000000    0.619941
  282.000000    0.611309
  292.000000    0.575046
  302.000000    0.620424
  312.000000    0.632011
  322.000000    0.650796
  332.000000    0.603290
  342.000000    0.581269
  352.000000    0.601770
  362.000000    0.585747
  372.000000    0.583591
  382.000000    0.536601
  392.000000    0.539112
  402.000000    0.560668
  412.000000    0.556891
  422.000000    0.590291
  432.000000    0.581070
  442.000000    0.535956
  452.000000    0.558262
  462.000000    0.545891
  472.000000    0.579451
  482.000000    0.648084
  492.000000    0.718716
  502.000000    0.766989
  512.000000    0.768648
  522.000000    0.737244
  532.000000    0.713008
  542.000000    0.699239
  552.000000    0.689649
  562.000000    0.648408
  572.000000    0.592250
  582.000000    0.535218
  592.000000    0.508723
  602.000000    0.529584
  612.000000    0.627378
  622.000000    0.740400
  632.000000    0.752266
  642.000000    0.761583
  652.000000    0.769662
  662.000000    0.752356
  672.000000    0.719617
  682.000000    0.663990
  692.000000    0.612745
  702.000000    0.613276
  712.000000    0.643080
  722.000000    0.648691
  732.000000    0.580321
  742.000000    0.605680
  752.000000    0.614174
  762.000000    0.619908
  772.000000    0.716284
  782.000000    0.718305
  792.000000    0.677880
  802.000000    0.654735
  812.000000    0.702788
  822.000000    0.784534
  832.000000    0.822704
  842.000000    0.859007
  852.000000    0.840100
  862.000000    0.797792
  872.000000    0.746441
  882.000000    0.671709
  892.000000    0.685454
  902.000000    0.692095
  912.000000    0.631634
  922.000000    0.587920
  932.000000    0.598420
  942.000000    0.621939
  952.000000    0.585334
  962.000000    0.560505
  972.000000    0.550589
  982.000000    0.538924
  992.000000    0.552894
 1002.000000    0.625765
 1012.000000    0.749085
 1022.000000    0.814298
 1032.000000    0.802205
 1042.000000    0.792438
 1052.000000    0.774067
 1062.000000    0.729665
 1072.000000    0.683358
 1082.000000    0.693143
 1092.000000    0.690530
 1102.000000    0.669210
 1112.000000    0.638113
 1122.000000    0.622536
 1132.000000    0.564368
 1142.000000    0.582964
 1152.000000    0.546528
 1162.000000    0.591918
 1172.000000    0.705647
 1182.000000    0.745235
 1192.000000    0.823961
 1202.000000    0.762780
 1212.000000    0.665000
 1222.000000    0.633810
 1232.000000    0.596438
 1242.000000    0.557884
 1252.000000    0.582924
 1262.000000    0.551455
 1272.000000    0.588920
 1282.000000    0.626536
 1292.000000    0.662410
 1302.000000    0.714930
 1312.000000    0.761993
 1322.000000    0.769276
 1332.000000    0.754324
 1342.000000    0.704956
 1352.000000    0.677666
 1362.000000    0.687730
 1372.000000    0.615402
 1382.000000    0.655320
 1392.000000    0.641993
 1402.000000    0.671467
 1412.000000    0.679117
 1422.000000    0.689251
 1432.000000    0.682390
 1442.000000    0.635702
 1452.000000    0.637415
 1462.000000    0.661286
 1472.000000    0.674419
 1482.000000    0.761236
 1492.000000    0.779937
 1502.000000    0.750549
 1512.000000    0.747074
 1522.000000    0.766558
 1532.000000    0.751716
 1542.000000    0.688024
 1552.000000    0.705442
 1562.000000    0.672402
 1572.000000    0.664483
 1582.000000    0.686815
 1592.000000    0.699453
 1602.000000    0.671127
 1612.000000    0.698342
 1622.000000    0.707820
 1632.000000    0.732490
 1642.000000    0.716077
 1652.000000    0.690229
 1662.000000    0.659603
 1672.000000    0.633124
 1682.000000    0.605775
 1692.000000    0.549591
 1702.000000    0.532843
 1712.000000    0.591788
 1722.000000    0.631469
 1732.000000    0.661646
 1742.000000    0.703602
 1752.000000    0.736883
 1762.000000    0.736157
 1772.000000    0.763060
 1782.000000    0.752239
 1792.000000    0.723278
 1802.000000    0.629451
 1812.000000    0.542014
 1822.000000    0.528505
 1832.000000    0.564789
 1842.000000    0.591449
 1852.000000    0.572605
 1862.000000    0.681182
 1872.000000    0.724614
 1882.000000    0.745381
 1892.000000    0.755285
 1902.000000    0.715051
