#  pixel_depth  alphabetafraction   >  Analysis of alpha beta fraction
   93.000000    0.721118
  103.000000    0.762015
  113.000000    0.721674
  123.000000    0.705480
  133.000000    0.695926
  143.000000    0.698389
  153.000000    0.671819
  163.000000    0.623964
  173.000000    0.597499
  183.000000    0.619383
  193.000000    0.644634
  203.000000    0.668739
  213.000000    0.664320
  223.000000    0.624231
  233.000000    0.633581
  243.000000    0.606301
  253.000000    0.563372
  263.000000    0.520244
  273.000000    0.518062
  283.000000    0.513621
  293.000000    0.607978
  303.000000    0.653967
  313.000000    0.632839
  323.000000    0.618859
  333.000000    0.590945
  343.000000    0.534954
  353.000000    0.566020
  363.000000    0.558815
  373.000000    0.545799
  383.000000    0.574670
  393.000000    0.620556
  403.000000    0.596755
  413.000000    0.536129
  423.000000    0.559045
  433.000000    0.558871
  443.000000    0.570459
  453.000000    0.548100
  463.000000    0.554368
  473.000000    0.605843
  483.000000    0.651485
  493.000000    0.653667
  503.000000    0.645492
  513.000000    0.670972
  523.000000    0.637096
  533.000000    0.661348
  543.000000    0.636545
  553.000000    0.614201
  563.000000    0.607875
  573.000000    0.608717
  583.000000    0.617156
  593.000000    0.602841
  603.000000    0.623702
  613.000000    0.633338
  623.000000    0.592441
  633.000000    0.566570
  643.000000    0.563566
  653.000000    0.621442
  663.000000    0.600199
  673.000000    0.720764
  683.000000    0.728091
  693.000000    0.704853
  703.000000    0.668920
  713.000000    0.623469
  723.000000    0.609236
  733.000000    0.591181
  743.000000    0.564489
  753.000000    0.478520
  763.000000    0.525043
  773.000000    0.571919
  783.000000    0.585981
  793.000000    0.564235
  803.000000    0.492065
  813.000000    0.518588
  823.000000    0.584017
  833.000000    0.584845
  843.000000    0.591662
  853.000000    0.581982
  863.000000    0.584104
  873.000000    0.608534
  883.000000    0.671061
  893.000000    0.581670
  903.000000    0.607199
  913.000000    0.612801
  923.000000    0.631149
  933.000000    0.601993
  943.000000    0.603181
  953.000000    0.576313
  963.000000    0.586358
  973.000000    0.611241
  983.000000    0.607559
  993.000000    0.631204
 1003.000000    0.716811
 1013.000000    0.739724
 1023.000000    0.739447
 1033.000000    0.706433
 1043.000000    0.627275
 1053.000000    0.633295
 1063.000000    0.581524
 1073.000000    0.560118
 1083.000000    0.624655
 1093.000000    0.660198
 1103.000000    0.670875
 1113.000000    0.641118
 1123.000000    0.645144
 1133.000000    0.606364
 1143.000000    0.591177
 1153.000000    0.541770
 1163.000000    0.565939
 1173.000000    0.568844
 1183.000000    0.560304
 1193.000000    0.570665
 1203.000000    0.513330
 1213.000000    0.501451
 1223.000000    0.491169
 1233.000000    0.577452
 1243.000000    0.635480
 1253.000000    0.588731
 1263.000000    0.594998
 1273.000000    0.600471
 1283.000000    0.631357
 1293.000000    0.610493
 1303.000000    0.602747
 1313.000000    0.603471
 1323.000000    0.565982
 1333.000000    0.492870
 1343.000000    0.472109
 1353.000000    0.429012
 1363.000000    0.469680
 1373.000000    0.493690
 1383.000000    0.504554
 1393.000000    0.547739
 1403.000000    0.573285
 1413.000000    0.576659
 1423.000000    0.575991
 1433.000000    0.519680
 1443.000000    0.566284
 1453.000000    0.574881
 1463.000000    0.558189
 1473.000000    0.574746
 1483.000000    0.554907
 1493.000000    0.503986
 1503.000000    0.475616
 1513.000000    0.511335
 1523.000000    0.534897
 1533.000000    0.582248
 1543.000000    0.648382
 1553.000000    0.638273
 1563.000000    0.634979
 1573.000000    0.601801
 1583.000000    0.568520
 1593.000000    0.582518
 1603.000000    0.537884
 1613.000000    0.535560
 1623.000000    0.590340
 1633.000000    0.627746
 1643.000000    0.639975
 1653.000000    0.624922
 1663.000000    0.629123
 1673.000000    0.588683
 1683.000000    0.561325
 1693.000000    0.518478
 1703.000000    0.541321
 1713.000000    0.545465
 1723.000000    0.522436
 1733.000000    0.507568
 1743.000000    0.543340
 1753.000000    0.562060
 1763.000000    0.639533
 1773.000000    0.669861
