#  pixel_depth  alphabetafraction   >  Analysis of alpha beta fraction
   96.000000    0.711787
  106.000000    0.669310
  116.000000    0.687538
  126.000000    0.726694
  136.000000    0.711018
  146.000000    0.665420
  156.000000    0.678813
  166.000000    0.639463
  176.000000    0.626229
  186.000000    0.579899
  196.000000    0.580488
  206.000000    0.602162
  216.000000    0.605536
  226.000000    0.601024
  236.000000    0.606116
  246.000000    0.640148
  256.000000    0.682346
  266.000000    0.648535
  276.000000    0.616808
  286.000000    0.626090
  296.000000    0.619312
  306.000000    0.634871
  316.000000    0.645511
  326.000000    0.640986
  336.000000    0.597262
  346.000000    0.578426
  356.000000    0.613075
  366.000000    0.664234
  376.000000    0.666821
  386.000000    0.656587
  396.000000    0.680737
  406.000000    0.684490
  416.000000    0.636959
  426.000000    0.674538
  436.000000    0.723185
  446.000000    0.739342
  456.000000    0.788526
  466.000000    0.744563
  476.000000    0.689390
  486.000000    0.701587
  496.000000    0.611515
  506.000000    0.699595
  516.000000    0.702034
  526.000000    0.675937
  536.000000    0.651704
  546.000000    0.655361
  556.000000    0.649298
  566.000000    0.738542
  576.000000    0.725189
  586.000000    0.784312
  596.000000    0.795871
  606.000000    0.723964
  616.000000    0.648665
  626.000000    0.686240
  636.000000    0.753078
  646.000000    0.767000
  656.000000    0.709533
  666.000000    0.622581
  676.000000    0.572810
  686.000000    0.635154
  696.000000    0.653416
  706.000000    0.692071
  716.000000    0.731095
  726.000000    0.717285
  736.000000    0.698119
  746.000000    0.685507
  756.000000    0.684527
  766.000000    0.700410
  776.000000    0.723515
  786.000000    0.696542
  796.000000    0.643909
  806.000000    0.638105
  816.000000    0.590869
  826.000000    0.639691
  836.000000    0.655855
  846.000000    0.713326
  856.000000    0.725597
  866.000000    0.712556
  876.000000    0.696873
  886.000000    0.704166
  896.000000    0.760217
  906.000000    0.673893
  916.000000    0.690060
  926.000000    0.705084
  936.000000    0.737031
  946.000000    0.730989
  956.000000    0.736281
  966.000000    0.704969
  976.000000    0.654880
  986.000000    0.593138
  996.000000    0.577506
 1006.000000    0.530351
 1016.000000    0.608285
 1026.000000    0.653087
 1036.000000    0.691080
 1046.000000    0.743661
 1056.000000    0.713580
 1066.000000    0.741605
 1076.000000    0.684111
 1086.000000    0.639899
 1096.000000    0.616324
 1106.000000    0.594189
 1116.000000    0.688228
 1126.000000    0.679788
 1136.000000    0.694777
 1146.000000    0.712438
 1156.000000    0.746987
 1166.000000    0.775797
 1176.000000    0.788074
 1186.000000    0.766119
 1196.000000    0.696713
 1206.000000    0.634290
 1216.000000    0.665543
 1226.000000    0.661832
 1236.000000    0.675396
 1246.000000    0.702932
 1256.000000    0.664405
 1266.000000    0.687011
 1276.000000    0.725015
 1286.000000    0.720688
 1296.000000    0.706406
 1306.000000    0.641542
 1316.000000    0.621791
 1326.000000    0.689863
 1336.000000    0.684026
 1346.000000    0.676829
 1356.000000    0.638124
 1366.000000    0.644434
 1376.000000    0.663695
 1386.000000    0.695899
 1396.000000    0.684124
 1406.000000    0.653358
 1416.000000    0.625907
 1426.000000    0.608328
 1436.000000    0.613341
 1446.000000    0.648792
 1456.000000    0.651574
 1466.000000    0.676305
 1476.000000    0.698143
 1486.000000    0.735182
 1496.000000    0.742553
 1506.000000    0.758140
 1516.000000    0.770688
 1526.000000    0.719126
 1536.000000    0.662890
 1546.000000    0.615666
 1556.000000    0.625921
 1566.000000    0.634397
 1576.000000    0.663385
 1586.000000    0.676846
 1596.000000    0.658592
 1606.000000    0.725048
 1616.000000    0.723881
 1626.000000    0.724431
 1636.000000    0.665313
 1646.000000    0.635682
 1656.000000    0.617618
 1666.000000    0.629737
 1676.000000    0.634601
 1686.000000    0.629575
 1696.000000    0.594775
 1706.000000    0.621591
 1716.000000    0.722499
 1726.000000    0.753882
 1736.000000    0.755097
 1746.000000    0.689352
 1756.000000    0.634245
 1766.000000    0.649273
