#  pixel_depth  alphabetafraction   >  Analysis of alpha beta fraction
  125.000000    0.737604
  135.000000    0.785622
  145.000000    0.789537
  155.000000    0.778856
  165.000000    0.776030
  175.000000    0.767621
  185.000000    0.768463
  195.000000    0.782299
  205.000000    0.785731
  215.000000    0.768123
  225.000000    0.742947
  235.000000    0.738201
  245.000000    0.763124
  255.000000    0.805474
  265.000000    0.811694
  275.000000    0.775773
  285.000000    0.814152
  295.000000    0.779014
  305.000000    0.781485
  315.000000    0.743550
  325.000000    0.696114
  335.000000    0.653228
  345.000000    0.694886
  355.000000    0.728736
  365.000000    0.745564
  375.000000    0.748676
  385.000000    0.757318
  395.000000    0.791061
  405.000000    0.777112
  415.000000    0.749506
  425.000000    0.705626
  435.000000    0.705636
  445.000000    0.708777
  455.000000    0.790415
  465.000000    0.827545
  475.000000    0.828107
  485.000000    0.839741
  495.000000    0.835959
  505.000000    0.777301
  515.000000    0.749780
  525.000000    0.743103
  535.000000    0.740946
  545.000000    0.787172
  555.000000    0.796507
  565.000000    0.833169
  575.000000    0.802120
  585.000000    0.780918
  595.000000    0.732622
  605.000000    0.674343
  615.000000    0.676574
  625.000000    0.723181
  635.000000    0.794742
  645.000000    0.798455
  655.000000    0.771187
  665.000000    0.735733
  675.000000    0.794029
  685.000000    0.811819
  695.000000    0.790074
  705.000000    0.805987
  715.000000    0.809016
  725.000000    0.810249
  735.000000    0.770068
  745.000000    0.801371
  755.000000    0.825770
  765.000000    0.847764
  775.000000    0.838311
  785.000000    0.807207
  795.000000    0.802532
  805.000000    0.749946
  815.000000    0.739336
  825.000000    0.721967
  835.000000    0.693046
  845.000000    0.701834
  855.000000    0.737130
  865.000000    0.715805
  875.000000    0.636014
  885.000000    0.627849
  895.000000    0.706952
  905.000000    0.772611
  915.000000    0.788619
  925.000000    0.811238
  935.000000    0.789754
  945.000000    0.736716
  955.000000    0.683732
  965.000000    0.730047
  975.000000    0.792611
  985.000000    0.844625
  995.000000    0.853914
 1005.000000    0.851534
 1015.000000    0.807742
 1025.000000    0.761458
 1035.000000    0.766177
 1045.000000    0.806152
 1055.000000    0.781733
 1065.000000    0.779265
 1075.000000    0.735372
 1085.000000    0.768219
 1095.000000    0.805212
 1105.000000    0.777099
 1115.000000    0.753805
 1125.000000    0.768638
 1135.000000    0.794523
 1145.000000    0.813661
 1155.000000    0.804082
 1165.000000    0.774413
 1175.000000    0.760038
 1185.000000    0.778410
 1195.000000    0.791989
 1205.000000    0.790199
 1215.000000    0.784751
 1225.000000    0.776543
 1235.000000    0.752584
 1245.000000    0.762488
 1255.000000    0.779865
 1265.000000    0.798516
 1275.000000    0.779968
 1285.000000    0.770203
 1295.000000    0.813203
 1305.000000    0.775070
 1315.000000    0.749534
 1325.000000    0.711284
 1335.000000    0.714046
 1345.000000    0.777654
 1355.000000    0.776884
 1365.000000    0.800510
 1375.000000    0.780453
 1385.000000    0.766461
 1395.000000    0.711804
 1405.000000    0.709807
 1415.000000    0.785819
 1425.000000    0.791145
 1435.000000    0.786256
 1445.000000    0.798383
 1455.000000    0.787309
 1465.000000    0.785556
 1475.000000    0.760444
 1485.000000    0.751893
 1495.000000    0.742347
 1505.000000    0.735000
 1515.000000    0.741838
 1525.000000    0.758702
 1535.000000    0.774192
 1545.000000    0.732990
 1555.000000    0.761485
 1565.000000    0.719690
 1575.000000    0.760117
 1585.000000    0.767526
 1595.000000    0.778045
 1605.000000    0.811759
 1615.000000    0.819702
 1625.000000    0.823350
 1635.000000    0.769566
 1645.000000    0.716185
 1655.000000    0.710903
 1665.000000    0.730469
 1675.000000    0.768181
 1685.000000    0.802335
 1695.000000    0.786992
 1705.000000    0.706929
 1715.000000    0.699427
 1725.000000    0.690035
 1735.000000    0.706809
 1745.000000    0.774406
 1755.000000    0.811008
 1765.000000    0.786139
 1775.000000    0.777324
 1785.000000    0.760897
 1795.000000    0.803205
 1805.000000    0.795593
 1815.000000    0.780531
 1825.000000    0.821856
 1835.000000    0.822155
 1845.000000    0.852898
 1855.000000    0.841834
 1865.000000    0.844628
 1875.000000    0.817675
