#  pixel_depth  alphabetafraction   >  Analysis of alpha beta fraction
   68.000000    0.763393
   78.000000    0.760050
   88.000000    0.755133
   98.000000    0.814065
  108.000000    0.799138
  118.000000    0.842209
  128.000000    0.825625
  138.000000    0.781275
  148.000000    0.800779
  158.000000    0.813341
  168.000000    0.783319
  178.000000    0.745842
  188.000000    0.730951
  198.000000    0.697468
  208.000000    0.652538
  218.000000    0.603157
  228.000000    0.600888
  238.000000    0.629162
  248.000000    0.635925
  258.000000    0.705391
  268.000000    0.750613
  278.000000    0.778295
  288.000000    0.730564
  298.000000    0.726863
  308.000000    0.691419
  318.000000    0.668939
  328.000000    0.679261
  338.000000    0.715950
  348.000000    0.707795
  358.000000    0.715445
  368.000000    0.746169
  378.000000    0.681968
  388.000000    0.687937
  398.000000    0.612616
  408.000000    0.652969
  418.000000    0.649297
  428.000000    0.650573
  438.000000    0.641301
  448.000000    0.572217
  458.000000    0.646126
  468.000000    0.676768
  478.000000    0.713358
  488.000000    0.780146
  498.000000    0.829366
  508.000000    0.833865
  518.000000    0.822183
  528.000000    0.787283
  538.000000    0.752551
  548.000000    0.768834
  558.000000    0.750116
  568.000000    0.749405
  578.000000    0.758415
  588.000000    0.742369
  598.000000    0.711074
  608.000000    0.668563
  618.000000    0.644967
  628.000000    0.638114
  638.000000    0.646875
  648.000000    0.615127
  658.000000    0.661830
  668.000000    0.769822
  678.000000    0.804900
  688.000000    0.815307
  698.000000    0.735283
  708.000000    0.705199
  718.000000    0.616664
  728.000000    0.620399
  738.000000    0.654402
  748.000000    0.663130
  758.000000    0.696359
  768.000000    0.723157
  778.000000    0.732670
  788.000000    0.736496
  798.000000    0.748124
  808.000000    0.754266
  818.000000    0.727627
  828.000000    0.708577
  838.000000    0.641915
  848.000000    0.630387
  858.000000    0.611758
  868.000000    0.625910
  878.000000    0.657761
  888.000000    0.696264
  898.000000    0.660465
  908.000000    0.624180
  918.000000    0.606277
  928.000000    0.608945
  938.000000    0.618694
  948.000000    0.636915
  958.000000    0.621491
  968.000000    0.594638
  978.000000    0.625305
  988.000000    0.695915
  998.000000    0.657155
 1008.000000    0.658876
 1018.000000    0.733882
 1028.000000    0.751836
 1038.000000    0.747333
 1048.000000    0.741558
 1058.000000    0.748599
 1068.000000    0.752569
 1078.000000    0.719308
 1088.000000    0.688163
 1098.000000    0.665030
 1108.000000    0.691567
 1118.000000    0.683605
 1128.000000    0.638839
 1138.000000    0.682545
 1148.000000    0.718032
 1158.000000    0.731187
 1168.000000    0.748942
 1178.000000    0.741091
 1188.000000    0.721968
 1198.000000    0.706719
 1208.000000    0.685320
 1218.000000    0.688963
 1228.000000    0.636062
 1238.000000    0.667791
 1248.000000    0.679463
 1258.000000    0.737283
 1268.000000    0.763550
 1278.000000    0.731480
 1288.000000    0.738895
 1298.000000    0.765521
 1308.000000    0.746543
 1318.000000    0.764275
 1328.000000    0.746320
 1338.000000    0.721081
 1348.000000    0.726685
 1358.000000    0.728216
 1368.000000    0.732829
 1378.000000    0.749415
 1388.000000    0.778357
 1398.000000    0.738811
 1408.000000    0.674891
 1418.000000    0.727223
 1428.000000    0.697288
 1438.000000    0.663200
 1448.000000    0.623629
 1458.000000    0.659840
 1468.000000    0.624178
 1478.000000    0.621989
 1488.000000    0.647381
 1498.000000    0.638857
 1508.000000    0.693112
 1518.000000    0.730649
 1528.000000    0.743909
 1538.000000    0.735097
 1548.000000    0.739272
 1558.000000    0.785097
 1568.000000    0.763487
 1578.000000    0.718549
 1588.000000    0.726674
 1598.000000    0.679743
 1608.000000    0.649611
 1618.000000    0.627988
 1628.000000    0.601031
 1638.000000    0.611006
 1648.000000    0.708243
 1658.000000    0.715328
 1668.000000    0.754541
 1678.000000    0.772559
 1688.000000    0.767715
 1698.000000    0.726920
 1708.000000    0.650706
 1718.000000    0.649174
 1728.000000    0.620066
 1738.000000    0.672124
 1748.000000    0.792174
