#  pixel_depth  alphabetafraction   >  Analysis of alpha beta fraction
  217.000000    0.692116
  227.000000    0.677277
  237.000000    0.721046
  247.000000    0.717278
  257.000000    0.669424
  267.000000    0.641295
  277.000000    0.643270
  287.000000    0.706968
  297.000000    0.736162
  307.000000    0.626476
  317.000000    0.633278
  327.000000    0.659342
  337.000000    0.742381
  347.000000    0.750984
  357.000000    0.750524
  367.000000    0.768075
  377.000000    0.786691
  387.000000    0.791339
  397.000000    0.839138
  407.000000    0.817326
  417.000000    0.785530
  427.000000    0.798097
  437.000000    0.778400
  447.000000    0.761455
  457.000000    0.781643
  467.000000    0.772763
  477.000000    0.753021
  487.000000    0.758119
  497.000000    0.718625
  507.000000    0.713543
  517.000000    0.713091
  527.000000    0.755258
  537.000000    0.725064
  547.000000    0.690657
  557.000000    0.703010
  567.000000    0.704292
  577.000000    0.683485
  587.000000    0.739819
  597.000000    0.766263
  607.000000    0.778674
  617.000000    0.721650
  627.000000    0.669883
  637.000000    0.697878
  647.000000    0.718460
  657.000000    0.734006
  667.000000    0.705453
  677.000000    0.713459
  687.000000    0.686040
  697.000000    0.730136
  707.000000    0.724986
  717.000000    0.699237
  727.000000    0.724012
  737.000000    0.768883
  747.000000    0.761249
  757.000000    0.745264
  767.000000    0.666804
  777.000000    0.666106
  787.000000    0.701102
  797.000000    0.714569
  807.000000    0.729555
  817.000000    0.710534
  827.000000    0.718209
  837.000000    0.775334
  847.000000    0.814626
  857.000000    0.848785
  867.000000    0.861226
  877.000000    0.894247
  887.000000    0.842705
  897.000000    0.794466
  907.000000    0.790981
  917.000000    0.771235
  927.000000    0.721616
  937.000000    0.737788
  947.000000    0.729737
  957.000000    0.710149
  967.000000    0.704926
  977.000000    0.665321
  987.000000    0.674398
  997.000000    0.731082
 1007.000000    0.791186
 1017.000000    0.838807
 1027.000000    0.821480
 1037.000000    0.802830
 1047.000000    0.791710
 1057.000000    0.792310
 1067.000000    0.773224
 1077.000000    0.772767
 1087.000000    0.697574
 1097.000000    0.662877
 1107.000000    0.691959
 1117.000000    0.690491
 1127.000000    0.743523
 1137.000000    0.705819
 1147.000000    0.644004
 1157.000000    0.625368
 1167.000000    0.618865
 1177.000000    0.580211
 1187.000000    0.586242
 1197.000000    0.553796
 1207.000000    0.556740
 1217.000000    0.623210
 1227.000000    0.697636
 1237.000000    0.761436
 1247.000000    0.835460
 1257.000000    0.868940
 1267.000000    0.862896
 1277.000000    0.842977
 1287.000000    0.809335
 1297.000000    0.794820
 1307.000000    0.781046
 1317.000000    0.784522
 1327.000000    0.799555
 1337.000000    0.794185
 1347.000000    0.761856
 1357.000000    0.756161
 1367.000000    0.787172
 1377.000000    0.746767
 1387.000000    0.727624
 1397.000000    0.696604
 1407.000000    0.746433
 1417.000000    0.760092
 1427.000000    0.726392
 1437.000000    0.794867
 1447.000000    0.824347
 1457.000000    0.803782
 1467.000000    0.770718
 1477.000000    0.746143
 1487.000000    0.685683
 1497.000000    0.711371
 1507.000000    0.671521
 1517.000000    0.684798
 1527.000000    0.697023
 1537.000000    0.679193
 1547.000000    0.756439
 1557.000000    0.809012
 1567.000000    0.817013
 1577.000000    0.790806
 1587.000000    0.764790
 1597.000000    0.771464
 1607.000000    0.772812
 1617.000000    0.808246
 1627.000000    0.791349
 1637.000000    0.775779
 1647.000000    0.752411
 1657.000000    0.709026
 1667.000000    0.688284
 1677.000000    0.674001
 1687.000000    0.665401
 1697.000000    0.691822
 1707.000000    0.700705
 1717.000000    0.730063
 1727.000000    0.818658
 1737.000000    0.869041
 1747.000000    0.876659
 1757.000000    0.837571
 1767.000000    0.855717
 1777.000000    0.851914
 1787.000000    0.830306
 1797.000000    0.807992
 1807.000000    0.810408
 1817.000000    0.816308
 1827.000000    0.787607
 1837.000000    0.815351
 1847.000000    0.818137
 1857.000000    0.821020
 1867.000000    0.803819
 1877.000000    0.796857
 1887.000000    0.865322
 1897.000000    0.849609
