#  pixel_depth  alphabetafraction   >  Analysis of alpha beta fraction
   35.000000    0.942310
   45.000000    0.932335
   55.000000    0.927419
   65.000000    0.938391
   75.000000    0.925864
   85.000000    0.942786
   95.000000    0.916623
  105.000000    0.896411
  115.000000    0.904213
  125.000000    0.896606
  135.000000    0.918445
  145.000000    0.922041
  155.000000    0.916502
  165.000000    0.902898
  175.000000    0.928741
  185.000000    0.938121
  195.000000    0.895556
  205.000000    0.906352
  215.000000    0.860589
  225.000000    0.876731
  235.000000    0.937104
  245.000000    0.947585
  255.000000    0.913187
  265.000000    0.886746
  275.000000    0.866734
  285.000000    0.882938
  295.000000    0.868210
  305.000000    0.823381
  315.000000    0.871548
  325.000000    0.888003
  335.000000    0.893261
  345.000000    0.880538
  355.000000    0.871931
  365.000000    0.890403
  375.000000    0.885481
  385.000000    0.879968
  395.000000    0.874074
  405.000000    0.890323
  415.000000    0.876061
  425.000000    0.849364
  435.000000    0.831688
  445.000000    0.858874
  455.000000    0.860859
  465.000000    0.868047
  475.000000    0.856466
  485.000000    0.848452
  495.000000    0.821310
  505.000000    0.771237
  515.000000    0.860114
  525.000000    0.878281
  535.000000    0.908485
  545.000000    0.922649
  555.000000    0.871870
  565.000000    0.874469
  575.000000    0.851686
  585.000000    0.819319
  595.000000    0.870766
  605.000000    0.893787
  615.000000    0.869870
  625.000000    0.832259
  635.000000    0.830741
  645.000000    0.802489
  655.000000    0.834490
  665.000000    0.773706
  675.000000    0.783189
  685.000000    0.828514
  695.000000    0.767475
  705.000000    0.784140
  715.000000    0.832814
  725.000000    0.878580
  735.000000    0.869878
  745.000000    0.820072
  755.000000    0.715896
  765.000000    0.703127
  775.000000    0.739860
  785.000000    0.808946
  795.000000    0.807122
  805.000000    0.815316
  815.000000    0.846917
  825.000000    0.792137
  835.000000    0.648404
  845.000000    0.666958
  855.000000    0.792808
  865.000000    0.814524
  875.000000    0.803938
  885.000000    0.782897
  895.000000    0.783867
  905.000000    0.823342
  915.000000    0.804488
  925.000000    0.776689
  935.000000    0.779334
  945.000000    0.782027
  955.000000    0.783719
  965.000000    0.782834
  975.000000    0.761203
  985.000000    0.727127
  995.000000    0.701801
 1005.000000    0.722961
 1015.000000    0.679474
 1025.000000    0.748496
 1035.000000    0.774002
 1045.000000    0.799813
 1055.000000    0.807305
 1065.000000    0.806113
 1075.000000    0.785193
 1085.000000    0.759011
 1095.000000    0.750076
 1105.000000    0.720087
 1115.000000    0.678155
 1125.000000    0.716179
 1135.000000    0.753862
 1145.000000    0.789253
 1155.000000    0.810937
 1165.000000    0.766822
 1175.000000    0.762466
 1185.000000    0.730049
 1195.000000    0.739018
 1205.000000    0.791813
 1215.000000    0.814914
 1225.000000    0.812128
 1235.000000    0.755511
 1245.000000    0.701990
 1255.000000    0.686151
 1265.000000    0.683937
 1275.000000    0.712221
 1285.000000    0.725385
 1295.000000    0.796313
 1305.000000    0.825041
 1315.000000    0.823070
 1325.000000    0.751951
 1335.000000    0.694858
 1345.000000    0.689158
 1355.000000    0.682803
 1365.000000    0.703268
 1375.000000    0.697750
 1385.000000    0.701464
 1395.000000    0.738104
 1405.000000    0.755527
 1415.000000    0.792902
 1425.000000    0.816153
 1435.000000    0.817644
 1445.000000    0.808148
 1455.000000    0.691384
 1465.000000    0.696841
 1475.000000    0.690461
 1485.000000    0.688837
 1495.000000    0.704571
 1505.000000    0.699792
 1515.000000    0.718543
 1525.000000    0.723030
 1535.000000    0.691254
 1545.000000    0.676245
 1555.000000    0.687451
 1565.000000    0.699931
 1575.000000    0.611237
 1585.000000    0.629273
 1595.000000    0.646971
 1605.000000    0.682866
 1615.000000    0.732916
 1625.000000    0.763840
 1635.000000    0.763005
 1645.000000    0.799722
 1655.000000    0.757617
 1665.000000    0.761411
 1675.000000    0.747480
 1685.000000    0.682715
 1695.000000    0.649108
 1705.000000    0.712258
 1715.000000    0.732457
 1725.000000    0.695952
 1735.000000    0.698957
 1745.000000    0.705222
 1755.000000    0.678839
 1765.000000    0.723311
 1775.000000    0.692516
 1785.000000    0.700216
 1795.000000    0.695555
 1805.000000    0.786983
 1815.000000    0.826012
 1825.000000    0.779196
