#  pixel_depth  alphabetafraction   >  Analysis of alpha beta fraction
  288.000000    0.656204
  298.000000    0.663203
  308.000000    0.683162
  318.000000    0.689524
  328.000000    0.717214
  338.000000    0.734286
  348.000000    0.734303
  358.000000    0.726560
  368.000000    0.681873
  378.000000    0.712648
  388.000000    0.755657
  398.000000    0.775374
  408.000000    0.715400
  418.000000    0.733920
  428.000000    0.735006
  438.000000    0.732660
  448.000000    0.713862
  458.000000    0.702045
  468.000000    0.666932
  478.000000    0.653877
  488.000000    0.656157
  498.000000    0.652468
  508.000000    0.701315
  518.000000    0.717484
  528.000000    0.688811
  538.000000    0.704291
  548.000000    0.689573
  558.000000    0.718633
  568.000000    0.769571
  578.000000    0.808384
  588.000000    0.806567
  598.000000    0.774861
  608.000000    0.691646
  618.000000    0.685113
  628.000000    0.712933
  638.000000    0.791598
  648.000000    0.796800
  658.000000    0.796590
  668.000000    0.789261
  678.000000    0.750665
  688.000000    0.825100
  698.000000    0.806909
  708.000000    0.741604
  718.000000    0.690161
  728.000000    0.702171
  738.000000    0.726900
  748.000000    0.680576
  758.000000    0.697307
  768.000000    0.738499
  778.000000    0.749722
  788.000000    0.749753
  798.000000    0.736982
  808.000000    0.730458
  818.000000    0.750354
  828.000000    0.757028
  838.000000    0.724400
  848.000000    0.680572
  858.000000    0.712516
  868.000000    0.710033
  878.000000    0.698656
  888.000000    0.720069
  898.000000    0.717255
  908.000000    0.681351
  918.000000    0.675177
  928.000000    0.691198
  938.000000    0.650498
  948.000000    0.649864
  958.000000    0.679059
  968.000000    0.658277
  978.000000    0.609029
  988.000000    0.574418
  998.000000    0.552247
 1008.000000    0.585618
 1018.000000    0.562680
 1028.000000    0.582048
 1038.000000    0.610347
 1048.000000    0.641415
 1058.000000    0.644768
 1068.000000    0.609535
 1078.000000    0.601529
 1088.000000    0.606662
 1098.000000    0.593880
 1108.000000    0.567581
 1118.000000    0.561227
 1128.000000    0.615448
 1138.000000    0.599420
 1148.000000    0.618772
 1158.000000    0.610258
 1168.000000    0.596901
 1178.000000    0.591938
 1188.000000    0.545762
 1198.000000    0.543082
 1208.000000    0.522168
 1218.000000    0.547139
 1228.000000    0.521408
 1238.000000    0.557135
 1248.000000    0.582348
 1258.000000    0.616700
 1268.000000    0.681461
 1278.000000    0.670136
 1288.000000    0.630017
 1298.000000    0.590398
 1308.000000    0.598516
 1318.000000    0.611435
 1328.000000    0.625583
 1338.000000    0.613203
 1348.000000    0.681659
 1358.000000    0.690883
 1368.000000    0.696877
 1378.000000    0.703306
 1388.000000    0.678796
 1398.000000    0.621017
 1408.000000    0.589513
 1418.000000    0.604056
 1428.000000    0.632717
 1438.000000    0.650988
 1448.000000    0.635486
 1458.000000    0.634251
 1468.000000    0.642390
 1478.000000    0.682750
 1488.000000    0.701118
 1498.000000    0.722527
 1508.000000    0.739194
 1518.000000    0.749678
 1528.000000    0.784175
 1538.000000    0.761819
 1548.000000    0.690364
 1558.000000    0.683938
 1568.000000    0.665931
 1578.000000    0.669709
 1588.000000    0.659215
 1598.000000    0.629194
 1608.000000    0.569951
 1618.000000    0.538417
 1628.000000    0.483914
 1638.000000    0.509805
 1648.000000    0.542903
 1658.000000    0.546897
 1668.000000    0.591778
 1678.000000    0.626178
 1688.000000    0.636211
 1698.000000    0.642065
 1708.000000    0.644380
 1718.000000    0.608681
 1728.000000    0.587679
 1738.000000    0.564027
 1748.000000    0.534824
 1758.000000    0.503648
 1768.000000    0.518796
 1778.000000    0.560591
 1788.000000    0.623381
 1798.000000    0.623952
 1808.000000    0.606881
 1818.000000    0.558798
 1828.000000    0.570251
 1838.000000    0.516046
 1848.000000    0.497011
 1858.000000    0.511644
 1868.000000    0.510180
 1878.000000    0.551955
 1888.000000    0.586990
 1898.000000    0.607028
 1908.000000    0.581541
 1918.000000    0.572834
 1928.000000    0.640763
 1938.000000    0.656127
