#  pixel_depth  alphabetafraction   >  Analysis of alpha beta fraction
   70.000000    0.733785
   80.000000    0.681425
   90.000000    0.623004
  100.000000    0.649065
  110.000000    0.663889
  120.000000    0.681688
  130.000000    0.690166
  140.000000    0.653355
  150.000000    0.653175
  160.000000    0.653779
  170.000000    0.709514
  180.000000    0.710485
  190.000000    0.700856
  200.000000    0.736125
  210.000000    0.725943
  220.000000    0.754315
  230.000000    0.763247
  240.000000    0.776923
  250.000000    0.760940
  260.000000    0.762057
  270.000000    0.750385
  280.000000    0.735553
  290.000000    0.726917
  300.000000    0.692275
  310.000000    0.694721
  320.000000    0.709083
  330.000000    0.685068
  340.000000    0.689003
  350.000000    0.720484
  360.000000    0.763248
  370.000000    0.753529
  380.000000    0.710650
  390.000000    0.707817
  400.000000    0.742106
  410.000000    0.720626
  420.000000    0.705564
  430.000000    0.618939
  440.000000    0.595367
  450.000000    0.644378
  460.000000    0.709012
  470.000000    0.768915
  480.000000    0.782759
  490.000000    0.775486
  500.000000    0.793307
  510.000000    0.749942
  520.000000    0.669327
  530.000000    0.672308
  540.000000    0.695865
  550.000000    0.683318
  560.000000    0.665914
  570.000000    0.697840
  580.000000    0.710943
  590.000000    0.741964
  600.000000    0.766552
  610.000000    0.785611
  620.000000    0.730851
  630.000000    0.725411
  640.000000    0.778310
  650.000000    0.780344
  660.000000    0.766422
  670.000000    0.730807
  680.000000    0.722778
  690.000000    0.746717
  700.000000    0.744549
  710.000000    0.734994
  720.000000    0.765325
  730.000000    0.725359
  740.000000    0.701367
  750.000000    0.711123
  760.000000    0.738664
  770.000000    0.715592
  780.000000    0.737911
  790.000000    0.734673
  800.000000    0.686821
  810.000000    0.726241
  820.000000    0.762570
  830.000000    0.791798
  840.000000    0.800975
  850.000000    0.803949
  860.000000    0.809596
  870.000000    0.823833
  880.000000    0.778635
  890.000000    0.778730
  900.000000    0.716401
  910.000000    0.691803
  920.000000    0.710494
  930.000000    0.709302
  940.000000    0.782799
  950.000000    0.842998
  960.000000    0.850510
  970.000000    0.837533
  980.000000    0.748478
  990.000000    0.746915
 1000.000000    0.794708
 1010.000000    0.795320
 1020.000000    0.730061
 1030.000000    0.715527
 1040.000000    0.684334
 1050.000000    0.685453
 1060.000000    0.707418
 1070.000000    0.752595
 1080.000000    0.819080
 1090.000000    0.824512
 1100.000000    0.842957
 1110.000000    0.761594
 1120.000000    0.672272
 1130.000000    0.599476
 1140.000000    0.555857
 1150.000000    0.621301
 1160.000000    0.693355
 1170.000000    0.770893
 1180.000000    0.795272
 1190.000000    0.698380
 1200.000000    0.688751
 1210.000000    0.705366
 1220.000000    0.707697
 1230.000000    0.731391
 1240.000000    0.784168
 1250.000000    0.756702
 1260.000000    0.754319
 1270.000000    0.726981
 1280.000000    0.763057
 1290.000000    0.711033
 1300.000000    0.725489
 1310.000000    0.697019
 1320.000000    0.719969
 1330.000000    0.794129
 1340.000000    0.799903
 1350.000000    0.828084
 1360.000000    0.828743
 1370.000000    0.842077
 1380.000000    0.773092
 1390.000000    0.781917
 1400.000000    0.774479
 1410.000000    0.763885
 1420.000000    0.764470
 1430.000000    0.790795
 1440.000000    0.812220
 1450.000000    0.793174
 1460.000000    0.813494
 1470.000000    0.797952
 1480.000000    0.769276
 1490.000000    0.756792
 1500.000000    0.761332
 1510.000000    0.769192
 1520.000000    0.779376
 1530.000000    0.838557
 1540.000000    0.852237
 1550.000000    0.820959
 1560.000000    0.776969
 1570.000000    0.698435
 1580.000000    0.690785
 1590.000000    0.734740
 1600.000000    0.767351
 1610.000000    0.763261
 1620.000000    0.755176
 1630.000000    0.726844
 1640.000000    0.697664
 1650.000000    0.730078
 1660.000000    0.806331
 1670.000000    0.798003
 1680.000000    0.794426
 1690.000000    0.808703
 1700.000000    0.824225
 1710.000000    0.832755
 1720.000000    0.815639
 1730.000000    0.811235
