#  pixel_depth  alphabetafraction   >  Analysis of alpha beta fraction
   64.000000    0.485139
   74.000000    0.546319
   84.000000    0.584857
   94.000000    0.583163
  104.000000    0.553574
  114.000000    0.559674
  124.000000    0.560296
  134.000000    0.556533
  144.000000    0.591135
  154.000000    0.629728
  164.000000    0.662264
  174.000000    0.663937
  184.000000    0.665875
  194.000000    0.645144
  204.000000    0.661662
  214.000000    0.580176
  224.000000    0.534598
  234.000000    0.621350
  244.000000    0.675104
  254.000000    0.706357
  264.000000    0.631331
  274.000000    0.664993
  284.000000    0.644451
  294.000000    0.655374
  304.000000    0.601810
  314.000000    0.616138
  324.000000    0.568839
  334.000000    0.506306
  344.000000    0.560405
  354.000000    0.640679
  364.000000    0.652604
  374.000000    0.644924
  384.000000    0.662679
  394.000000    0.659337
  404.000000    0.654121
  414.000000    0.674327
  424.000000    0.642510
  434.000000    0.690853
  444.000000    0.660715
  454.000000    0.659241
  464.000000    0.635226
  474.000000    0.650203
  484.000000    0.654894
  494.000000    0.700498
  504.000000    0.642104
  514.000000    0.644161
  524.000000    0.628073
  534.000000    0.620967
  544.000000    0.610170
  554.000000    0.641167
  564.000000    0.674197
  574.000000    0.665160
  584.000000    0.629076
  594.000000    0.660919
  604.000000    0.660356
  614.000000    0.690143
  624.000000    0.658129
  634.000000    0.589513
  644.000000    0.585995
  654.000000    0.558329
  664.000000    0.569982
  674.000000    0.631370
  684.000000    0.625268
  694.000000    0.636101
  704.000000    0.680525
  714.000000    0.746235
  724.000000    0.758927
  734.000000    0.726479
  744.000000    0.719414
  754.000000    0.743319
  764.000000    0.716195
  774.000000    0.704412
  784.000000    0.678267
  794.000000    0.657313
  804.000000    0.653456
  814.000000    0.679588
  824.000000    0.725866
  834.000000    0.649297
  844.000000    0.648155
  854.000000    0.619173
  864.000000    0.602842
  874.000000    0.668492
  884.000000    0.681887
  894.000000    0.681443
  904.000000    0.633591
  914.000000    0.635987
  924.000000    0.652528
  934.000000    0.677770
  944.000000    0.693363
  954.000000    0.659596
  964.000000    0.659808
  974.000000    0.741472
  984.000000    0.731448
  994.000000    0.666826
 1004.000000    0.618320
 1014.000000    0.631868
 1024.000000    0.635956
 1034.000000    0.670708
 1044.000000    0.660887
 1054.000000    0.659194
 1064.000000    0.662585
 1074.000000    0.625883
 1084.000000    0.667098
 1094.000000    0.708942
 1104.000000    0.703778
 1114.000000    0.672732
 1124.000000    0.658791
 1134.000000    0.639857
 1144.000000    0.640018
 1154.000000    0.585823
 1164.000000    0.623625
 1174.000000    0.717012
 1184.000000    0.760116
 1194.000000    0.736662
 1204.000000    0.725839
 1214.000000    0.698500
 1224.000000    0.675174
 1234.000000    0.613228
 1244.000000    0.626821
 1254.000000    0.646964
 1264.000000    0.696911
 1274.000000    0.733961
 1284.000000    0.710092
 1294.000000    0.653672
 1304.000000    0.673679
 1314.000000    0.665015
 1324.000000    0.686006
 1334.000000    0.698675
 1344.000000    0.647046
 1354.000000    0.563619
 1364.000000    0.556123
 1374.000000    0.626889
 1384.000000    0.636398
 1394.000000    0.669897
 1404.000000    0.659495
 1414.000000    0.645599
 1424.000000    0.657718
 1434.000000    0.698534
 1444.000000    0.680209
 1454.000000    0.719872
 1464.000000    0.710689
 1474.000000    0.709975
 1484.000000    0.719358
 1494.000000    0.686913
 1504.000000    0.708110
 1514.000000    0.744637
 1524.000000    0.766870
 1534.000000    0.736130
 1544.000000    0.756779
 1554.000000    0.655817
 1564.000000    0.631994
 1574.000000    0.646426
 1584.000000    0.661635
 1594.000000    0.650307
 1604.000000    0.655679
 1614.000000    0.660007
 1624.000000    0.707543
 1634.000000    0.689830
 1644.000000    0.723847
 1654.000000    0.670356
 1664.000000    0.681866
 1674.000000    0.739670
 1684.000000    0.767440
 1694.000000    0.758706
 1704.000000    0.736566
 1714.000000    0.734671
 1724.000000    0.791184
