#  pixel_depth  alphabetafraction   >  Analysis of alpha beta fraction
   61.000000    0.718952
   71.000000    0.722518
   81.000000    0.737995
   91.000000    0.731733
  101.000000    0.746815
  111.000000    0.718266
  121.000000    0.734494
  131.000000    0.772964
  141.000000    0.812612
  151.000000    0.811322
  161.000000    0.834527
  171.000000    0.792092
  181.000000    0.748027
  191.000000    0.751218
  201.000000    0.739117
  211.000000    0.751182
  221.000000    0.701270
  231.000000    0.662660
  241.000000    0.649039
  251.000000    0.610471
  261.000000    0.614558
  271.000000    0.670874
  281.000000    0.729952
  291.000000    0.748691
  301.000000    0.736283
  311.000000    0.831406
  321.000000    0.857511
  331.000000    0.814512
  341.000000    0.781555
  351.000000    0.767960
  361.000000    0.720533
  371.000000    0.692196
  381.000000    0.685000
  391.000000    0.710485
  401.000000    0.715855
  411.000000    0.811793
  421.000000    0.744598
  431.000000    0.710966
  441.000000    0.704330
  451.000000    0.690179
  461.000000    0.745223
  471.000000    0.791888
  481.000000    0.805538
  491.000000    0.804815
  501.000000    0.853419
  511.000000    0.850188
  521.000000    0.845264
  531.000000    0.860027
  541.000000    0.803993
  551.000000    0.764806
  561.000000    0.720068
  571.000000    0.768329
  581.000000    0.732342
  591.000000    0.714514
  601.000000    0.723891
  611.000000    0.766595
  621.000000    0.743696
  631.000000    0.704856
  641.000000    0.662994
  651.000000    0.651465
  661.000000    0.680958
  671.000000    0.736121
  681.000000    0.782353
  691.000000    0.791154
  701.000000    0.804077
  711.000000    0.716634
  721.000000    0.713261
  731.000000    0.686141
  741.000000    0.738975
  751.000000    0.775693
  761.000000    0.777540
  771.000000    0.798640
  781.000000    0.789338
  791.000000    0.752053
  801.000000    0.691847
  811.000000    0.672502
  821.000000    0.673837
  831.000000    0.702728
  841.000000    0.716096
  851.000000    0.778261
  861.000000    0.840834
  871.000000    0.809528
  881.000000    0.782414
  891.000000    0.749015
  901.000000    0.725338
  911.000000    0.692555
  921.000000    0.702276
  931.000000    0.731021
  941.000000    0.743686
  951.000000    0.753994
  961.000000    0.736265
  971.000000    0.704931
  981.000000    0.710617
  991.000000    0.767500
 1001.000000    0.743775
 1011.000000    0.751803
 1021.000000    0.757580
 1031.000000    0.691592
 1041.000000    0.668020
 1051.000000    0.700929
 1061.000000    0.693914
 1071.000000    0.713771
 1081.000000    0.696684
 1091.000000    0.655224
 1101.000000    0.676124
 1111.000000    0.710167
 1121.000000    0.749129
 1131.000000    0.722483
 1141.000000    0.697110
 1151.000000    0.705668
 1161.000000    0.743912
 1171.000000    0.641240
 1181.000000    0.611659
 1191.000000    0.605213
 1201.000000    0.676969
 1211.000000    0.789217
 1221.000000    0.778385
 1231.000000    0.727247
 1241.000000    0.689262
 1251.000000    0.681124
 1261.000000    0.630641
 1271.000000    0.623710
 1281.000000    0.648695
 1291.000000    0.689486
 1301.000000    0.729850
 1311.000000    0.706287
 1321.000000    0.697397
 1331.000000    0.739950
 1341.000000    0.759671
 1351.000000    0.781090
 1361.000000    0.748224
 1371.000000    0.690018
 1381.000000    0.702897
 1391.000000    0.733579
 1401.000000    0.737029
 1411.000000    0.802319
 1421.000000    0.708383
 1431.000000    0.657660
 1441.000000    0.636081
 1451.000000    0.648282
 1461.000000    0.696291
 1471.000000    0.756197
 1481.000000    0.799229
 1491.000000    0.823805
 1501.000000    0.817134
 1511.000000    0.805393
 1521.000000    0.781037
 1531.000000    0.740060
 1541.000000    0.654865
 1551.000000    0.613663
 1561.000000    0.640985
 1571.000000    0.734289
 1581.000000    0.767710
 1591.000000    0.743524
 1601.000000    0.699990
 1611.000000    0.694846
 1621.000000    0.677969
 1631.000000    0.676668
 1641.000000    0.670674
 1651.000000    0.658808
 1661.000000    0.753771
 1671.000000    0.800856
 1681.000000    0.793553
 1691.000000    0.752201
 1701.000000    0.717415
 1711.000000    0.743654
 1721.000000    0.736670
 1731.000000    0.738275
 1741.000000    0.755940
 1751.000000    0.755783
 1761.000000    0.772768
 1771.000000    0.808506
 1781.000000    0.840398
