#  pixel_depth  alphabetafraction   >  Analysis of alpha beta fraction
  190.000000    0.759522
  200.000000    0.745644
  210.000000    0.683384
  220.000000    0.622748
  230.000000    0.564671
  240.000000    0.597986
  250.000000    0.633795
  260.000000    0.614531
  270.000000    0.664694
  280.000000    0.717496
  290.000000    0.696953
  300.000000    0.730023
  310.000000    0.685891
  320.000000    0.673130
  330.000000    0.657670
  340.000000    0.593440
  350.000000    0.525690
  360.000000    0.531460
  370.000000    0.572104
  380.000000    0.584114
  390.000000    0.606484
  400.000000    0.604519
  410.000000    0.605289
  420.000000    0.576848
  430.000000    0.606992
  440.000000    0.642699
  450.000000    0.609851
  460.000000    0.599531
  470.000000    0.598748
  480.000000    0.574925
  490.000000    0.498121
  500.000000    0.504976
  510.000000    0.492394
  520.000000    0.522083
  530.000000    0.563800
  540.000000    0.615247
  550.000000    0.609027
  560.000000    0.620635
  570.000000    0.593051
  580.000000    0.578038
  590.000000    0.598311
  600.000000    0.604020
  610.000000    0.634307
  620.000000    0.653201
  630.000000    0.654627
  640.000000    0.654698
  650.000000    0.675116
  660.000000    0.690825
  670.000000    0.682655
  680.000000    0.686233
  690.000000    0.670450
  700.000000    0.628046
  710.000000    0.609906
  720.000000    0.571288
  730.000000    0.592378
  740.000000    0.604326
  750.000000    0.626527
  760.000000    0.665824
  770.000000    0.639555
  780.000000    0.651953
  790.000000    0.653448
  800.000000    0.673339
  810.000000    0.648100
  820.000000    0.637665
  830.000000    0.673920
  840.000000    0.695345
  850.000000    0.703059
  860.000000    0.676206
  870.000000    0.629391
  880.000000    0.627964
  890.000000    0.639798
  900.000000    0.609924
  910.000000    0.638924
  920.000000    0.604642
  930.000000    0.583115
  940.000000    0.631977
  950.000000    0.634834
  960.000000    0.665092
  970.000000    0.683146
  980.000000    0.694215
  990.000000    0.701926
 1000.000000    0.676272
 1010.000000    0.645918
 1020.000000    0.694853
 1030.000000    0.692857
 1040.000000    0.711418
 1050.000000    0.699272
 1060.000000    0.675798
 1070.000000    0.681894
 1080.000000    0.632940
 1090.000000    0.703797
 1100.000000    0.675454
 1110.000000    0.651456
 1120.000000    0.622140
 1130.000000    0.614291
 1140.000000    0.632678
 1150.000000    0.673822
 1160.000000    0.668353
 1170.000000    0.629593
 1180.000000    0.598455
 1190.000000    0.627085
 1200.000000    0.674277
 1210.000000    0.697135
 1220.000000    0.704064
 1230.000000    0.735509
 1240.000000    0.777951
 1250.000000    0.746999
 1260.000000    0.720728
 1270.000000    0.725862
 1280.000000    0.689397
 1290.000000    0.657225
 1300.000000    0.625211
 1310.000000    0.556796
 1320.000000    0.588717
 1330.000000    0.602353
 1340.000000    0.553982
 1350.000000    0.548600
 1360.000000    0.599739
 1370.000000    0.644912
 1380.000000    0.647341
 1390.000000    0.657073
 1400.000000    0.660569
 1410.000000    0.670986
 1420.000000    0.695100
 1430.000000    0.698246
 1440.000000    0.684840
 1450.000000    0.662126
 1460.000000    0.708023
 1470.000000    0.710890
 1480.000000    0.688928
 1490.000000    0.671824
 1500.000000    0.662124
 1510.000000    0.671019
 1520.000000    0.623163
 1530.000000    0.662532
 1540.000000    0.636553
 1550.000000    0.611976
 1560.000000    0.555824
 1570.000000    0.590174
 1580.000000    0.588398
 1590.000000    0.607312
 1600.000000    0.587293
 1610.000000    0.645475
 1620.000000    0.670884
 1630.000000    0.676867
 1640.000000    0.693965
 1650.000000    0.703080
 1660.000000    0.736029
 1670.000000    0.739685
 1680.000000    0.739569
 1690.000000    0.713189
 1700.000000    0.697411
 1710.000000    0.720678
 1720.000000    0.683214
 1730.000000    0.723261
 1740.000000    0.766367
 1750.000000    0.761636
 1760.000000    0.755002
 1770.000000    0.773832
 1780.000000    0.764760
