#  pixel_depth  alphabetafraction   >  Analysis of alpha beta fraction
   61.000000    0.769869
   71.000000    0.722114
   81.000000    0.707636
   91.000000    0.670594
  101.000000    0.610184
  111.000000    0.589758
  121.000000    0.649522
  131.000000    0.665850
  141.000000    0.663146
  151.000000    0.632427
  161.000000    0.656817
  171.000000    0.708149
  181.000000    0.698110
  191.000000    0.688772
  201.000000    0.632817
  211.000000    0.606512
  221.000000    0.599499
  231.000000    0.672992
  241.000000    0.750799
  251.000000    0.770652
  261.000000    0.789112
  271.000000    0.740494
  281.000000    0.652234
  291.000000    0.641082
  301.000000    0.648191
  311.000000    0.656123
  321.000000    0.689849
  331.000000    0.661588
  341.000000    0.623801
  351.000000    0.641278
  361.000000    0.685997
  371.000000    0.787439
  381.000000    0.804260
  391.000000    0.820554
  401.000000    0.776648
  411.000000    0.715020
  421.000000    0.685518
  431.000000    0.653271
  441.000000    0.627365
  451.000000    0.643801
  461.000000    0.638744
  471.000000    0.715339
  481.000000    0.752516
  491.000000    0.749029
  501.000000    0.769968
  511.000000    0.719072
  521.000000    0.666355
  531.000000    0.664512
  541.000000    0.667764
  551.000000    0.732709
  561.000000    0.670858
  571.000000    0.632883
  581.000000    0.612766
  591.000000    0.628389
  601.000000    0.687008
  611.000000    0.699339
  621.000000    0.687546
  631.000000    0.670413
  641.000000    0.653358
  651.000000    0.670798
  661.000000    0.692400
  671.000000    0.700271
  681.000000    0.705407
  691.000000    0.694052
  701.000000    0.682121
  711.000000    0.650313
  721.000000    0.657377
  731.000000    0.610097
  741.000000    0.534228
  751.000000    0.557612
  761.000000    0.645803
  771.000000    0.708570
  781.000000    0.777820
  791.000000    0.788788
  801.000000    0.796358
  811.000000    0.724893
  821.000000    0.704603
  831.000000    0.709506
  841.000000    0.693301
  851.000000    0.658496
  861.000000    0.645461
  871.000000    0.694527
  881.000000    0.661177
  891.000000    0.602439
  901.000000    0.654161
  911.000000    0.685624
  921.000000    0.721458
  931.000000    0.725626
  941.000000    0.750072
  951.000000    0.726218
  961.000000    0.683393
  971.000000    0.672959
  981.000000    0.636934
  991.000000    0.631864
 1001.000000    0.654596
 1011.000000    0.666112
 1021.000000    0.654812
 1031.000000    0.681024
 1041.000000    0.667248
 1051.000000    0.624949
 1061.000000    0.609353
 1071.000000    0.570920
 1081.000000    0.610392
 1091.000000    0.604725
 1101.000000    0.629323
 1111.000000    0.648230
 1121.000000    0.667042
 1131.000000    0.695016
 1141.000000    0.705211
 1151.000000    0.680548
 1161.000000    0.658594
 1171.000000    0.605394
 1181.000000    0.629367
 1191.000000    0.604795
 1201.000000    0.642439
 1211.000000    0.687859
 1221.000000    0.774791
 1231.000000    0.779121
 1241.000000    0.727296
 1251.000000    0.667527
 1261.000000    0.618377
 1271.000000    0.573617
 1281.000000    0.587092
 1291.000000    0.592247
 1301.000000    0.645580
 1311.000000    0.731640
 1321.000000    0.766078
 1331.000000    0.746327
 1341.000000    0.749385
 1351.000000    0.717194
 1361.000000    0.670303
 1371.000000    0.696756
 1381.000000    0.652290
 1391.000000    0.676319
 1401.000000    0.691358
 1411.000000    0.694128
 1421.000000    0.701521
 1431.000000    0.694519
 1441.000000    0.695591
 1451.000000    0.703372
 1461.000000    0.712677
 1471.000000    0.659371
 1481.000000    0.671324
 1491.000000    0.651755
 1501.000000    0.649146
 1511.000000    0.606087
 1521.000000    0.608124
 1531.000000    0.620504
 1541.000000    0.634677
 1551.000000    0.620799
 1561.000000    0.589436
 1571.000000    0.637379
 1581.000000    0.687834
 1591.000000    0.656305
 1601.000000    0.725228
 1611.000000    0.755779
 1621.000000    0.728423
 1631.000000    0.704616
 1641.000000    0.675652
 1651.000000    0.653192
 1661.000000    0.693042
 1671.000000    0.633036
 1681.000000    0.648088
 1691.000000    0.716914
 1701.000000    0.705847
 1711.000000    0.683018
 1721.000000    0.625661
 1731.000000    0.612984
 1741.000000    0.607901
 1751.000000    0.644267
 1761.000000    0.705782
 1771.000000    0.692600
 1781.000000    0.712842
