#  pixel_depth  alphabetafraction   >  Analysis of alpha beta fraction
   45.000000    0.742021
   55.000000    0.694813
   65.000000    0.586156
   75.000000    0.603910
   85.000000    0.632998
   95.000000    0.659984
  105.000000    0.694623
  115.000000    0.695101
  125.000000    0.737772
  135.000000    0.742458
  145.000000    0.747115
  155.000000    0.794709
  165.000000    0.793743
  175.000000    0.759141
  185.000000    0.743672
  195.000000    0.747801
  205.000000    0.726527
  215.000000    0.684399
  225.000000    0.757395
  235.000000    0.774547
  245.000000    0.807456
  255.000000    0.757114
  265.000000    0.762288
  275.000000    0.766656
  285.000000    0.753767
  295.000000    0.713498
  305.000000    0.628960
  315.000000    0.634085
  325.000000    0.584536
  335.000000    0.610494
  345.000000    0.606977
  355.000000    0.656952
  365.000000    0.716763
  375.000000    0.763341
  385.000000    0.739416
  395.000000    0.736791
  405.000000    0.674968
  415.000000    0.646446
  425.000000    0.629686
  435.000000    0.628190
  445.000000    0.636473
  455.000000    0.647993
  465.000000    0.656267
  475.000000    0.658098
  485.000000    0.698532
  495.000000    0.714162
  505.000000    0.655643
  515.000000    0.680075
  525.000000    0.694315
  535.000000    0.748271
  545.000000    0.732121
  555.000000    0.732373
  565.000000    0.776168
  575.000000    0.773414
  585.000000    0.778982
  595.000000    0.801426
  605.000000    0.800834
  615.000000    0.747390
  625.000000    0.685359
  635.000000    0.680528
  645.000000    0.688920
  655.000000    0.716379
  665.000000    0.763429
  675.000000    0.831655
  685.000000    0.869822
  695.000000    0.856983
  705.000000    0.852502
  715.000000    0.892390
  725.000000    0.856627
  735.000000    0.759384
  745.000000    0.686639
  755.000000    0.679878
  765.000000    0.696457
  775.000000    0.687600
  785.000000    0.748745
  795.000000    0.724156
  805.000000    0.670559
  815.000000    0.673144
  825.000000    0.656915
  835.000000    0.706281
  845.000000    0.682512
  855.000000    0.698581
  865.000000    0.597353
  875.000000    0.606396
  885.000000    0.636733
  895.000000    0.683755
  905.000000    0.691825
  915.000000    0.745856
  925.000000    0.753832
  935.000000    0.704646
  945.000000    0.754218
  955.000000    0.711213
  965.000000    0.721685
  975.000000    0.746005
  985.000000    0.751743
  995.000000    0.754523
 1005.000000    0.780071
 1015.000000    0.773150
 1025.000000    0.743790
 1035.000000    0.708342
 1045.000000    0.645946
 1055.000000    0.646533
 1065.000000    0.659040
 1075.000000    0.633325
 1085.000000    0.619661
 1095.000000    0.659115
 1105.000000    0.642806
 1115.000000    0.654040
 1125.000000    0.730277
 1135.000000    0.769592
 1145.000000    0.755052
 1155.000000    0.776475
 1165.000000    0.817453
 1175.000000    0.784049
 1185.000000    0.782614
 1195.000000    0.764487
 1205.000000    0.752547
 1215.000000    0.751218
 1225.000000    0.807463
 1235.000000    0.827501
 1245.000000    0.772473
 1255.000000    0.686390
 1265.000000    0.653184
 1275.000000    0.643016
 1285.000000    0.679987
 1295.000000    0.706249
 1305.000000    0.779121
 1315.000000    0.804955
 1325.000000    0.767958
 1335.000000    0.724883
 1345.000000    0.656424
 1355.000000    0.616296
 1365.000000    0.617836
 1375.000000    0.624170
 1385.000000    0.598514
 1395.000000    0.630703
 1405.000000    0.665802
 1415.000000    0.725748
 1425.000000    0.760822
 1435.000000    0.786134
 1445.000000    0.753684
 1455.000000    0.735100
 1465.000000    0.722072
 1475.000000    0.693983
 1485.000000    0.666080
 1495.000000    0.650516
 1505.000000    0.668411
 1515.000000    0.664959
 1525.000000    0.653559
 1535.000000    0.603885
 1545.000000    0.628507
 1555.000000    0.509684
 1565.000000    0.531189
 1575.000000    0.577777
 1585.000000    0.613133
 1595.000000    0.646443
 1605.000000    0.706186
 1615.000000    0.681918
 1625.000000    0.639797
 1635.000000    0.639894
 1645.000000    0.655033
 1655.000000    0.656507
 1665.000000    0.672908
 1675.000000    0.652330
 1685.000000    0.656113
 1695.000000    0.640942
 1705.000000    0.734199
 1715.000000    0.760249
 1725.000000    0.740356
 1735.000000    0.696891
 1745.000000    0.683640
 1755.000000    0.638844
 1765.000000    0.603529
 1775.000000    0.605269
 1785.000000    0.690066
 1795.000000    0.724614
 1805.000000    0.724466
 1815.000000    0.681096
 1825.000000    0.641608
 1835.000000    0.673485
 1845.000000    0.642730
 1855.000000    0.593187
 1865.000000    0.592671
 1875.000000    0.601308
