#  pixel_depth  alphabetafraction   >  Analysis of alpha beta fraction
  210.000000    0.652530
  220.000000    0.693211
  230.000000    0.718520
  240.000000    0.702391
  250.000000    0.688868
  260.000000    0.739271
  270.000000    0.763895
  280.000000    0.774979
  290.000000    0.650901
  300.000000    0.643240
  310.000000    0.640596
  320.000000    0.651316
  330.000000    0.661477
  340.000000    0.684117
  350.000000    0.690955
  360.000000    0.660994
  370.000000    0.660473
  380.000000    0.695031
  390.000000    0.705149
  400.000000    0.720662
  410.000000    0.697739
  420.000000    0.684596
  430.000000    0.710815
  440.000000    0.693380
  450.000000    0.749333
  460.000000    0.733431
  470.000000    0.671412
  480.000000    0.703398
  490.000000    0.735561
  500.000000    0.714287
  510.000000    0.685036
  520.000000    0.707036
  530.000000    0.742195
  540.000000    0.712232
  550.000000    0.694852
  560.000000    0.690403
  570.000000    0.688399
  580.000000    0.775803
  590.000000    0.791700
  600.000000    0.784588
  610.000000    0.786057
  620.000000    0.753518
  630.000000    0.715361
  640.000000    0.663708
  650.000000    0.690062
  660.000000    0.744912
  670.000000    0.708755
  680.000000    0.631869
  690.000000    0.681368
  700.000000    0.728674
  710.000000    0.776358
  720.000000    0.760335
  730.000000    0.767193
  740.000000    0.751923
  750.000000    0.764962
  760.000000    0.730307
  770.000000    0.720671
  780.000000    0.691350
  790.000000    0.678076
  800.000000    0.708570
  810.000000    0.724715
  820.000000    0.695550
  830.000000    0.700122
  840.000000    0.703074
  850.000000    0.744579
  860.000000    0.777793
  870.000000    0.781987
  880.000000    0.787455
  890.000000    0.755367
  900.000000    0.755310
  910.000000    0.790582
  920.000000    0.749102
  930.000000    0.729120
  940.000000    0.673925
  950.000000    0.674566
  960.000000    0.662918
  970.000000    0.661699
  980.000000    0.738594
  990.000000    0.718871
 1000.000000    0.704228
 1010.000000    0.729816
 1020.000000    0.754880
 1030.000000    0.749391
 1040.000000    0.706020
 1050.000000    0.726287
 1060.000000    0.737355
 1070.000000    0.724063
 1080.000000    0.697234
 1090.000000    0.687919
 1100.000000    0.679535
 1110.000000    0.671761
 1120.000000    0.702189
 1130.000000    0.725906
 1140.000000    0.683897
 1150.000000    0.690289
 1160.000000    0.695386
 1170.000000    0.730653
 1180.000000    0.809617
 1190.000000    0.803150
 1200.000000    0.799857
 1210.000000    0.756506
 1220.000000    0.740157
 1230.000000    0.623530
 1240.000000    0.638930
 1250.000000    0.652933
 1260.000000    0.685345
 1270.000000    0.710620
 1280.000000    0.777519
 1290.000000    0.797664
 1300.000000    0.763967
 1310.000000    0.770772
 1320.000000    0.765570
 1330.000000    0.745445
 1340.000000    0.720679
 1350.000000    0.667114
 1360.000000    0.636629
 1370.000000    0.637354
 1380.000000    0.674394
 1390.000000    0.685588
 1400.000000    0.737684
 1410.000000    0.765321
 1420.000000    0.704367
 1430.000000    0.763603
 1440.000000    0.833994
 1450.000000    0.818045
 1460.000000    0.831738
 1470.000000    0.768995
 1480.000000    0.730420
 1490.000000    0.725014
 1500.000000    0.689441
 1510.000000    0.686217
 1520.000000    0.747070
 1530.000000    0.723439
 1540.000000    0.677970
 1550.000000    0.717189
 1560.000000    0.707598
 1570.000000    0.729065
 1580.000000    0.761454
 1590.000000    0.723800
 1600.000000    0.703702
 1610.000000    0.725114
 1620.000000    0.740547
 1630.000000    0.721902
 1640.000000    0.698923
 1650.000000    0.703735
 1660.000000    0.765951
 1670.000000    0.799628
 1680.000000    0.815942
 1690.000000    0.839048
 1700.000000    0.811321
 1710.000000    0.786969
 1720.000000    0.728429
 1730.000000    0.605053
 1740.000000    0.597581
 1750.000000    0.624880
 1760.000000    0.673880
 1770.000000    0.739540
 1780.000000    0.716702
 1790.000000    0.703556
 1800.000000    0.735180
 1810.000000    0.804443
 1820.000000    0.780186
 1830.000000    0.778262
 1840.000000    0.707058
 1850.000000    0.700866
 1860.000000    0.727424
 1870.000000    0.712355
 1880.000000    0.691066
 1890.000000    0.687184
 1900.000000    0.731316
 1910.000000    0.805225
 1920.000000    0.836486
 1930.000000    0.838160
 1940.000000    0.823750
