#  pixel_depth  alphabetafraction   >  Analysis of alpha beta fraction
  285.000000    0.747994
  295.000000    0.737745
  305.000000    0.750085
  315.000000    0.724317
  325.000000    0.725861
  335.000000    0.706882
  345.000000    0.775679
  355.000000    0.806177
  365.000000    0.769003
  375.000000    0.754101
  385.000000    0.713257
  395.000000    0.710129
  405.000000    0.770082
  415.000000    0.770235
  425.000000    0.786384
  435.000000    0.768095
  445.000000    0.786480
  455.000000    0.774759
  465.000000    0.770111
  475.000000    0.719147
  485.000000    0.655812
  495.000000    0.608555
  505.000000    0.613175
  515.000000    0.660987
  525.000000    0.716749
  535.000000    0.750493
  545.000000    0.662145
  555.000000    0.640316
  565.000000    0.702667
  575.000000    0.675051
  585.000000    0.687556
  595.000000    0.737664
  605.000000    0.773015
  615.000000    0.775776
  625.000000    0.786718
  635.000000    0.721023
  645.000000    0.699043
  655.000000    0.683934
  665.000000    0.682616
  675.000000    0.720480
  685.000000    0.764984
  695.000000    0.740966
  705.000000    0.681212
  715.000000    0.660404
  725.000000    0.692027
  735.000000    0.727302
  745.000000    0.806867
  755.000000    0.830493
  765.000000    0.815391
  775.000000    0.821475
  785.000000    0.753600
  795.000000    0.673943
  805.000000    0.686219
  815.000000    0.683289
  825.000000    0.706040
  835.000000    0.671582
  845.000000    0.674472
  855.000000    0.690628
  865.000000    0.707530
  875.000000    0.757231
  885.000000    0.743145
  895.000000    0.741075
  905.000000    0.734140
  915.000000    0.702910
  925.000000    0.690801
  935.000000    0.714057
  945.000000    0.745103
  955.000000    0.764363
  965.000000    0.750775
  975.000000    0.718952
  985.000000    0.662952
  995.000000    0.643790
 1005.000000    0.666298
 1015.000000    0.705026
 1025.000000    0.707433
 1035.000000    0.711097
 1045.000000    0.700049
 1055.000000    0.652145
 1065.000000    0.627456
 1075.000000    0.687880
 1085.000000    0.715643
 1095.000000    0.689127
 1105.000000    0.696581
 1115.000000    0.628695
 1125.000000    0.628036
 1135.000000    0.691669
 1145.000000    0.726143
 1155.000000    0.766628
 1165.000000    0.778735
 1175.000000    0.762015
 1185.000000    0.764871
 1195.000000    0.774630
 1205.000000    0.712038
 1215.000000    0.674572
 1225.000000    0.643971
 1235.000000    0.615305
 1245.000000    0.637478
 1255.000000    0.641275
 1265.000000    0.675429
 1275.000000    0.675347
 1285.000000    0.720280
 1295.000000    0.709563
 1305.000000    0.717875
 1315.000000    0.740735
 1325.000000    0.730967
 1335.000000    0.708810
 1345.000000    0.727092
 1355.000000    0.728538
 1365.000000    0.668579
 1375.000000    0.697337
 1385.000000    0.666791
 1395.000000    0.654251
 1405.000000    0.693013
 1415.000000    0.675909
 1425.000000    0.719797
 1435.000000    0.715059
 1445.000000    0.668932
 1455.000000    0.717731
 1465.000000    0.739623
 1475.000000    0.814061
 1485.000000    0.780457
 1495.000000    0.758129
 1505.000000    0.764718
 1515.000000    0.735188
 1525.000000    0.718215
 1535.000000    0.689334
 1545.000000    0.677514
 1555.000000    0.733433
 1565.000000    0.770596
 1575.000000    0.799278
 1585.000000    0.797723
 1595.000000    0.789539
 1605.000000    0.751384
 1615.000000    0.780733
 1625.000000    0.784858
 1635.000000    0.765370
 1645.000000    0.758972
 1655.000000    0.669691
 1665.000000    0.708374
 1675.000000    0.674438
 1685.000000    0.678738
 1695.000000    0.693702
 1705.000000    0.654087
 1715.000000    0.643882
 1725.000000    0.655147
 1735.000000    0.673984
 1745.000000    0.694566
 1755.000000    0.729961
 1765.000000    0.724120
 1775.000000    0.678552
 1785.000000    0.638663
 1795.000000    0.650826
 1805.000000    0.616117
 1815.000000    0.599050
 1825.000000    0.658761
 1835.000000    0.685981
 1845.000000    0.772386
 1855.000000    0.825435
 1865.000000    0.805572
 1875.000000    0.777755
 1885.000000    0.765856
 1895.000000    0.771656
 1905.000000    0.746324
 1915.000000    0.751867
 1925.000000    0.732131
 1935.000000    0.709030
