#  pixel_depth  alphabetafraction   >  Analysis of alpha beta fraction
  232.000000    0.605774
  242.000000    0.580591
  252.000000    0.578546
  262.000000    0.570054
  272.000000    0.596153
  282.000000    0.615182
  292.000000    0.670011
  302.000000    0.697847
  312.000000    0.734812
  322.000000    0.718481
  332.000000    0.716960
  342.000000    0.703341
  352.000000    0.702893
  362.000000    0.708637
  372.000000    0.724129
  382.000000    0.778588
  392.000000    0.815912
  402.000000    0.811998
  412.000000    0.812305
  422.000000    0.783217
  432.000000    0.740476
  442.000000    0.725515
  452.000000    0.694270
  462.000000    0.749811
  472.000000    0.797692
  482.000000    0.772544
  492.000000    0.753846
  502.000000    0.729677
  512.000000    0.757065
  522.000000    0.782686
  532.000000    0.793094
  542.000000    0.775270
  552.000000    0.772612
  562.000000    0.760553
  572.000000    0.722322
  582.000000    0.655966
  592.000000    0.695625
  602.000000    0.728300
  612.000000    0.754417
  622.000000    0.681447
  632.000000    0.649695
  642.000000    0.703743
  652.000000    0.777726
  662.000000    0.783181
  672.000000    0.787915
  682.000000    0.749403
  692.000000    0.771646
  702.000000    0.799733
  712.000000    0.777480
  722.000000    0.740965
  732.000000    0.659903
  742.000000    0.708186
  752.000000    0.687939
  762.000000    0.662197
  772.000000    0.709873
  782.000000    0.736685
  792.000000    0.661880
  802.000000    0.658519
  812.000000    0.693080
  822.000000    0.771454
  832.000000    0.821123
  842.000000    0.824576
  852.000000    0.760342
  862.000000    0.713383
  872.000000    0.737812
  882.000000    0.714099
  892.000000    0.691881
  902.000000    0.750404
  912.000000    0.769369
  922.000000    0.734354
  932.000000    0.734880
  942.000000    0.766406
  952.000000    0.737370
  962.000000    0.701280
  972.000000    0.644972
  982.000000    0.697793
  992.000000    0.768242
 1002.000000    0.746846
 1012.000000    0.728727
 1022.000000    0.748815
 1032.000000    0.770705
 1042.000000    0.744617
 1052.000000    0.731672
 1062.000000    0.708659
 1072.000000    0.705050
 1082.000000    0.700578
 1092.000000    0.703751
 1102.000000    0.693922
 1112.000000    0.737424
 1122.000000    0.757926
 1132.000000    0.736688
 1142.000000    0.736154
 1152.000000    0.765214
 1162.000000    0.770655
 1172.000000    0.793073
 1182.000000    0.800239
 1192.000000    0.789758
 1202.000000    0.775377
 1212.000000    0.726418
 1222.000000    0.741724
 1232.000000    0.753304
 1242.000000    0.775744
 1252.000000    0.790111
 1262.000000    0.785545
 1272.000000    0.804608
 1282.000000    0.809509
 1292.000000    0.781934
 1302.000000    0.744802
 1312.000000    0.766846
 1322.000000    0.754023
 1332.000000    0.739204
 1342.000000    0.694335
 1352.000000    0.703809
 1362.000000    0.709909
 1372.000000    0.658511
 1382.000000    0.665958
 1392.000000    0.699843
 1402.000000    0.766599
 1412.000000    0.818058
 1422.000000    0.821118
 1432.000000    0.803212
 1442.000000    0.833060
 1452.000000    0.843425
 1462.000000    0.857678
 1472.000000    0.827076
 1482.000000    0.826934
 1492.000000    0.830742
 1502.000000    0.811415
 1512.000000    0.791452
 1522.000000    0.777832
 1532.000000    0.723158
 1542.000000    0.722886
 1552.000000    0.771571
 1562.000000    0.791761
 1572.000000    0.748578
 1582.000000    0.726292
 1592.000000    0.747334
 1602.000000    0.689892
 1612.000000    0.673648
 1622.000000    0.738463
 1632.000000    0.722755
 1642.000000    0.684098
 1652.000000    0.725621
 1662.000000    0.745106
 1672.000000    0.740616
 1682.000000    0.761397
 1692.000000    0.775296
 1702.000000    0.801174
 1712.000000    0.845332
 1722.000000    0.800265
 1732.000000    0.786623
 1742.000000    0.754069
 1752.000000    0.724143
 1762.000000    0.764035
 1772.000000    0.735811
 1782.000000    0.719143
 1792.000000    0.731007
 1802.000000    0.749998
 1812.000000    0.743733
 1822.000000    0.748549
 1832.000000    0.782250
 1842.000000    0.804820
 1852.000000    0.786040
 1862.000000    0.786879
 1872.000000    0.822212
 1882.000000    0.836324
 1892.000000    0.838352
 1902.000000    0.853074
 1912.000000    0.866213
 1922.000000    0.863934
 1932.000000    0.785631
 1942.000000    0.697481
