#  pixel_depth  alphabetafraction   >  Analysis of alpha beta fraction
   54.000000    0.665932
   64.000000    0.673478
   74.000000    0.645642
   84.000000    0.615647
   94.000000    0.614853
  104.000000    0.567326
  114.000000    0.574994
  124.000000    0.695207
  134.000000    0.726968
  144.000000    0.683705
  154.000000    0.648835
  164.000000    0.595017
  174.000000    0.579998
  184.000000    0.581306
  194.000000    0.635257
  204.000000    0.661206
  214.000000    0.629342
  224.000000    0.597289
  234.000000    0.606805
  244.000000    0.620506
  254.000000    0.622679
  264.000000    0.668415
  274.000000    0.679065
  284.000000    0.668577
  294.000000    0.677139
  304.000000    0.708532
  314.000000    0.699056
  324.000000    0.671286
  334.000000    0.629626
  344.000000    0.646241
  354.000000    0.711297
  364.000000    0.682074
  374.000000    0.618558
  384.000000    0.596163
  394.000000    0.620134
  404.000000    0.589541
  414.000000    0.569107
  424.000000    0.622855
  434.000000    0.639703
  444.000000    0.741959
  454.000000    0.761572
  464.000000    0.749346
  474.000000    0.712377
  484.000000    0.723422
  494.000000    0.704023
  504.000000    0.596726
  514.000000    0.464060
  524.000000    0.480463
  534.000000    0.481626
  544.000000    0.532403
  554.000000    0.615982
  564.000000    0.638439
  574.000000    0.681330
  584.000000    0.663543
  594.000000    0.686784
  604.000000    0.660883
  614.000000    0.679193
  624.000000    0.667067
  634.000000    0.578701
  644.000000    0.566022
  654.000000    0.568857
  664.000000    0.637037
  674.000000    0.678591
  684.000000    0.680302
  694.000000    0.702956
  704.000000    0.728322
  714.000000    0.709162
  724.000000    0.721273
  734.000000    0.679612
  744.000000    0.706377
  754.000000    0.696905
  764.000000    0.663072
  774.000000    0.680296
  784.000000    0.685046
  794.000000    0.654096
  804.000000    0.645383
  814.000000    0.619578
  824.000000    0.624605
  834.000000    0.634492
  844.000000    0.710878
  854.000000    0.703829
  864.000000    0.676062
  874.000000    0.678975
  884.000000    0.667949
  894.000000    0.659756
  904.000000    0.655976
  914.000000    0.660963
  924.000000    0.643980
  934.000000    0.640829
  944.000000    0.653963
  954.000000    0.680271
  964.000000    0.681461
  974.000000    0.635577
  984.000000    0.619278
  994.000000    0.632687
 1004.000000    0.623799
 1014.000000    0.633494
 1024.000000    0.622649
 1034.000000    0.638972
 1044.000000    0.637489
 1054.000000    0.664534
 1064.000000    0.623018
 1074.000000    0.684581
 1084.000000    0.735877
 1094.000000    0.758030
 1104.000000    0.690597
 1114.000000    0.604202
 1124.000000    0.614038
 1134.000000    0.631025
 1144.000000    0.628124
 1154.000000    0.613087
 1164.000000    0.666741
 1174.000000    0.716488
 1184.000000    0.737619
 1194.000000    0.738619
 1204.000000    0.752253
 1214.000000    0.731299
 1224.000000    0.687534
 1234.000000    0.723120
 1244.000000    0.693281
 1254.000000    0.703171
 1264.000000    0.739945
 1274.000000    0.736656
 1284.000000    0.743091
 1294.000000    0.701964
 1304.000000    0.635966
 1314.000000    0.665302
 1324.000000    0.636143
 1334.000000    0.614544
 1344.000000    0.674774
 1354.000000    0.713518
 1364.000000    0.718163
 1374.000000    0.751798
 1384.000000    0.732885
 1394.000000    0.670402
 1404.000000    0.685638
 1414.000000    0.681366
 1424.000000    0.685734
 1434.000000    0.680742
 1444.000000    0.648119
 1454.000000    0.621597
 1464.000000    0.551604
 1474.000000    0.596485
 1484.000000    0.638829
 1494.000000    0.669677
 1504.000000    0.729657
 1514.000000    0.700428
 1524.000000    0.713612
 1534.000000    0.708881
 1544.000000    0.684477
 1554.000000    0.674817
 1564.000000    0.661199
 1574.000000    0.642711
 1584.000000    0.618907
 1594.000000    0.657017
 1604.000000    0.676287
 1614.000000    0.700088
 1624.000000    0.713564
 1634.000000    0.766531
 1644.000000    0.757371
 1654.000000    0.689174
 1664.000000    0.738686
 1674.000000    0.728684
 1684.000000    0.735891
 1694.000000    0.711496
 1704.000000    0.695559
 1714.000000    0.649744
 1724.000000    0.577582
 1734.000000    0.547917
 1744.000000    0.573580
 1754.000000    0.644644
