#  pixel_depth  alphabetafraction   >  Analysis of alpha beta fraction
  233.000000    0.654066
  243.000000    0.663972
  253.000000    0.685414
  263.000000    0.680689
  273.000000    0.703693
  283.000000    0.707375
  293.000000    0.663171
  303.000000    0.644378
  313.000000    0.609534
  323.000000    0.637310
  333.000000    0.677822
  343.000000    0.735545
  353.000000    0.734152
  363.000000    0.651179
  373.000000    0.633144
  383.000000    0.673791
  393.000000    0.710893
  403.000000    0.705464
  413.000000    0.703712
  423.000000    0.730363
  433.000000    0.726477
  443.000000    0.741116
  453.000000    0.769426
  463.000000    0.798184
  473.000000    0.800361
  483.000000    0.833378
  493.000000    0.814476
  503.000000    0.749351
  513.000000    0.719437
  523.000000    0.671011
  533.000000    0.692820
  543.000000    0.655129
  553.000000    0.667269
  563.000000    0.693466
  573.000000    0.708621
  583.000000    0.718751
  593.000000    0.737101
  603.000000    0.729787
  613.000000    0.751110
  623.000000    0.776243
  633.000000    0.751246
  643.000000    0.728070
  653.000000    0.713205
  663.000000    0.685493
  673.000000    0.712277
  683.000000    0.662992
  693.000000    0.654753
  703.000000    0.693366
  713.000000    0.721479
  723.000000    0.734341
  733.000000    0.755863
  743.000000    0.762961
  753.000000    0.785797
  763.000000    0.772726
  773.000000    0.734706
  783.000000    0.683209
  793.000000    0.644889
  803.000000    0.653616
  813.000000    0.681208
  823.000000    0.689389
  833.000000    0.657285
  843.000000    0.618556
  853.000000    0.609685
  863.000000    0.600766
  873.000000    0.570734
  883.000000    0.622331
  893.000000    0.603674
  903.000000    0.598861
  913.000000    0.605888
  923.000000    0.668226
  933.000000    0.677619
  943.000000    0.687603
  953.000000    0.712860
  963.000000    0.690493
  973.000000    0.617654
  983.000000    0.559267
  993.000000    0.605233
 1003.000000    0.660962
 1013.000000    0.682167
 1023.000000    0.713645
 1033.000000    0.705268
 1043.000000    0.661609
 1053.000000    0.593168
 1063.000000    0.510188
 1073.000000    0.582189
 1083.000000    0.695377
 1093.000000    0.726422
 1103.000000    0.700957
 1113.000000    0.667043
 1123.000000    0.653149
 1133.000000    0.627627
 1143.000000    0.632098
 1153.000000    0.685993
 1163.000000    0.650337
 1173.000000    0.650188
 1183.000000    0.628724
 1193.000000    0.631685
 1203.000000    0.678869
 1213.000000    0.701531
 1223.000000    0.729320
 1233.000000    0.708467
 1243.000000    0.675928
 1253.000000    0.708545
 1263.000000    0.706590
 1273.000000    0.662033
 1283.000000    0.650211
 1293.000000    0.663952
 1303.000000    0.670959
 1313.000000    0.675917
 1323.000000    0.674452
 1333.000000    0.671071
 1343.000000    0.685457
 1353.000000    0.721591
 1363.000000    0.727386
 1373.000000    0.688744
 1383.000000    0.710625
 1393.000000    0.713057
 1403.000000    0.709579
 1413.000000    0.622144
 1423.000000    0.635584
 1433.000000    0.665208
 1443.000000    0.625212
 1453.000000    0.610758
 1463.000000    0.667399
 1473.000000    0.651468
 1483.000000    0.648852
 1493.000000    0.646883
 1503.000000    0.714354
 1513.000000    0.731090
 1523.000000    0.723283
 1533.000000    0.720999
 1543.000000    0.723683
 1553.000000    0.718347
 1563.000000    0.695826
 1573.000000    0.644423
 1583.000000    0.603385
 1593.000000    0.625273
 1603.000000    0.579183
 1613.000000    0.592095
 1623.000000    0.629458
 1633.000000    0.644750
 1643.000000    0.623805
 1653.000000    0.573328
 1663.000000    0.598437
 1673.000000    0.617811
 1683.000000    0.632887
 1693.000000    0.641638
 1703.000000    0.659458
 1713.000000    0.693083
 1723.000000    0.675502
 1733.000000    0.708476
 1743.000000    0.692851
 1753.000000    0.645377
 1763.000000    0.623963
 1773.000000    0.653180
 1783.000000    0.657996
 1793.000000    0.642060
 1803.000000    0.683315
 1813.000000    0.689170
 1823.000000    0.648944
 1833.000000    0.638386
 1843.000000    0.644380
 1853.000000    0.675316
 1863.000000    0.680017
 1873.000000    0.664617
 1883.000000    0.671235
 1893.000000    0.706072
 1903.000000    0.690758
 1913.000000    0.650340
 1923.000000    0.677978
 1933.000000    0.703127
 1943.000000    0.686341
