#  pixel_depth  alphabetafraction   >  Analysis of alpha beta fraction
  133.000000    0.605172
  143.000000    0.644130
  153.000000    0.685420
  163.000000    0.713977
  173.000000    0.770747
  183.000000    0.763489
  193.000000    0.720052
  203.000000    0.748637
  213.000000    0.782330
  223.000000    0.780944
  233.000000    0.821082
  243.000000    0.825379
  253.000000    0.738759
  263.000000    0.718057
  273.000000    0.715411
  283.000000    0.702274
  293.000000    0.767243
  303.000000    0.733445
  313.000000    0.737769
  323.000000    0.779723
  333.000000    0.735908
  343.000000    0.747020
  353.000000    0.676794
  363.000000    0.572663
  373.000000    0.561700
  383.000000    0.592388
  393.000000    0.654618
  403.000000    0.695682
  413.000000    0.711768
  423.000000    0.758121
  433.000000    0.840412
  443.000000    0.891352
  453.000000    0.912938
  463.000000    0.897178
  473.000000    0.882475
  483.000000    0.880955
  493.000000    0.816748
  503.000000    0.740770
  513.000000    0.668139
  523.000000    0.640699
  533.000000    0.635635
  543.000000    0.649633
  553.000000    0.735718
  563.000000    0.763417
  573.000000    0.792484
  583.000000    0.792830
  593.000000    0.810831
  603.000000    0.777601
  613.000000    0.774537
  623.000000    0.748523
  633.000000    0.726458
  643.000000    0.748133
  653.000000    0.811172
  663.000000    0.829015
  673.000000    0.829029
  683.000000    0.832277
  693.000000    0.827147
  703.000000    0.810849
  713.000000    0.803602
  723.000000    0.809899
  733.000000    0.758974
  743.000000    0.719530
  753.000000    0.702308
  763.000000    0.629111
  773.000000    0.607625
  783.000000    0.613939
  793.000000    0.711704
  803.000000    0.737344
  813.000000    0.729024
  823.000000    0.717318
  833.000000    0.691414
  843.000000    0.762026
  853.000000    0.735893
  863.000000    0.754542
  873.000000    0.654822
  883.000000    0.604333
  893.000000    0.637785
  903.000000    0.690006
  913.000000    0.779094
  923.000000    0.798357
  933.000000    0.860426
  943.000000    0.843904
  953.000000    0.873292
  963.000000    0.867839
  973.000000    0.826337
  983.000000    0.778542
  993.000000    0.725569
 1003.000000    0.719176
 1013.000000    0.673347
 1023.000000    0.635206
 1033.000000    0.677212
 1043.000000    0.719315
 1053.000000    0.745289
 1063.000000    0.735188
 1073.000000    0.715001
 1083.000000    0.734093
 1093.000000    0.723179
 1103.000000    0.704339
 1113.000000    0.627856
 1123.000000    0.525288
 1133.000000    0.552510
 1143.000000    0.606394
 1153.000000    0.629845
 1163.000000    0.600528
 1173.000000    0.657723
 1183.000000    0.675780
 1193.000000    0.675808
 1203.000000    0.722704
 1213.000000    0.793706
 1223.000000    0.799921
 1233.000000    0.817614
 1243.000000    0.800019
 1253.000000    0.817536
 1263.000000    0.819305
 1273.000000    0.784849
 1283.000000    0.821357
 1293.000000    0.798196
 1303.000000    0.743540
 1313.000000    0.725221
 1323.000000    0.749291
 1333.000000    0.749039
 1343.000000    0.729770
 1353.000000    0.773674
 1363.000000    0.707158
 1373.000000    0.670515
 1383.000000    0.657711
 1393.000000    0.675590
 1403.000000    0.699039
 1413.000000    0.764416
 1423.000000    0.848961
 1433.000000    0.870320
 1443.000000    0.854801
 1453.000000    0.766386
 1463.000000    0.725544
 1473.000000    0.731162
 1483.000000    0.687564
 1493.000000    0.658684
 1503.000000    0.699478
 1513.000000    0.678465
 1523.000000    0.725009
 1533.000000    0.716892
 1543.000000    0.708290
 1553.000000    0.676261
 1563.000000    0.614183
 1573.000000    0.600149
 1583.000000    0.639799
 1593.000000    0.635089
 1603.000000    0.685847
 1613.000000    0.750632
 1623.000000    0.763450
 1633.000000    0.728877
 1643.000000    0.747429
 1653.000000    0.757364
 1663.000000    0.749769
 1673.000000    0.764268
 1683.000000    0.778622
 1693.000000    0.776042
 1703.000000    0.796045
 1713.000000    0.793862
 1723.000000    0.825586
 1733.000000    0.798955
 1743.000000    0.822552
 1753.000000    0.780155
 1763.000000    0.772189
 1773.000000    0.726831
 1783.000000    0.701482
 1793.000000    0.681551
 1803.000000    0.679149
 1813.000000    0.653197
 1823.000000    0.676720
 1833.000000    0.688537
 1843.000000    0.691749
 1853.000000    0.649327
 1863.000000    0.637945
 1873.000000    0.636454
 1883.000000    0.677033
 1893.000000    0.697746
