#  pixel_depth  alphabetafraction   >  Analysis of alpha beta fraction
  130.000000    0.772264
  140.000000    0.739484
  150.000000    0.777583
  160.000000    0.788046
  170.000000    0.763262
  180.000000    0.725105
  190.000000    0.703969
  200.000000    0.724802
  210.000000    0.735510
  220.000000    0.782079
  230.000000    0.770434
  240.000000    0.780481
  250.000000    0.710648
  260.000000    0.642807
  270.000000    0.635148
  280.000000    0.631058
  290.000000    0.635851
  300.000000    0.626935
  310.000000    0.611016
  320.000000    0.627530
  330.000000    0.611852
  340.000000    0.598456
  350.000000    0.623280
  360.000000    0.632064
  370.000000    0.685994
  380.000000    0.659167
  390.000000    0.638292
  400.000000    0.565182
  410.000000    0.579105
  420.000000    0.657992
  430.000000    0.695828
  440.000000    0.719636
  450.000000    0.662095
  460.000000    0.727602
  470.000000    0.694151
  480.000000    0.700044
  490.000000    0.688700
  500.000000    0.707525
  510.000000    0.706708
  520.000000    0.731677
  530.000000    0.749995
  540.000000    0.750304
  550.000000    0.718638
  560.000000    0.745788
  570.000000    0.769407
  580.000000    0.797551
  590.000000    0.813161
  600.000000    0.777550
  610.000000    0.729829
  620.000000    0.682926
  630.000000    0.653860
  640.000000    0.611710
  650.000000    0.666125
  660.000000    0.661204
  670.000000    0.665268
  680.000000    0.689058
  690.000000    0.719344
  700.000000    0.786862
  710.000000    0.793437
  720.000000    0.743079
  730.000000    0.693354
  740.000000    0.659176
  750.000000    0.693203
  760.000000    0.696078
  770.000000    0.743200
  780.000000    0.760282
  790.000000    0.736663
  800.000000    0.699436
  810.000000    0.696513
  820.000000    0.680620
  830.000000    0.642432
  840.000000    0.689432
  850.000000    0.765809
  860.000000    0.788073
  870.000000    0.801143
  880.000000    0.820847
  890.000000    0.790432
  900.000000    0.802940
  910.000000    0.767286
  920.000000    0.769674
  930.000000    0.746383
  940.000000    0.721206
  950.000000    0.670849
  960.000000    0.603300
  970.000000    0.652202
  980.000000    0.726234
  990.000000    0.715090
 1000.000000    0.658053
 1010.000000    0.633598
 1020.000000    0.630247
 1030.000000    0.645360
 1040.000000    0.649584
 1050.000000    0.615802
 1060.000000    0.620740
 1070.000000    0.609441
 1080.000000    0.646324
 1090.000000    0.653129
 1100.000000    0.668933
 1110.000000    0.657456
 1120.000000    0.654635
 1130.000000    0.635853
 1140.000000    0.648553
 1150.000000    0.620279
 1160.000000    0.613464
 1170.000000    0.661212
 1180.000000    0.693255
 1190.000000    0.736908
 1200.000000    0.727604
 1210.000000    0.714757
 1220.000000    0.672392
 1230.000000    0.643006
 1240.000000    0.580399
 1250.000000    0.558916
 1260.000000    0.577823
 1270.000000    0.687730
 1280.000000    0.717494
 1290.000000    0.699688
 1300.000000    0.770157
 1310.000000    0.764858
 1320.000000    0.730178
 1330.000000    0.711773
 1340.000000    0.687641
 1350.000000    0.604531
 1360.000000    0.568041
 1370.000000    0.622863
 1380.000000    0.641415
 1390.000000    0.695017
 1400.000000    0.763647
 1410.000000    0.741271
 1420.000000    0.761028
 1430.000000    0.752684
 1440.000000    0.742008
 1450.000000    0.722864
 1460.000000    0.691875
 1470.000000    0.689589
 1480.000000    0.643186
 1490.000000    0.635674
 1500.000000    0.646206
 1510.000000    0.695021
 1520.000000    0.758564
 1530.000000    0.829407
 1540.000000    0.812793
 1550.000000    0.767314
 1560.000000    0.721157
 1570.000000    0.665187
 1580.000000    0.596985
 1590.000000    0.619770
 1600.000000    0.601528
 1610.000000    0.575147
 1620.000000    0.592288
 1630.000000    0.590135
 1640.000000    0.690342
 1650.000000    0.703651
 1660.000000    0.713240
 1670.000000    0.712213
 1680.000000    0.762107
 1690.000000    0.722766
 1700.000000    0.691667
 1710.000000    0.670602
 1720.000000    0.647916
 1730.000000    0.641329
 1740.000000    0.733116
 1750.000000    0.685535
 1760.000000    0.698760
 1770.000000    0.724980
 1780.000000    0.751648
 1790.000000    0.694810
 1800.000000    0.643316
 1810.000000    0.572787
 1820.000000    0.620280
 1830.000000    0.643831
 1840.000000    0.655282
 1850.000000    0.700887
 1860.000000    0.722386
 1870.000000    0.755662
 1880.000000    0.741092
 1890.000000    0.752912
