#  pixel_depth  alphabetafraction   >  Analysis of alpha beta fraction
  239.000000    0.635181
  249.000000    0.669151
  259.000000    0.647528
  269.000000    0.605740
  279.000000    0.634951
  289.000000    0.632427
  299.000000    0.593562
  309.000000    0.577509
  319.000000    0.501059
  329.000000    0.503406
  339.000000    0.501467
  349.000000    0.567592
  359.000000    0.569694
  369.000000    0.560356
  379.000000    0.541366
  389.000000    0.545241
  399.000000    0.540900
  409.000000    0.607828
  419.000000    0.597231
  429.000000    0.668543
  439.000000    0.670744
  449.000000    0.656956
  459.000000    0.658796
  469.000000    0.655440
  479.000000    0.687885
  489.000000    0.665560
  499.000000    0.703296
  509.000000    0.691206
  519.000000    0.689756
  529.000000    0.669386
  539.000000    0.667612
  549.000000    0.714481
  559.000000    0.732478
  569.000000    0.727919
  579.000000    0.753186
  589.000000    0.780876
  599.000000    0.777345
  609.000000    0.804016
  619.000000    0.851627
  629.000000    0.816682
  639.000000    0.804318
  649.000000    0.751555
  659.000000    0.766789
  669.000000    0.729855
  679.000000    0.747726
  689.000000    0.762738
  699.000000    0.752693
  709.000000    0.750270
  719.000000    0.641385
  729.000000    0.661549
  739.000000    0.712552
  749.000000    0.708856
  759.000000    0.748950
  769.000000    0.773431
  779.000000    0.777232
  789.000000    0.759696
  799.000000    0.712276
  809.000000    0.742536
  819.000000    0.778642
  829.000000    0.773668
  839.000000    0.817820
  849.000000    0.795830
  859.000000    0.774020
  869.000000    0.796275
  879.000000    0.767739
  889.000000    0.785093
  899.000000    0.764123
  909.000000    0.743991
  919.000000    0.764215
  929.000000    0.771148
  939.000000    0.787896
  949.000000    0.798681
  959.000000    0.817639
  969.000000    0.822539
  979.000000    0.749852
  989.000000    0.773402
  999.000000    0.832292
 1009.000000    0.809190
 1019.000000    0.796207
 1029.000000    0.799633
 1039.000000    0.779950
 1049.000000    0.786515
 1059.000000    0.794970
 1069.000000    0.779102
 1079.000000    0.794817
 1089.000000    0.809792
 1099.000000    0.752803
 1109.000000    0.754303
 1119.000000    0.809283
 1129.000000    0.831851
 1139.000000    0.848520
 1149.000000    0.805614
 1159.000000    0.825738
 1169.000000    0.764141
 1179.000000    0.772043
 1189.000000    0.798641
 1199.000000    0.772128
 1209.000000    0.813256
 1219.000000    0.778906
 1229.000000    0.786784
 1239.000000    0.776230
 1249.000000    0.790031
 1259.000000    0.752781
 1269.000000    0.760443
 1279.000000    0.787112
 1289.000000    0.794300
 1299.000000    0.731408
 1309.000000    0.771497
 1319.000000    0.792438
 1329.000000    0.748993
 1339.000000    0.729406
 1349.000000    0.703860
 1359.000000    0.750257
 1369.000000    0.792851
 1379.000000    0.809448
 1389.000000    0.798208
 1399.000000    0.821272
 1409.000000    0.826561
 1419.000000    0.840767
 1429.000000    0.792478
 1439.000000    0.738561
 1449.000000    0.768899
 1459.000000    0.841629
 1469.000000    0.766283
 1479.000000    0.725169
 1489.000000    0.686723
 1499.000000    0.680144
 1509.000000    0.671560
 1519.000000    0.678641
 1529.000000    0.695774
 1539.000000    0.674274
 1549.000000    0.635949
 1559.000000    0.650701
 1569.000000    0.685302
 1579.000000    0.719046
 1589.000000    0.723833
 1599.000000    0.705820
 1609.000000    0.736589
 1619.000000    0.775463
 1629.000000    0.734376
 1639.000000    0.689227
 1649.000000    0.729114
 1659.000000    0.684890
 1669.000000    0.748797
 1679.000000    0.764555
 1689.000000    0.768638
 1699.000000    0.790212
 1709.000000    0.771591
 1719.000000    0.768417
 1729.000000    0.787135
 1739.000000    0.786111
 1749.000000    0.734146
 1759.000000    0.725750
 1769.000000    0.713567
 1779.000000    0.732930
 1789.000000    0.792854
 1799.000000    0.764108
 1809.000000    0.742188
 1819.000000    0.699508
 1829.000000    0.659244
 1839.000000    0.671975
 1849.000000    0.718729
 1859.000000    0.771553
 1869.000000    0.823940
 1879.000000    0.792748
 1889.000000    0.758769
 1899.000000    0.762531
 1909.000000    0.772814
 1919.000000    0.755910
 1929.000000    0.734561
 1939.000000    0.721208
