#  pixel_depth  alphabetafraction   >  Analysis of alpha beta fraction
   59.000000    0.844071
   69.000000    0.885534
   79.000000    0.883301
   89.000000    0.906023
   99.000000    0.909270
  109.000000    0.888975
  119.000000    0.897077
  129.000000    0.908139
  139.000000    0.892679
  149.000000    0.904535
  159.000000    0.908057
  169.000000    0.865470
  179.000000    0.822935
  189.000000    0.771142
  199.000000    0.810395
  209.000000    0.855703
  219.000000    0.900203
  229.000000    0.930916
  239.000000    0.938382
  249.000000    0.924895
  259.000000    0.927569
  269.000000    0.884325
  279.000000    0.804121
  289.000000    0.780405
  299.000000    0.786416
  309.000000    0.780389
  319.000000    0.809413
  329.000000    0.766427
  339.000000    0.761604
  349.000000    0.804279
  359.000000    0.866320
  369.000000    0.877337
  379.000000    0.916388
  389.000000    0.915563
  399.000000    0.883908
  409.000000    0.847988
  419.000000    0.752821
  429.000000    0.762906
  439.000000    0.753489
  449.000000    0.750013
  459.000000    0.788905
  469.000000    0.791459
  479.000000    0.792766
  489.000000    0.856395
  499.000000    0.849400
  509.000000    0.804634
  519.000000    0.781365
  529.000000    0.790904
  539.000000    0.799427
  549.000000    0.795087
  559.000000    0.770805
  569.000000    0.777468
  579.000000    0.828111
  589.000000    0.880363
  599.000000    0.888969
  609.000000    0.841408
  619.000000    0.794291
  629.000000    0.785007
  639.000000    0.802478
  649.000000    0.797301
  659.000000    0.802114
  669.000000    0.727218
  679.000000    0.711509
  689.000000    0.769900
  699.000000    0.788986
  709.000000    0.775647
  719.000000    0.789727
  729.000000    0.808149
  739.000000    0.794385
  749.000000    0.743615
  759.000000    0.747570
  769.000000    0.749566
  779.000000    0.850472
  789.000000    0.877651
  799.000000    0.850935
  809.000000    0.811554
  819.000000    0.833427
  829.000000    0.843007
  839.000000    0.777210
  849.000000    0.765445
  859.000000    0.693135
  869.000000    0.675081
  879.000000    0.771377
  889.000000    0.756647
  899.000000    0.769332
  909.000000    0.795179
  919.000000    0.794052
  929.000000    0.748065
  939.000000    0.752557
  949.000000    0.758737
  959.000000    0.824840
  969.000000    0.873671
  979.000000    0.874953
  989.000000    0.837499
  999.000000    0.789439
 1009.000000    0.748388
 1019.000000    0.707359
 1029.000000    0.743707
 1039.000000    0.747657
 1049.000000    0.771358
 1059.000000    0.744064
 1069.000000    0.784508
 1079.000000    0.791422
 1089.000000    0.771156
 1099.000000    0.736182
 1109.000000    0.737339
 1119.000000    0.788002
 1129.000000    0.816595
 1139.000000    0.800590
 1149.000000    0.770838
 1159.000000    0.780793
 1169.000000    0.870721
 1179.000000    0.851578
 1189.000000    0.827973
 1199.000000    0.780756
 1209.000000    0.725722
 1219.000000    0.690051
 1229.000000    0.706553
 1239.000000    0.734714
 1249.000000    0.718958
 1259.000000    0.742513
 1269.000000    0.750499
 1279.000000    0.770323
 1289.000000    0.794070
 1299.000000    0.774498
 1309.000000    0.783311
 1319.000000    0.747203
 1329.000000    0.686572
 1339.000000    0.760782
 1349.000000    0.805854
 1359.000000    0.746207
 1369.000000    0.669932
 1379.000000    0.762873
 1389.000000    0.763346
 1399.000000    0.839579
 1409.000000    0.847326
 1419.000000    0.775154
 1429.000000    0.719338
 1439.000000    0.678471
 1449.000000    0.721745
 1459.000000    0.714755
 1469.000000    0.776323
 1479.000000    0.770261
 1489.000000    0.779879
 1499.000000    0.810447
 1509.000000    0.750057
 1519.000000    0.674554
 1529.000000    0.689436
 1539.000000    0.695462
 1549.000000    0.730559
 1559.000000    0.733602
 1569.000000    0.768980
 1579.000000    0.773138
 1589.000000    0.799972
 1599.000000    0.810790
 1609.000000    0.754163
 1619.000000    0.716247
 1629.000000    0.739392
 1639.000000    0.740500
 1649.000000    0.747246
 1659.000000    0.801848
 1669.000000    0.822087
 1679.000000    0.785266
 1689.000000    0.742949
 1699.000000    0.779777
 1709.000000    0.792546
