#  pixel_depth  alphabetafraction   >  Analysis of alpha beta fraction
   49.000000    0.734632
   59.000000    0.718125
   69.000000    0.658748
   79.000000    0.592662
   89.000000    0.583559
   99.000000    0.638879
  109.000000    0.663608
  119.000000    0.702047
  129.000000    0.756908
  139.000000    0.701958
  149.000000    0.740777
  159.000000    0.741757
  169.000000    0.701606
  179.000000    0.698891
  189.000000    0.707644
  199.000000    0.697398
  209.000000    0.713241
  219.000000    0.707351
  229.000000    0.685355
  239.000000    0.669368
  249.000000    0.676121
  259.000000    0.669050
  269.000000    0.701034
  279.000000    0.747511
  289.000000    0.766981
  299.000000    0.757809
  309.000000    0.732360
  319.000000    0.710090
  329.000000    0.719008
  339.000000    0.682394
  349.000000    0.642589
  359.000000    0.630541
  369.000000    0.629680
  379.000000    0.635819
  389.000000    0.700491
  399.000000    0.732506
  409.000000    0.735475
  419.000000    0.713176
  429.000000    0.688930
  439.000000    0.687153
  449.000000    0.702540
  459.000000    0.759516
  469.000000    0.769646
  479.000000    0.762149
  489.000000    0.686997
  499.000000    0.566882
  509.000000    0.641455
  519.000000    0.691413
  529.000000    0.697424
  539.000000    0.676205
  549.000000    0.652476
  559.000000    0.612658
  569.000000    0.631951
  579.000000    0.695435
  589.000000    0.722272
  599.000000    0.676349
  609.000000    0.634617
  619.000000    0.587785
  629.000000    0.627519
  639.000000    0.655548
  649.000000    0.675221
  659.000000    0.667818
  669.000000    0.720856
  679.000000    0.729074
  689.000000    0.756965
  699.000000    0.781148
  709.000000    0.743489
  719.000000    0.660265
  729.000000    0.609398
  739.000000    0.567473
  749.000000    0.582840
  759.000000    0.670203
  769.000000    0.692228
  779.000000    0.738781
  789.000000    0.793699
  799.000000    0.819312
  809.000000    0.808560
  819.000000    0.779446
  829.000000    0.744057
  839.000000    0.665731
  849.000000    0.643456
  859.000000    0.632933
  869.000000    0.644481
  879.000000    0.608914
  889.000000    0.621221
  899.000000    0.636050
  909.000000    0.699199
  919.000000    0.671787
  929.000000    0.693124
  939.000000    0.731908
  949.000000    0.730093
  959.000000    0.700515
  969.000000    0.675657
  979.000000    0.727033
  989.000000    0.787745
  999.000000    0.770669
 1009.000000    0.642058
 1019.000000    0.585679
 1029.000000    0.611711
 1039.000000    0.671358
 1049.000000    0.691509
 1059.000000    0.686796
 1069.000000    0.586811
 1079.000000    0.493456
 1089.000000    0.645903
 1099.000000    0.709243
 1109.000000    0.755340
 1119.000000    0.794090
 1129.000000    0.804095
 1139.000000    0.771963
 1149.000000    0.737764
 1159.000000    0.641870
 1169.000000    0.624797
 1179.000000    0.643010
 1189.000000    0.739073
 1199.000000    0.752342
 1209.000000    0.752479
 1219.000000    0.727115
 1229.000000    0.688949
 1239.000000    0.617497
 1249.000000    0.622772
 1259.000000    0.631805
 1269.000000    0.638364
 1279.000000    0.599715
 1289.000000    0.673679
 1299.000000    0.635964
 1309.000000    0.625031
 1319.000000    0.575830
 1329.000000    0.613406
 1339.000000    0.641446
 1349.000000    0.669642
 1359.000000    0.673540
 1369.000000    0.690999
 1379.000000    0.716176
 1389.000000    0.671259
 1399.000000    0.669979
 1409.000000    0.708796
 1419.000000    0.711796
 1429.000000    0.688677
 1439.000000    0.648377
 1449.000000    0.654518
 1459.000000    0.661493
 1469.000000    0.656552
 1479.000000    0.650623
 1489.000000    0.614246
 1499.000000    0.616310
 1509.000000    0.626239
 1519.000000    0.662777
 1529.000000    0.684692
 1539.000000    0.641960
 1549.000000    0.654973
 1559.000000    0.642620
 1569.000000    0.674319
 1579.000000    0.603372
 1589.000000    0.594533
 1599.000000    0.587696
 1609.000000    0.527509
 1619.000000    0.569366
 1629.000000    0.617696
 1639.000000    0.729753
 1649.000000    0.786267
 1659.000000    0.840194
 1669.000000    0.886753
 1679.000000    0.860139
 1689.000000    0.757055
 1699.000000    0.622844
 1709.000000    0.554343
 1719.000000    0.574994
 1729.000000    0.654693
 1739.000000    0.662794
 1749.000000    0.640131
 1759.000000    0.664251
 1769.000000    0.674000
 1779.000000    0.674683
 1789.000000    0.662237
 1799.000000    0.666727
 1809.000000    0.620836
 1819.000000    0.565319
 1829.000000    0.618623
