#  pixel_depth  alphabetafraction   >  Analysis of alpha beta fraction
  110.000000    0.683385
  120.000000    0.672540
  130.000000    0.717091
  140.000000    0.719191
  150.000000    0.720044
  160.000000    0.677097
  170.000000    0.649948
  180.000000    0.643472
  190.000000    0.615501
  200.000000    0.638888
  210.000000    0.643734
  220.000000    0.659355
  230.000000    0.671851
  240.000000    0.662371
  250.000000    0.566982
  260.000000    0.541666
  270.000000    0.525568
  280.000000    0.512252
  290.000000    0.626248
  300.000000    0.639988
  310.000000    0.625988
  320.000000    0.605956
  330.000000    0.574305
  340.000000    0.563107
  350.000000    0.596739
  360.000000    0.570223
  370.000000    0.592285
  380.000000    0.613358
  390.000000    0.702798
  400.000000    0.753355
  410.000000    0.692957
  420.000000    0.668770
  430.000000    0.660760
  440.000000    0.678153
  450.000000    0.691776
  460.000000    0.710551
  470.000000    0.699866
  480.000000    0.657326
  490.000000    0.653646
  500.000000    0.678685
  510.000000    0.696006
  520.000000    0.644647
  530.000000    0.626665
  540.000000    0.584739
  550.000000    0.593510
  560.000000    0.685454
  570.000000    0.697359
  580.000000    0.697823
  590.000000    0.726717
  600.000000    0.714243
  610.000000    0.677217
  620.000000    0.680906
  630.000000    0.623589
  640.000000    0.552841
  650.000000    0.527894
  660.000000    0.493334
  670.000000    0.527752
  680.000000    0.613948
  690.000000    0.651770
  700.000000    0.689356
  710.000000    0.717094
  720.000000    0.726712
  730.000000    0.748502
  740.000000    0.709779
  750.000000    0.644342
  760.000000    0.625872
  770.000000    0.628961
  780.000000    0.634074
  790.000000    0.615040
  800.000000    0.650415
  810.000000    0.691921
  820.000000    0.731536
  830.000000    0.689930
  840.000000    0.714617
  850.000000    0.717128
  860.000000    0.682169
  870.000000    0.618877
  880.000000    0.561665
  890.000000    0.507652
  900.000000    0.495393
  910.000000    0.492124
  920.000000    0.507786
  930.000000    0.579761
  940.000000    0.661259
  950.000000    0.722169
  960.000000    0.732143
  970.000000    0.728237
  980.000000    0.731867
  990.000000    0.687853
 1000.000000    0.639632
 1010.000000    0.673520
 1020.000000    0.691055
 1030.000000    0.658241
 1040.000000    0.643955
 1050.000000    0.652496
 1060.000000    0.660148
 1070.000000    0.649995
 1080.000000    0.611200
 1090.000000    0.617230
 1100.000000    0.675679
 1110.000000    0.674749
 1120.000000    0.755335
 1130.000000    0.778598
 1140.000000    0.797673
 1150.000000    0.777051
 1160.000000    0.719283
 1170.000000    0.648630
 1180.000000    0.648580
 1190.000000    0.686055
 1200.000000    0.626496
 1210.000000    0.587054
 1220.000000    0.632106
 1230.000000    0.667905
 1240.000000    0.677756
 1250.000000    0.645689
 1260.000000    0.611151
 1270.000000    0.588084
 1280.000000    0.533898
 1290.000000    0.599925
 1300.000000    0.687741
 1310.000000    0.743721
 1320.000000    0.796537
 1330.000000    0.783640
 1340.000000    0.766757
 1350.000000    0.777159
 1360.000000    0.771512
 1370.000000    0.767000
 1380.000000    0.738831
 1390.000000    0.689175
 1400.000000    0.665117
 1410.000000    0.689159
 1420.000000    0.774841
 1430.000000    0.784188
 1440.000000    0.814732
 1450.000000    0.794144
 1460.000000    0.764307
 1470.000000    0.757184
 1480.000000    0.769155
 1490.000000    0.809575
 1500.000000    0.770105
 1510.000000    0.736174
 1520.000000    0.676420
 1530.000000    0.648756
 1540.000000    0.639480
 1550.000000    0.610333
 1560.000000    0.598440
 1570.000000    0.664485
 1580.000000    0.728811
 1590.000000    0.784806
 1600.000000    0.789113
 1610.000000    0.807353
 1620.000000    0.741455
 1630.000000    0.710646
 1640.000000    0.783990
 1650.000000    0.783752
 1660.000000    0.747334
 1670.000000    0.777150
 1680.000000    0.694365
 1690.000000    0.695260
 1700.000000    0.661619
 1710.000000    0.676791
 1720.000000    0.672048
 1730.000000    0.719067
 1740.000000    0.792545
 1750.000000    0.819404
 1760.000000    0.762881
 1770.000000    0.696401
 1780.000000    0.666266
 1790.000000    0.660768
 1800.000000    0.651552
 1810.000000    0.645016
 1820.000000    0.660707
 1830.000000    0.714188
 1840.000000    0.781514
 1850.000000    0.861145
 1860.000000    0.876594
 1870.000000    0.847080
 1880.000000    0.796040
