#  pixel_depth  alphabetafraction   >  Analysis of alpha beta fraction
   52.000000    0.949266
   62.000000    0.925123
   72.000000    0.842707
   82.000000    0.778213
   92.000000    0.797138
  102.000000    0.754547
  112.000000    0.751984
  122.000000    0.778104
  132.000000    0.726549
  142.000000    0.670540
  152.000000    0.644314
  162.000000    0.674392
  172.000000    0.709146
  182.000000    0.737102
  192.000000    0.721769
  202.000000    0.751378
  212.000000    0.782796
  222.000000    0.801514
  232.000000    0.796691
  242.000000    0.805113
  252.000000    0.800348
  262.000000    0.755984
  272.000000    0.736363
  282.000000    0.721321
  292.000000    0.766015
  302.000000    0.721172
  312.000000    0.711254
  322.000000    0.731271
  332.000000    0.727652
  342.000000    0.751469
  352.000000    0.765573
  362.000000    0.791927
  372.000000    0.775636
  382.000000    0.724806
  392.000000    0.731822
  402.000000    0.750359
  412.000000    0.755177
  422.000000    0.754691
  432.000000    0.781644
  442.000000    0.803534
  452.000000    0.789021
  462.000000    0.826519
  472.000000    0.815888
  482.000000    0.764322
  492.000000    0.709264
  502.000000    0.700284
  512.000000    0.688604
  522.000000    0.679443
  532.000000    0.707709
  542.000000    0.783133
  552.000000    0.803212
  562.000000    0.773172
  572.000000    0.810268
  582.000000    0.776550
  592.000000    0.798718
  602.000000    0.795606
  612.000000    0.832410
  622.000000    0.833992
  632.000000    0.827449
  642.000000    0.792938
  652.000000    0.755391
  662.000000    0.776610
  672.000000    0.781259
  682.000000    0.798079
  692.000000    0.791269
  702.000000    0.771494
  712.000000    0.753998
  722.000000    0.745811
  732.000000    0.750613
  742.000000    0.795041
  752.000000    0.767683
  762.000000    0.760521
  772.000000    0.712830
  782.000000    0.722818
  792.000000    0.803462
  802.000000    0.804813
  812.000000    0.784377
  822.000000    0.726774
  832.000000    0.760309
  842.000000    0.760595
  852.000000    0.759495
  862.000000    0.774099
  872.000000    0.755511
  882.000000    0.765826
  892.000000    0.736191
  902.000000    0.714664
  912.000000    0.708690
  922.000000    0.715667
  932.000000    0.696551
  942.000000    0.721092
  952.000000    0.768770
  962.000000    0.741780
  972.000000    0.738078
  982.000000    0.735100
  992.000000    0.753249
 1002.000000    0.747450
 1012.000000    0.759453
 1022.000000    0.786418
 1032.000000    0.777074
 1042.000000    0.772791
 1052.000000    0.750093
 1062.000000    0.726234
 1072.000000    0.713208
 1082.000000    0.731819
 1092.000000    0.738199
 1102.000000    0.769737
 1112.000000    0.802904
 1122.000000    0.807798
 1132.000000    0.789878
 1142.000000    0.821213
 1152.000000    0.788250
 1162.000000    0.756588
 1172.000000    0.726820
 1182.000000    0.722916
 1192.000000    0.747055
 1202.000000    0.759343
 1212.000000    0.719400
 1222.000000    0.722420
 1232.000000    0.748416
 1242.000000    0.733143
 1252.000000    0.697795
 1262.000000    0.695142
 1272.000000    0.659942
 1282.000000    0.654862
 1292.000000    0.678440
 1302.000000    0.674650
 1312.000000    0.722110
 1322.000000    0.722749
 1332.000000    0.715077
 1342.000000    0.729547
 1352.000000    0.687977
 1362.000000    0.671794
 1372.000000    0.661264
 1382.000000    0.705921
 1392.000000    0.733236
 1402.000000    0.727008
 1412.000000    0.736520
 1422.000000    0.717468
 1432.000000    0.677541
 1442.000000    0.699067
 1452.000000    0.657521
 1462.000000    0.632831
 1472.000000    0.617084
 1482.000000    0.598687
 1492.000000    0.699406
 1502.000000    0.724754
 1512.000000    0.758464
 1522.000000    0.731358
 1532.000000    0.712969
 1542.000000    0.705923
 1552.000000    0.677858
 1562.000000    0.691990
 1572.000000    0.733604
 1582.000000    0.784234
 1592.000000    0.763136
 1602.000000    0.785661
 1612.000000    0.824807
 1622.000000    0.868481
 1632.000000    0.858953
 1642.000000    0.816113
 1652.000000    0.801253
 1662.000000    0.751824
 1672.000000    0.764998
 1682.000000    0.729557
 1692.000000    0.773770
 1702.000000    0.760594
 1712.000000    0.741327
 1722.000000    0.723881
 1732.000000    0.715368
 1742.000000    0.726590
 1752.000000    0.693975
 1762.000000    0.702621
 1772.000000    0.698028
 1782.000000    0.724959
 1792.000000    0.719612
 1802.000000    0.754999
