#  pixel_depth  alphabetafraction   >  Analysis of alpha beta fraction
  117.000000    0.738036
  127.000000    0.782148
  137.000000    0.783738
  147.000000    0.789180
  157.000000    0.756678
  167.000000    0.742714
  177.000000    0.717719
  187.000000    0.723311
  197.000000    0.672448
  207.000000    0.708304
  217.000000    0.702415
  227.000000    0.776244
  237.000000    0.732221
  247.000000    0.738048
  257.000000    0.801548
  267.000000    0.795877
  277.000000    0.745640
  287.000000    0.709174
  297.000000    0.734691
  307.000000    0.767647
  317.000000    0.815728
  327.000000    0.838872
  337.000000    0.823659
  347.000000    0.799557
  357.000000    0.775175
  367.000000    0.756374
  377.000000    0.780744
  387.000000    0.825936
  397.000000    0.842653
  407.000000    0.859702
  417.000000    0.843684
  427.000000    0.807118
  437.000000    0.758369
  447.000000    0.706222
  457.000000    0.745304
  467.000000    0.772281
  477.000000    0.784155
  487.000000    0.804176
  497.000000    0.829335
  507.000000    0.811740
  517.000000    0.803306
  527.000000    0.805936
  537.000000    0.808071
  547.000000    0.824289
  557.000000    0.815969
  567.000000    0.784763
  577.000000    0.791366
  587.000000    0.768087
  597.000000    0.774739
  607.000000    0.805633
  617.000000    0.790456
  627.000000    0.769066
  637.000000    0.710167
  647.000000    0.722449
  657.000000    0.718117
  667.000000    0.724890
  677.000000    0.797365
  687.000000    0.837571
  697.000000    0.814495
  707.000000    0.818013
  717.000000    0.839938
  727.000000    0.852162
  737.000000    0.814836
  747.000000    0.771209
  757.000000    0.746310
  767.000000    0.770486
  777.000000    0.750265
  787.000000    0.741627
  797.000000    0.767119
  807.000000    0.805899
  817.000000    0.805375
  827.000000    0.832871
  837.000000    0.810438
  847.000000    0.815701
  857.000000    0.797646
  867.000000    0.783225
  877.000000    0.797654
  887.000000    0.788972
  897.000000    0.810350
  907.000000    0.777655
  917.000000    0.728580
  927.000000    0.757947
  937.000000    0.762094
  947.000000    0.762589
  957.000000    0.756973
  967.000000    0.808650
  977.000000    0.820799
  987.000000    0.811339
  997.000000    0.797924
 1007.000000    0.760894
 1017.000000    0.767636
 1027.000000    0.763428
 1037.000000    0.826689
 1047.000000    0.847854
 1057.000000    0.808625
 1067.000000    0.827996
 1077.000000    0.805717
 1087.000000    0.776915
 1097.000000    0.797474
 1107.000000    0.784558
 1117.000000    0.810010
 1127.000000    0.827309
 1137.000000    0.788785
 1147.000000    0.738290
 1157.000000    0.770187
 1167.000000    0.802862
 1177.000000    0.818839
 1187.000000    0.804657
 1197.000000    0.809624
 1207.000000    0.805891
 1217.000000    0.775383
 1227.000000    0.766470
 1237.000000    0.763110
 1247.000000    0.750478
 1257.000000    0.733173
 1267.000000    0.742141
 1277.000000    0.743813
 1287.000000    0.781460
 1297.000000    0.792900
 1307.000000    0.755939
 1317.000000    0.734612
 1327.000000    0.756426
 1337.000000    0.769113
 1347.000000    0.756197
 1357.000000    0.740752
 1367.000000    0.758346
 1377.000000    0.721107
 1387.000000    0.772374
 1397.000000    0.781828
 1407.000000    0.766747
 1417.000000    0.760324
 1427.000000    0.784116
 1437.000000    0.793011
 1447.000000    0.745157
 1457.000000    0.763629
 1467.000000    0.767120
 1477.000000    0.817971
 1487.000000    0.806373
 1497.000000    0.792265
 1507.000000    0.779003
 1517.000000    0.777024
 1527.000000    0.796605
 1537.000000    0.748959
 1547.000000    0.730111
 1557.000000    0.710535
 1567.000000    0.735570
 1577.000000    0.742547
 1587.000000    0.797057
 1597.000000    0.842661
 1607.000000    0.824527
 1617.000000    0.776758
 1627.000000    0.764028
 1637.000000    0.795049
 1647.000000    0.814421
 1657.000000    0.786603
 1667.000000    0.773343
 1677.000000    0.785675
 1687.000000    0.755665
 1697.000000    0.734204
 1707.000000    0.721749
 1717.000000    0.753770
 1727.000000    0.807414
 1737.000000    0.838168
 1747.000000    0.839839
 1757.000000    0.865573
 1767.000000    0.881189
 1777.000000    0.862036
 1787.000000    0.850027
 1797.000000    0.861114
