#  pixel_depth  alphabetafraction   >  Analysis of alpha beta fraction
   10.000000    0.707579
   20.000000    0.709385
   30.000000    0.675280
   40.000000    0.674605
   50.000000    0.670630
   60.000000    0.667891
   70.000000    0.671232
   80.000000    0.724467
   90.000000    0.691438
  100.000000    0.667750
  110.000000    0.668162
  120.000000    0.697229
  130.000000    0.650827
  140.000000    0.642694
  150.000000    0.638618
  160.000000    0.619564
  170.000000    0.635514
  180.000000    0.647825
  190.000000    0.654965
  200.000000    0.672915
  210.000000    0.674290
  220.000000    0.695899
  230.000000    0.758737
  240.000000    0.790754
  250.000000    0.778614
  260.000000    0.786526
  270.000000    0.769224
  280.000000    0.760247
  290.000000    0.773738
  300.000000    0.782002
  310.000000    0.749670
  320.000000    0.624175
  330.000000    0.597864
  340.000000    0.634275
  350.000000    0.666638
  360.000000    0.756398
  370.000000    0.795485
  380.000000    0.785137
  390.000000    0.839167
  400.000000    0.838002
  410.000000    0.810727
  420.000000    0.750427
  430.000000    0.684544
  440.000000    0.624921
  450.000000    0.550432
  460.000000    0.551348
  470.000000    0.607970
  480.000000    0.637972
  490.000000    0.729964
  500.000000    0.790366
  510.000000    0.856476
  520.000000    0.834247
  530.000000    0.798118
  540.000000    0.823309
  550.000000    0.804702
  560.000000    0.786256
  570.000000    0.751891
  580.000000    0.697077
  590.000000    0.665762
  600.000000    0.698884
  610.000000    0.710560
  620.000000    0.740823
  630.000000    0.727890
  640.000000    0.629650
  650.000000    0.661662
  660.000000    0.670317
  670.000000    0.700319
  680.000000    0.689330
  690.000000    0.690886
  700.000000    0.731701
  710.000000    0.658746
  720.000000    0.680032
  730.000000    0.663682
  740.000000    0.728981
  750.000000    0.763511
  760.000000    0.759811
  770.000000    0.734511
  780.000000    0.693069
  790.000000    0.685946
  800.000000    0.746442
  810.000000    0.738693
  820.000000    0.775378
  830.000000    0.768896
  840.000000    0.706816
  850.000000    0.684986
  860.000000    0.641637
  870.000000    0.653029
  880.000000    0.646883
  890.000000    0.670592
  900.000000    0.721450
  910.000000    0.706442
  920.000000    0.664974
  930.000000    0.647210
  940.000000    0.622089
  950.000000    0.666604
  960.000000    0.756848
  970.000000    0.777373
  980.000000    0.790247
  990.000000    0.782754
 1000.000000    0.753997
 1010.000000    0.728543
 1020.000000    0.703928
 1030.000000    0.696687
 1040.000000    0.725570
 1050.000000    0.764919
 1060.000000    0.782415
 1070.000000    0.773347
 1080.000000    0.747798
 1090.000000    0.757259
 1100.000000    0.753705
 1110.000000    0.702850
 1120.000000    0.785040
 1130.000000    0.768411
 1140.000000    0.728711
 1150.000000    0.658775
 1160.000000    0.603985
 1170.000000    0.588217
 1180.000000    0.576913
 1190.000000    0.579991
 1200.000000    0.501260
 1210.000000    0.620173
 1220.000000    0.659628
 1230.000000    0.705097
 1240.000000    0.726335
 1250.000000    0.698237
 1260.000000    0.746390
 1270.000000    0.750695
 1280.000000    0.736698
 1290.000000    0.697981
