#  pixel_depth  alphabetafraction   >  Analysis of alpha beta fraction
   79.000000    0.735093
   89.000000    0.717959
   99.000000    0.713901
  109.000000    0.755956
  119.000000    0.805738
  129.000000    0.773306
  139.000000    0.764751
  149.000000    0.741365
  159.000000    0.687735
  169.000000    0.680393
  179.000000    0.690207
  189.000000    0.718990
  199.000000    0.713924
  209.000000    0.754151
  219.000000    0.729474
  229.000000    0.745719
  239.000000    0.690057
  249.000000    0.669847
  259.000000    0.599714
  269.000000    0.674381
  279.000000    0.720170
  289.000000    0.737736
  299.000000    0.732544
  309.000000    0.694528
  319.000000    0.634565
  329.000000    0.664308
  339.000000    0.740071
  349.000000    0.764328
  359.000000    0.763929
  369.000000    0.723518
  379.000000    0.691908
  389.000000    0.692158
  399.000000    0.662709
  409.000000    0.756884
  419.000000    0.784680
  429.000000    0.753796
  439.000000    0.714828
  449.000000    0.717228
  459.000000    0.732220
  469.000000    0.745285
  479.000000    0.747348
  489.000000    0.696010
  499.000000    0.690717
  509.000000    0.665938
  519.000000    0.669682
  529.000000    0.668106
  539.000000    0.688590
  549.000000    0.719986
  559.000000    0.683256
  569.000000    0.745944
  579.000000    0.736686
  589.000000    0.741458
  599.000000    0.749998
  609.000000    0.722132
  619.000000    0.719820
  629.000000    0.794741
  639.000000    0.843315
  649.000000    0.829152
  659.000000    0.819181
  669.000000    0.773380
  679.000000    0.720986
  689.000000    0.745513
  699.000000    0.739093
  709.000000    0.717854
  719.000000    0.730614
  729.000000    0.759077
  739.000000    0.758407
  749.000000    0.681887
  759.000000    0.721137
  769.000000    0.712821
  779.000000    0.685337
  789.000000    0.674449
  799.000000    0.773302
  809.000000    0.753702
  819.000000    0.728687
  829.000000    0.719379
  839.000000    0.705550
  849.000000    0.723770
  859.000000    0.764318
  869.000000    0.731233
  879.000000    0.667485
  889.000000    0.637118
  899.000000    0.645653
  909.000000    0.657092
  919.000000    0.680478
  929.000000    0.705905
  939.000000    0.816385
  949.000000    0.833038
  959.000000    0.824556
  969.000000    0.795134
  979.000000    0.758718
  989.000000    0.674341
  999.000000    0.629143
 1009.000000    0.596432
 1019.000000    0.647755
 1029.000000    0.660035
 1039.000000    0.674669
 1049.000000    0.722647
 1059.000000    0.752656
 1069.000000    0.789262
 1079.000000    0.788566
 1089.000000    0.802811
 1099.000000    0.838811
 1109.000000    0.821319
 1119.000000    0.797757
 1129.000000    0.754013
 1139.000000    0.677699
 1149.000000    0.678936
 1159.000000    0.724804
 1169.000000    0.746156
 1179.000000    0.764561
 1189.000000    0.772900
 1199.000000    0.754188
 1209.000000    0.760460
 1219.000000    0.757416
 1229.000000    0.788307
 1239.000000    0.825919
 1249.000000    0.858158
 1259.000000    0.824274
 1269.000000    0.818717
 1279.000000    0.795608
 1289.000000    0.741114
 1299.000000    0.718225
 1309.000000    0.678437
 1319.000000    0.695728
 1329.000000    0.690069
 1339.000000    0.679155
 1349.000000    0.649021
 1359.000000    0.719653
 1369.000000    0.716176
 1379.000000    0.692587
 1389.000000    0.691712
 1399.000000    0.687459
 1409.000000    0.720432
 1419.000000    0.729610
 1429.000000    0.793008
 1439.000000    0.775599
 1449.000000    0.793421
 1459.000000    0.755813
 1469.000000    0.795366
 1479.000000    0.799894
 1489.000000    0.818216
 1499.000000    0.829379
 1509.000000    0.808201
 1519.000000    0.800226
 1529.000000    0.755243
 1539.000000    0.754350
 1549.000000    0.763025
 1559.000000    0.748851
 1569.000000    0.767245
 1579.000000    0.764490
 1589.000000    0.736252
 1599.000000    0.748079
 1609.000000    0.710247
 1619.000000    0.657069
 1629.000000    0.623948
 1639.000000    0.590744
 1649.000000    0.583695
 1659.000000    0.601677
 1669.000000    0.667693
 1679.000000    0.663719
 1689.000000    0.705003
 1699.000000    0.708441
 1709.000000    0.717354
 1719.000000    0.721252
 1729.000000    0.751791
 1739.000000    0.785165
 1749.000000    0.787761
 1759.000000    0.808477
 1769.000000    0.793399
 1779.000000    0.813877
 1789.000000    0.813505
 1799.000000    0.753944
 1809.000000    0.724643
 1819.000000    0.731850
 1829.000000    0.692098
 1839.000000    0.682734
 1849.000000    0.706077
 1859.000000    0.746527
 1869.000000    0.754016
