#  pixel_depth  alphabetafraction   >  Analysis of alpha beta fraction
   75.000000    0.632500
   85.000000    0.577587
   95.000000    0.510622
  105.000000    0.482909
  115.000000    0.464766
  125.000000    0.447322
  135.000000    0.435011
  145.000000    0.395912
  155.000000    0.411892
  165.000000    0.500942
  175.000000    0.501817
  185.000000    0.530613
  195.000000    0.549161
  205.000000    0.565141
  215.000000    0.548608
  225.000000    0.560801
  235.000000    0.537770
  245.000000    0.615368
  255.000000    0.645504
  265.000000    0.608271
  275.000000    0.483731
  285.000000    0.530529
  295.000000    0.505127
  305.000000    0.568463
  315.000000    0.585174
  325.000000    0.555944
  335.000000    0.582593
  345.000000    0.624698
  355.000000    0.566430
  365.000000    0.569645
  375.000000    0.569621
  385.000000    0.590258
  395.000000    0.617476
  405.000000    0.652155
  415.000000    0.641247
  425.000000    0.668385
  435.000000    0.629253
  445.000000    0.575678
  455.000000    0.508119
  465.000000    0.577694
  475.000000    0.601126
  485.000000    0.564509
  495.000000    0.558333
  505.000000    0.548661
  515.000000    0.529870
  525.000000    0.511454
  535.000000    0.473906
  545.000000    0.523510
  555.000000    0.558070
  565.000000    0.538705
  575.000000    0.535287
  585.000000    0.579293
  595.000000    0.522198
  605.000000    0.508895
  615.000000    0.547141
  625.000000    0.568382
  635.000000    0.557668
  645.000000    0.525553
  655.000000    0.512172
  665.000000    0.576997
  675.000000    0.618092
  685.000000    0.591546
  695.000000    0.580152
  705.000000    0.547878
  715.000000    0.597989
  725.000000    0.591068
  735.000000    0.600324
  745.000000    0.574621
  755.000000    0.549517
  765.000000    0.487668
  775.000000    0.456875
  785.000000    0.493064
  795.000000    0.544387
  805.000000    0.486691
  815.000000    0.536443
  825.000000    0.542316
  835.000000    0.530296
  845.000000    0.513022
  855.000000    0.558126
  865.000000    0.576130
  875.000000    0.537450
  885.000000    0.548359
  895.000000    0.550700
  905.000000    0.549007
  915.000000    0.498653
  925.000000    0.458811
  935.000000    0.511595
  945.000000    0.473394
  955.000000    0.471739
  965.000000    0.542737
  975.000000    0.564645
  985.000000    0.609069
  995.000000    0.574425
 1005.000000    0.539012
 1015.000000    0.464506
 1025.000000    0.482719
 1035.000000    0.535022
 1045.000000    0.555209
 1055.000000    0.530300
 1065.000000    0.482679
 1075.000000    0.504856
 1085.000000    0.501614
 1095.000000    0.488871
 1105.000000    0.532326
 1115.000000    0.512319
 1125.000000    0.544964
 1135.000000    0.495646
 1145.000000    0.495432
 1155.000000    0.474097
 1165.000000    0.494758
 1175.000000    0.494171
 1185.000000    0.515286
 1195.000000    0.557768
 1205.000000    0.574153
 1215.000000    0.607137
 1225.000000    0.625900
 1235.000000    0.561095
 1245.000000    0.507048
 1255.000000    0.517219
 1265.000000    0.493182
 1275.000000    0.481382
 1285.000000    0.408583
 1295.000000    0.445157
 1305.000000    0.556168
 1315.000000    0.575505
 1325.000000    0.545283
 1335.000000    0.555702
 1345.000000    0.595914
 1355.000000    0.616731
 1365.000000    0.640150
 1375.000000    0.595766
 1385.000000    0.547922
 1395.000000    0.522191
 1405.000000    0.530853
 1415.000000    0.616172
 1425.000000    0.587389
 1435.000000    0.597234
 1445.000000    0.636270
 1455.000000    0.657942
 1465.000000    0.665944
 1475.000000    0.646752
 1485.000000    0.591618
 1495.000000    0.597158
 1505.000000    0.603144
 1515.000000    0.602608
 1525.000000    0.587045
 1535.000000    0.473395
 1545.000000    0.462889
 1555.000000    0.496686
 1565.000000    0.531836
 1575.000000    0.577502
 1585.000000    0.593296
 1595.000000    0.606657
 1605.000000    0.639616
 1615.000000    0.704320
 1625.000000    0.749936
 1635.000000    0.780021
 1645.000000    0.743336
 1655.000000    0.677879
 1665.000000    0.628091
 1675.000000    0.496829
