#  pixel_depth  alphabetafraction   >  Analysis of alpha beta fraction
   55.000000    0.721377
   65.000000    0.713724
   75.000000    0.670644
   85.000000    0.726097
   95.000000    0.643733
  105.000000    0.655280
  115.000000    0.610762
  125.000000    0.694156
  135.000000    0.722701
  145.000000    0.758804
  155.000000    0.789235
  165.000000    0.764760
  175.000000    0.688714
  185.000000    0.637026
  195.000000    0.655421
  205.000000    0.605716
  215.000000    0.592052
  225.000000    0.621158
  235.000000    0.655075
  245.000000    0.658619
  255.000000    0.687083
  265.000000    0.671261
  275.000000    0.670128
  285.000000    0.648512
  295.000000    0.680321
  305.000000    0.681959
  315.000000    0.723301
  325.000000    0.733494
  335.000000    0.700912
  345.000000    0.647093
  355.000000    0.581224
  365.000000    0.623177
  375.000000    0.743156
  385.000000    0.774029
  395.000000    0.738517
  405.000000    0.706989
  415.000000    0.684791
  425.000000    0.654063
  435.000000    0.704654
  445.000000    0.728088
  455.000000    0.705763
  465.000000    0.669919
  475.000000    0.577001
  485.000000    0.507242
  495.000000    0.540807
  505.000000    0.615629
  515.000000    0.638475
  525.000000    0.625389
  535.000000    0.659959
  545.000000    0.643936
  555.000000    0.657582
  565.000000    0.691950
  575.000000    0.691757
  585.000000    0.741571
  595.000000    0.748889
  605.000000    0.724705
  615.000000    0.633977
  625.000000    0.663228
  635.000000    0.660373
  645.000000    0.700476
  655.000000    0.711318
  665.000000    0.692019
  675.000000    0.691434
  685.000000    0.735598
  695.000000    0.706078
  705.000000    0.679655
  715.000000    0.642633
  725.000000    0.679948
  735.000000    0.695933
  745.000000    0.750273
  755.000000    0.787886
  765.000000    0.764037
  775.000000    0.730942
  785.000000    0.669120
  795.000000    0.582972
  805.000000    0.597530
  815.000000    0.636883
  825.000000    0.689470
  835.000000    0.703945
  845.000000    0.653613
  855.000000    0.602845
  865.000000    0.603592
  875.000000    0.668357
  885.000000    0.644625
  895.000000    0.613412
  905.000000    0.591162
  915.000000    0.664001
  925.000000    0.708393
  935.000000    0.717763
  945.000000    0.734668
  955.000000    0.666106
  965.000000    0.613184
  975.000000    0.589831
  985.000000    0.570760
  995.000000    0.596938
 1005.000000    0.612849
 1015.000000    0.656277
 1025.000000    0.639011
 1035.000000    0.586408
 1045.000000    0.608584
 1055.000000    0.650405
 1065.000000    0.704186
 1075.000000    0.721810
 1085.000000    0.750796
 1095.000000    0.789324
 1105.000000    0.783075
 1115.000000    0.758993
 1125.000000    0.760915
 1135.000000    0.744671
 1145.000000    0.745925
 1155.000000    0.737883
 1165.000000    0.622377
 1175.000000    0.632171
 1185.000000    0.647543
 1195.000000    0.712858
 1205.000000    0.732769
 1215.000000    0.715932
 1225.000000    0.725005
 1235.000000    0.707495
 1245.000000    0.696919
 1255.000000    0.722129
 1265.000000    0.743195
 1275.000000    0.710561
 1285.000000    0.688954
 1295.000000    0.648801
 1305.000000    0.603092
 1315.000000    0.650126
 1325.000000    0.691317
 1335.000000    0.704132
 1345.000000    0.720746
 1355.000000    0.759684
 1365.000000    0.785440
 1375.000000    0.782848
 1385.000000    0.755253
 1395.000000    0.758333
 1405.000000    0.741169
 1415.000000    0.714968
 1425.000000    0.648172
 1435.000000    0.660399
 1445.000000    0.709667
 1455.000000    0.715814
 1465.000000    0.725897
 1475.000000    0.716385
 1485.000000    0.689229
 1495.000000    0.655779
 1505.000000    0.571733
 1515.000000    0.572451
 1525.000000    0.653837
 1535.000000    0.701051
 1545.000000    0.780272
 1555.000000    0.777268
 1565.000000    0.742691
 1575.000000    0.738741
 1585.000000    0.693470
 1595.000000    0.638851
 1605.000000    0.671594
 1615.000000    0.590353
 1625.000000    0.608467
 1635.000000    0.623966
 1645.000000    0.631541
 1655.000000    0.654651
 1665.000000    0.675181
 1675.000000    0.734459
 1685.000000    0.741440
