#  pixel_depth  alphabetafraction   >  Analysis of alpha beta fraction
   10.000000    0.715006
   20.000000    0.725386
   30.000000    0.717413
   40.000000    0.716920
   50.000000    0.758235
   60.000000    0.746240
   70.000000    0.787964
   80.000000    0.820059
   90.000000    0.830656
  100.000000    0.789135
  110.000000    0.699935
  120.000000    0.722804
  130.000000    0.660651
  140.000000    0.686249
  150.000000    0.714650
  160.000000    0.735613
  170.000000    0.733222
  180.000000    0.670237
  190.000000    0.640173
  200.000000    0.663718
  210.000000    0.694906
  220.000000    0.722791
  230.000000    0.763849
  240.000000    0.725658
  250.000000    0.685530
  260.000000    0.689611
  270.000000    0.760426
  280.000000    0.765467
  290.000000    0.753980
  300.000000    0.739473
  310.000000    0.720012
  320.000000    0.704868
  330.000000    0.691718
  340.000000    0.724561
  350.000000    0.762117
  360.000000    0.756702
  370.000000    0.779906
  380.000000    0.755207
  390.000000    0.745804
  400.000000    0.717865
  410.000000    0.727710
  420.000000    0.708161
  430.000000    0.708545
  440.000000    0.714770
  450.000000    0.705998
  460.000000    0.740495
  470.000000    0.741251
  480.000000    0.748168
  490.000000    0.744537
  500.000000    0.738289
  510.000000    0.764987
  520.000000    0.769715
  530.000000    0.738961
  540.000000    0.714489
  550.000000    0.735119
  560.000000    0.707025
  570.000000    0.739663
  580.000000    0.748751
  590.000000    0.738138
  600.000000    0.750125
  610.000000    0.763905
  620.000000    0.689534
  630.000000    0.655529
  640.000000    0.694723
  650.000000    0.736641
  660.000000    0.711686
  670.000000    0.732833
  680.000000    0.791282
  690.000000    0.744039
  700.000000    0.753294
  710.000000    0.790593
  720.000000    0.805285
  730.000000    0.816073
  740.000000    0.786053
  750.000000    0.801883
  760.000000    0.827489
  770.000000    0.824516
  780.000000    0.825000
  790.000000    0.814519
  800.000000    0.806016
  810.000000    0.806479
  820.000000    0.811169
  830.000000    0.828200
  840.000000    0.784948
  850.000000    0.793981
  860.000000    0.799537
  870.000000    0.726973
  880.000000    0.710621
  890.000000    0.706899
  900.000000    0.687623
  910.000000    0.725239
  920.000000    0.810634
  930.000000    0.793005
  940.000000    0.771994
  950.000000    0.693545
  960.000000    0.653567
  970.000000    0.700555
  980.000000    0.756036
  990.000000    0.824177
 1000.000000    0.779701
 1010.000000    0.762232
 1020.000000    0.786085
 1030.000000    0.777940
 1040.000000    0.776693
 1050.000000    0.775706
 1060.000000    0.755030
 1070.000000    0.745454
 1080.000000    0.755655
 1090.000000    0.734370
 1100.000000    0.689458
 1110.000000    0.686459
 1120.000000    0.673590
 1130.000000    0.709599
 1140.000000    0.699555
 1150.000000    0.667270
 1160.000000    0.683991
 1170.000000    0.716490
 1180.000000    0.765878
 1190.000000    0.813858
 1200.000000    0.839429
 1210.000000    0.839316
 1220.000000    0.812475
 1230.000000    0.809182
 1240.000000    0.794016
 1250.000000    0.712313
 1260.000000    0.690979
 1270.000000    0.699805
 1280.000000    0.705451
 1290.000000    0.739377
