#  pixel_depth  alphabetafraction   >  Analysis of alpha beta fraction
  156.000000    0.653781
  166.000000    0.634890
  176.000000    0.615312
  186.000000    0.626931
  196.000000    0.634306
  206.000000    0.669765
  216.000000    0.705004
  226.000000    0.682427
  236.000000    0.635807
  246.000000    0.616982
  256.000000    0.559322
  266.000000    0.541415
  276.000000    0.488372
  286.000000    0.437346
  296.000000    0.461337
  306.000000    0.465937
  316.000000    0.460963
  326.000000    0.471349
  336.000000    0.528079
  346.000000    0.563913
  356.000000    0.550927
  366.000000    0.582555
  376.000000    0.612712
  386.000000    0.644750
  396.000000    0.654531
  406.000000    0.649972
  416.000000    0.556453
  426.000000    0.533539
  436.000000    0.532207
  446.000000    0.557123
  456.000000    0.561804
  466.000000    0.617895
  476.000000    0.632615
  486.000000    0.625451
  496.000000    0.651104
  506.000000    0.657595
  516.000000    0.604815
  526.000000    0.592036
  536.000000    0.617104
  546.000000    0.571788
  556.000000    0.512926
  566.000000    0.512324
  576.000000    0.536414
  586.000000    0.542755
  596.000000    0.495872
  606.000000    0.495233
  616.000000    0.596170
  626.000000    0.623765
  636.000000    0.639644
  646.000000    0.658326
  656.000000    0.690042
  666.000000    0.707068
  676.000000    0.642968
  686.000000    0.608185
  696.000000    0.592920
  706.000000    0.591960
  716.000000    0.639084
  726.000000    0.640149
  736.000000    0.643892
  746.000000    0.661026
  756.000000    0.620023
  766.000000    0.618871
  776.000000    0.609637
  786.000000    0.637128
  796.000000    0.667116
  806.000000    0.653155
  816.000000    0.683141
  826.000000    0.688946
  836.000000    0.684115
  846.000000    0.696057
  856.000000    0.678154
  866.000000    0.617260
  876.000000    0.600757
  886.000000    0.580869
  896.000000    0.573633
  906.000000    0.578573
  916.000000    0.580559
  926.000000    0.648480
  936.000000    0.680805
  946.000000    0.657102
  956.000000    0.681964
  966.000000    0.676786
  976.000000    0.641658
  986.000000    0.675419
  996.000000    0.647042
 1006.000000    0.599355
 1016.000000    0.567964
 1026.000000    0.548747
 1036.000000    0.545079
 1046.000000    0.526256
 1056.000000    0.485100
 1066.000000    0.512790
 1076.000000    0.565030
 1086.000000    0.609881
 1096.000000    0.590572
 1106.000000    0.584164
 1116.000000    0.587009
 1126.000000    0.597199
 1136.000000    0.608603
 1146.000000    0.588177
 1156.000000    0.593685
 1166.000000    0.566373
 1176.000000    0.500072
 1186.000000    0.504600
 1196.000000    0.605674
 1206.000000    0.626955
 1216.000000    0.649058
 1226.000000    0.651776
 1236.000000    0.592570
 1246.000000    0.611366
 1256.000000    0.629962
 1266.000000    0.559652
 1276.000000    0.584782
 1286.000000    0.649878
 1296.000000    0.623537
 1306.000000    0.629876
 1316.000000    0.681028
 1326.000000    0.725922
 1336.000000    0.729682
 1346.000000    0.738340
 1356.000000    0.703832
 1366.000000    0.643823
 1376.000000    0.701752
 1386.000000    0.668244
 1396.000000    0.643599
 1406.000000    0.669590
 1416.000000    0.615288
 1426.000000    0.612061
 1436.000000    0.623053
 1446.000000    0.654814
 1456.000000    0.644658
 1466.000000    0.677563
 1476.000000    0.686357
 1486.000000    0.641739
 1496.000000    0.611478
 1506.000000    0.533097
 1516.000000    0.512894
 1526.000000    0.488543
 1536.000000    0.538228
 1546.000000    0.473306
 1556.000000    0.477766
 1566.000000    0.489420
 1576.000000    0.548505
 1586.000000    0.560395
 1596.000000    0.500009
 1606.000000    0.511919
 1616.000000    0.511027
 1626.000000    0.534109
 1636.000000    0.550395
 1646.000000    0.504493
 1656.000000    0.559658
 1666.000000    0.569793
 1676.000000    0.560128
 1686.000000    0.582194
 1696.000000    0.570754
 1706.000000    0.475830
 1716.000000    0.431313
 1726.000000    0.488293
 1736.000000    0.514533
 1746.000000    0.491890
 1756.000000    0.512433
 1766.000000    0.557667
 1776.000000    0.610414
