#  pixel_depth  alphabetafraction   >  Analysis of alpha beta fraction
   74.000000    0.672075
   84.000000    0.629424
   94.000000    0.650968
  104.000000    0.664898
  114.000000    0.625352
  124.000000    0.653333
  134.000000    0.578599
  144.000000    0.558784
  154.000000    0.537533
  164.000000    0.599848
  174.000000    0.637678
  184.000000    0.588361
  194.000000    0.571974
  204.000000    0.585312
  214.000000    0.546405
  224.000000    0.524425
  234.000000    0.582951
  244.000000    0.624930
  254.000000    0.614694
  264.000000    0.639804
  274.000000    0.642659
  284.000000    0.661080
  294.000000    0.672168
  304.000000    0.676002
  314.000000    0.666660
  324.000000    0.648730
  334.000000    0.623969
  344.000000    0.684189
  354.000000    0.660839
  364.000000    0.557788
  374.000000    0.535288
  384.000000    0.534083
  394.000000    0.542428
  404.000000    0.607621
  414.000000    0.605469
  424.000000    0.599001
  434.000000    0.613679
  444.000000    0.611789
  454.000000    0.634103
  464.000000    0.653011
  474.000000    0.691209
  484.000000    0.692303
  494.000000    0.707545
  504.000000    0.722920
  514.000000    0.659631
  524.000000    0.608732
  534.000000    0.612255
  544.000000    0.687269
  554.000000    0.721971
  564.000000    0.766863
  574.000000    0.704782
  584.000000    0.716951
  594.000000    0.654397
  604.000000    0.640946
  614.000000    0.665231
  624.000000    0.655625
  634.000000    0.678274
  644.000000    0.690907
  654.000000    0.755608
  664.000000    0.727357
  674.000000    0.729911
  684.000000    0.711864
  694.000000    0.695834
  704.000000    0.654217
  714.000000    0.613344
  724.000000    0.636587
  734.000000    0.678309
  744.000000    0.713659
  754.000000    0.707259
  764.000000    0.730589
  774.000000    0.809092
  784.000000    0.822988
  794.000000    0.807835
  804.000000    0.729863
  814.000000    0.729778
  824.000000    0.731364
  834.000000    0.765834
  844.000000    0.753610
  854.000000    0.744254
  864.000000    0.763693
  874.000000    0.763078
  884.000000    0.721540
  894.000000    0.684859
  904.000000    0.693249
  914.000000    0.668461
  924.000000    0.674368
  934.000000    0.755507
  944.000000    0.753553
  954.000000    0.750654
  964.000000    0.693193
  974.000000    0.683421
  984.000000    0.681427
  994.000000    0.706642
 1004.000000    0.789892
 1014.000000    0.795939
 1024.000000    0.766979
 1034.000000    0.738773
 1044.000000    0.720965
 1054.000000    0.741001
 1064.000000    0.720507
 1074.000000    0.742661
 1084.000000    0.721919
 1094.000000    0.709162
 1104.000000    0.755197
 1114.000000    0.750225
 1124.000000    0.695421
 1134.000000    0.699522
 1144.000000    0.738233
 1154.000000    0.727585
 1164.000000    0.706489
 1174.000000    0.730807
 1184.000000    0.758862
 1194.000000    0.773752
 1204.000000    0.735583
 1214.000000    0.685674
 1224.000000    0.664136
 1234.000000    0.659652
 1244.000000    0.665667
 1254.000000    0.695366
 1264.000000    0.696459
 1274.000000    0.701747
 1284.000000    0.727635
 1294.000000    0.723116
 1304.000000    0.780574
 1314.000000    0.773699
 1324.000000    0.766455
 1334.000000    0.719101
 1344.000000    0.739864
 1354.000000    0.760805
 1364.000000    0.733724
 1374.000000    0.726091
 1384.000000    0.721311
 1394.000000    0.702074
 1404.000000    0.650214
 1414.000000    0.676564
 1424.000000    0.694117
 1434.000000    0.710462
 1444.000000    0.704567
 1454.000000    0.736358
 1464.000000    0.741410
 1474.000000    0.740126
 1484.000000    0.738327
 1494.000000    0.741063
 1504.000000    0.745098
 1514.000000    0.753391
 1524.000000    0.750892
 1534.000000    0.730659
 1544.000000    0.715103
 1554.000000    0.729500
 1564.000000    0.728938
 1574.000000    0.719397
 1584.000000    0.721540
 1594.000000    0.703716
 1604.000000    0.709474
 1614.000000    0.726496
 1624.000000    0.717748
 1634.000000    0.673697
 1644.000000    0.665750
 1654.000000    0.664406
 1664.000000    0.722019
 1674.000000    0.698886
 1684.000000    0.701777
 1694.000000    0.628200
 1704.000000    0.635244
 1714.000000    0.659907
 1724.000000    0.650799
 1734.000000    0.669250
 1744.000000    0.685021
 1754.000000    0.673253
 1764.000000    0.633882
 1774.000000    0.645426
 1784.000000    0.699337
 1794.000000    0.754546
 1804.000000    0.760510
 1814.000000    0.695591
 1824.000000    0.708862
 1834.000000    0.744438
 1844.000000    0.768610
 1854.000000    0.754695
