#  pixel_depth  alphabetafraction   >  Analysis of alpha beta fraction
   95.000000    0.741521
  105.000000    0.762944
  115.000000    0.793832
  125.000000    0.823845
  135.000000    0.821901
  145.000000    0.834820
  155.000000    0.818840
  165.000000    0.830374
  175.000000    0.784625
  185.000000    0.767314
  195.000000    0.771553
  205.000000    0.772623
  215.000000    0.736332
  225.000000    0.738756
  235.000000    0.774395
  245.000000    0.790648
  255.000000    0.842479
  265.000000    0.825822
  275.000000    0.855490
  285.000000    0.848067
  295.000000    0.827991
  305.000000    0.793068
  315.000000    0.800871
  325.000000    0.818561
  335.000000    0.813773
  345.000000    0.788231
  355.000000    0.801434
  365.000000    0.828564
  375.000000    0.802306
  385.000000    0.776577
  395.000000    0.780059
  405.000000    0.747296
  415.000000    0.735890
  425.000000    0.734592
  435.000000    0.753093
  445.000000    0.770695
  455.000000    0.795939
  465.000000    0.822193
  475.000000    0.842173
  485.000000    0.862441
  495.000000    0.830592
  505.000000    0.772989
  515.000000    0.775956
  525.000000    0.833078
  535.000000    0.841706
  545.000000    0.843599
  555.000000    0.884065
  565.000000    0.866005
  575.000000    0.857786
  585.000000    0.875574
  595.000000    0.872804
  605.000000    0.859522
  615.000000    0.854504
  625.000000    0.814945
  635.000000    0.777197
  645.000000    0.786235
  655.000000    0.818491
  665.000000    0.808019
  675.000000    0.827753
  685.000000    0.860662
  695.000000    0.870017
  705.000000    0.817806
  715.000000    0.776286
  725.000000    0.745667
  735.000000    0.737997
  745.000000    0.736093
  755.000000    0.793415
  765.000000    0.789746
  775.000000    0.794204
  785.000000    0.784451
  795.000000    0.785761
  805.000000    0.775195
  815.000000    0.748924
  825.000000    0.745148
  835.000000    0.716993
  845.000000    0.745360
  855.000000    0.799683
  865.000000    0.806548
  875.000000    0.808989
  885.000000    0.801827
  895.000000    0.805450
  905.000000    0.777094
  915.000000    0.802791
  925.000000    0.780123
  935.000000    0.772907
  945.000000    0.799677
  955.000000    0.798877
  965.000000    0.732568
  975.000000    0.677240
  985.000000    0.703773
  995.000000    0.725475
 1005.000000    0.751984
 1015.000000    0.768300
 1025.000000    0.740314
 1035.000000    0.753135
 1045.000000    0.786459
 1055.000000    0.814020
 1065.000000    0.847603
 1075.000000    0.832521
 1085.000000    0.808389
 1095.000000    0.796359
 1105.000000    0.787123
 1115.000000    0.727845
 1125.000000    0.727373
 1135.000000    0.772537
 1145.000000    0.763458
 1155.000000    0.743320
 1165.000000    0.737379
 1175.000000    0.754606
 1185.000000    0.780173
 1195.000000    0.789549
 1205.000000    0.774558
 1215.000000    0.776674
 1225.000000    0.778033
 1235.000000    0.844375
 1245.000000    0.826973
 1255.000000    0.785559
 1265.000000    0.798291
 1275.000000    0.797089
 1285.000000    0.792410
 1295.000000    0.762185
 1305.000000    0.750841
 1315.000000    0.746180
 1325.000000    0.721122
 1335.000000    0.750757
 1345.000000    0.735370
 1355.000000    0.735251
 1365.000000    0.733963
 1375.000000    0.750411
 1385.000000    0.806286
 1395.000000    0.833888
 1405.000000    0.807898
 1415.000000    0.728520
 1425.000000    0.706825
 1435.000000    0.712641
 1445.000000    0.700940
 1455.000000    0.751648
 1465.000000    0.761702
 1475.000000    0.803368
 1485.000000    0.808986
 1495.000000    0.790972
 1505.000000    0.773624
 1515.000000    0.758638
 1525.000000    0.720890
 1535.000000    0.666469
 1545.000000    0.672296
 1555.000000    0.657742
 1565.000000    0.638912
 1575.000000    0.693440
 1585.000000    0.677732
 1595.000000    0.671807
 1605.000000    0.737954
 1615.000000    0.781429
 1625.000000    0.797270
 1635.000000    0.823662
 1645.000000    0.798522
 1655.000000    0.772808
 1665.000000    0.733651
 1675.000000    0.749270
 1685.000000    0.784602
 1695.000000    0.785214
 1705.000000    0.827277
 1715.000000    0.821616
 1725.000000    0.808654
 1735.000000    0.783938
 1745.000000    0.769822
 1755.000000    0.772787
 1765.000000    0.766569
 1775.000000    0.730636
 1785.000000    0.685911
 1795.000000    0.665617
 1805.000000    0.661324
 1815.000000    0.689804
 1825.000000    0.744026
 1835.000000    0.763335
 1845.000000    0.727982
 1855.000000    0.638362
 1865.000000    0.719200
 1875.000000    0.783419
 1885.000000    0.776703
 1895.000000    0.737809
