#  pixel_depth  alphabetafraction   >  Analysis of alpha beta fraction
   51.000000    0.887943
   61.000000    0.805318
   71.000000    0.780185
   81.000000    0.740924
   91.000000    0.752474
  101.000000    0.756594
  111.000000    0.727989
  121.000000    0.700894
  131.000000    0.729919
  141.000000    0.709579
  151.000000    0.692453
  161.000000    0.711687
  171.000000    0.732225
  181.000000    0.693136
  191.000000    0.738417
  201.000000    0.747094
  211.000000    0.728440
  221.000000    0.688472
  231.000000    0.638759
  241.000000    0.631116
  251.000000    0.631232
  261.000000    0.674042
  271.000000    0.668445
  281.000000    0.680186
  291.000000    0.696427
  301.000000    0.747829
  311.000000    0.817829
  321.000000    0.804968
  331.000000    0.772176
  341.000000    0.717342
  351.000000    0.724655
  361.000000    0.725725
  371.000000    0.762367
  381.000000    0.758187
  391.000000    0.769469
  401.000000    0.736959
  411.000000    0.709451
  421.000000    0.681186
  431.000000    0.655336
  441.000000    0.626640
  451.000000    0.629864
  461.000000    0.574576
  471.000000    0.537857
  481.000000    0.512855
  491.000000    0.621820
  501.000000    0.634952
  511.000000    0.691583
  521.000000    0.690971
  531.000000    0.727089
  541.000000    0.786696
  551.000000    0.815978
  561.000000    0.790427
  571.000000    0.791853
  581.000000    0.811084
  591.000000    0.812857
  601.000000    0.761054
  611.000000    0.692513
  621.000000    0.675236
  631.000000    0.651268
  641.000000    0.665393
  651.000000    0.668290
  661.000000    0.668034
  671.000000    0.704645
  681.000000    0.740920
  691.000000    0.707590
  701.000000    0.728707
  711.000000    0.716943
  721.000000    0.728640
  731.000000    0.740187
  741.000000    0.749939
  751.000000    0.727335
  761.000000    0.707239
  771.000000    0.662730
  781.000000    0.630316
  791.000000    0.666276
  801.000000    0.695248
  811.000000    0.698349
  821.000000    0.697488
  831.000000    0.657265
  841.000000    0.645001
  851.000000    0.652141
  861.000000    0.565532
  871.000000    0.530131
  881.000000    0.530264
  891.000000    0.562879
  901.000000    0.546951
  911.000000    0.551646
  921.000000    0.544153
  931.000000    0.617633
  941.000000    0.646992
  951.000000    0.727202
  961.000000    0.780435
  971.000000    0.797250
  981.000000    0.780416
  991.000000    0.772137
 1001.000000    0.757627
 1011.000000    0.697913
 1021.000000    0.650776
 1031.000000    0.662502
 1041.000000    0.688339
 1051.000000    0.699012
 1061.000000    0.680784
 1071.000000    0.675643
 1081.000000    0.630591
 1091.000000    0.588702
 1101.000000    0.558841
 1111.000000    0.648521
 1121.000000    0.695797
 1131.000000    0.713460
 1141.000000    0.721627
 1151.000000    0.713151
 1161.000000    0.668966
 1171.000000    0.641428
 1181.000000    0.630178
 1191.000000    0.646612
 1201.000000    0.631124
 1211.000000    0.579060
 1221.000000    0.553515
 1231.000000    0.588712
 1241.000000    0.630918
 1251.000000    0.691822
 1261.000000    0.733093
 1271.000000    0.718674
 1281.000000    0.706500
 1291.000000    0.733518
 1301.000000    0.735916
 1311.000000    0.705877
 1321.000000    0.600379
 1331.000000    0.498642
 1341.000000    0.516032
 1351.000000    0.612864
 1361.000000    0.650915
 1371.000000    0.644804
 1381.000000    0.626077
 1391.000000    0.586801
 1401.000000    0.640323
 1411.000000    0.646481
 1421.000000    0.637157
 1431.000000    0.644362
 1441.000000    0.670954
 1451.000000    0.676780
 1461.000000    0.633160
 1471.000000    0.625717
 1481.000000    0.656269
 1491.000000    0.656102
 1501.000000    0.713972
 1511.000000    0.783464
 1521.000000    0.782852
 1531.000000    0.755889
 1541.000000    0.705410
 1551.000000    0.643912
 1561.000000    0.610152
 1571.000000    0.563866
 1581.000000    0.550456
 1591.000000    0.591022
 1601.000000    0.599384
 1611.000000    0.623607
 1621.000000    0.656640
 1631.000000    0.669974
 1641.000000    0.738174
 1651.000000    0.749769
 1661.000000    0.688904
 1671.000000    0.622380
 1681.000000    0.590527
 1691.000000    0.497084
 1701.000000    0.505386
 1711.000000    0.480111
 1721.000000    0.556184
 1731.000000    0.629569
 1741.000000    0.688173
 1751.000000    0.720384
 1761.000000    0.697183
 1771.000000    0.692350
 1781.000000    0.696616
 1791.000000    0.679094
 1801.000000    0.662247
 1811.000000    0.667506
 1821.000000    0.666492
 1831.000000    0.714677
 1841.000000    0.788603
 1851.000000    0.757950
 1861.000000    0.701682
