#  pixel_depth  alphabetafraction   >  Analysis of alpha beta fraction
  304.000000    0.762052
  314.000000    0.769714
  324.000000    0.787012
  334.000000    0.808830
  344.000000    0.848704
  354.000000    0.816237
  364.000000    0.783509
  374.000000    0.780651
  384.000000    0.754055
  394.000000    0.721633
  404.000000    0.694917
  414.000000    0.666742
  424.000000    0.652778
  434.000000    0.693727
  444.000000    0.700834
  454.000000    0.712130
  464.000000    0.750523
  474.000000    0.767310
  484.000000    0.753929
  494.000000    0.753519
  504.000000    0.785716
  514.000000    0.756843
  524.000000    0.722924
  534.000000    0.783873
  544.000000    0.786363
  554.000000    0.784550
  564.000000    0.745378
  574.000000    0.730854
  584.000000    0.745359
  594.000000    0.763210
  604.000000    0.695384
  614.000000    0.654290
  624.000000    0.681502
  634.000000    0.728968
  644.000000    0.765556
  654.000000    0.769418
  664.000000    0.806041
  674.000000    0.817207
  684.000000    0.811054
  694.000000    0.795420
  704.000000    0.747712
  714.000000    0.761194
  724.000000    0.759580
  734.000000    0.755830
  744.000000    0.744727
  754.000000    0.747740
  764.000000    0.721232
  774.000000    0.759242
  784.000000    0.790695
  794.000000    0.783295
  804.000000    0.775491
  814.000000    0.758142
  824.000000    0.756549
  834.000000    0.711716
  844.000000    0.690896
  854.000000    0.669731
  864.000000    0.749508
  874.000000    0.764201
  884.000000    0.794747
  894.000000    0.811140
  904.000000    0.825570
  914.000000    0.785700
  924.000000    0.738606
  934.000000    0.663245
  944.000000    0.652410
  954.000000    0.634864
  964.000000    0.683974
  974.000000    0.769139
  984.000000    0.835278
  994.000000    0.752213
 1004.000000    0.676887
 1014.000000    0.641337
 1024.000000    0.702350
 1034.000000    0.743099
 1044.000000    0.744325
 1054.000000    0.775280
 1064.000000    0.753771
 1074.000000    0.755839
 1084.000000    0.771836
 1094.000000    0.794465
 1104.000000    0.784451
 1114.000000    0.799982
 1124.000000    0.772892
 1134.000000    0.777361
 1144.000000    0.764290
 1154.000000    0.804018
 1164.000000    0.807481
 1174.000000    0.787883
 1184.000000    0.707320
 1194.000000    0.667239
 1204.000000    0.675530
 1214.000000    0.732434
 1224.000000    0.768265
 1234.000000    0.786968
 1244.000000    0.749664
 1254.000000    0.778976
 1264.000000    0.794875
 1274.000000    0.789444
 1284.000000    0.800711
 1294.000000    0.805332
 1304.000000    0.819329
 1314.000000    0.795423
 1324.000000    0.790565
 1334.000000    0.820490
 1344.000000    0.792192
 1354.000000    0.731382
 1364.000000    0.813532
 1374.000000    0.853320
 1384.000000    0.834025
 1394.000000    0.813193
 1404.000000    0.773725
 1414.000000    0.769154
 1424.000000    0.755662
 1434.000000    0.749295
 1444.000000    0.752541
 1454.000000    0.780999
 1464.000000    0.804835
 1474.000000    0.807498
 1484.000000    0.820606
 1494.000000    0.787924
 1504.000000    0.771744
 1514.000000    0.803861
 1524.000000    0.745568
 1534.000000    0.733993
 1544.000000    0.711351
 1554.000000    0.700336
 1564.000000    0.715305
 1574.000000    0.770190
 1584.000000    0.823182
 1594.000000    0.813085
 1604.000000    0.805715
 1614.000000    0.788777
 1624.000000    0.752153
 1634.000000    0.726088
 1644.000000    0.694676
 1654.000000    0.747599
 1664.000000    0.778474
 1674.000000    0.792527
 1684.000000    0.712063
 1694.000000    0.736405
 1704.000000    0.732483
 1714.000000    0.738368
 1724.000000    0.786205
 1734.000000    0.789819
 1744.000000    0.753228
 1754.000000    0.731268
 1764.000000    0.727109
 1774.000000    0.744428
 1784.000000    0.759498
 1794.000000    0.802536
 1804.000000    0.823095
 1814.000000    0.827189
 1824.000000    0.817179
 1834.000000    0.761495
 1844.000000    0.689510
 1854.000000    0.674495
 1864.000000    0.654191
 1874.000000    0.696604
 1884.000000    0.736127
 1894.000000    0.723661
 1904.000000    0.736141
 1914.000000    0.776948
 1924.000000    0.820846
 1934.000000    0.815014
