#  pixel_depth  alphabetafraction   >  Analysis of alpha beta fraction
  118.000000    0.707882
  128.000000    0.665309
  138.000000    0.675680
  148.000000    0.588578
  158.000000    0.603871
  168.000000    0.617716
  178.000000    0.620530
  188.000000    0.662399
  198.000000    0.697838
  208.000000    0.721256
  218.000000    0.696581
  228.000000    0.738667
  238.000000    0.737782
  248.000000    0.737279
  258.000000    0.704827
  268.000000    0.689397
  278.000000    0.691387
  288.000000    0.696545
  298.000000    0.696533
  308.000000    0.734052
  318.000000    0.741106
  328.000000    0.779879
  338.000000    0.831447
  348.000000    0.840956
  358.000000    0.833563
  368.000000    0.815910
  378.000000    0.755753
  388.000000    0.724465
  398.000000    0.707663
  408.000000    0.667145
  418.000000    0.671933
  428.000000    0.694001
  438.000000    0.701447
  448.000000    0.716455
  458.000000    0.720646
  468.000000    0.786107
  478.000000    0.831845
  488.000000    0.822901
  498.000000    0.777011
  508.000000    0.774673
  518.000000    0.809213
  528.000000    0.836876
  538.000000    0.837994
  548.000000    0.837105
  558.000000    0.830657
  568.000000    0.765055
  578.000000    0.725006
  588.000000    0.733123
  598.000000    0.761696
  608.000000    0.729656
  618.000000    0.707445
  628.000000    0.747063
  638.000000    0.715980
  648.000000    0.671032
  658.000000    0.719308
  668.000000    0.731164
  678.000000    0.737037
  688.000000    0.727789
  698.000000    0.656318
  708.000000    0.657818
  718.000000    0.633585
  728.000000    0.661544
  738.000000    0.689196
  748.000000    0.717169
  758.000000    0.748909
  768.000000    0.753960
  778.000000    0.752856
  788.000000    0.815329
  798.000000    0.845325
  808.000000    0.808553
  818.000000    0.724210
  828.000000    0.723956
  838.000000    0.729671
  848.000000    0.677187
  858.000000    0.633208
  868.000000    0.594493
  878.000000    0.615557
  888.000000    0.631016
  898.000000    0.652586
  908.000000    0.636133
  918.000000    0.686416
  928.000000    0.720665
  938.000000    0.729113
  948.000000    0.771946
  958.000000    0.728261
  968.000000    0.702853
  978.000000    0.713160
  988.000000    0.728936
  998.000000    0.698081
 1008.000000    0.709859
 1018.000000    0.695350
 1028.000000    0.725955
 1038.000000    0.739613
 1048.000000    0.781409
 1058.000000    0.796529
 1068.000000    0.786601
 1078.000000    0.813238
 1088.000000    0.841406
 1098.000000    0.826502
 1108.000000    0.813464
 1118.000000    0.848467
 1128.000000    0.825983
 1138.000000    0.843889
 1148.000000    0.852964
 1158.000000    0.858653
 1168.000000    0.857203
 1178.000000    0.839164
 1188.000000    0.807242
 1198.000000    0.761774
 1208.000000    0.710647
 1218.000000    0.698863
 1228.000000    0.730715
 1238.000000    0.718406
 1248.000000    0.686782
 1258.000000    0.711647
 1268.000000    0.682838
 1278.000000    0.670719
 1288.000000    0.736204
 1298.000000    0.755355
 1308.000000    0.754218
 1318.000000    0.732479
 1328.000000    0.756372
 1338.000000    0.749688
 1348.000000    0.783815
 1358.000000    0.831683
 1368.000000    0.836140
 1378.000000    0.715168
 1388.000000    0.712656
 1398.000000    0.736642
 1408.000000    0.769395
 1418.000000    0.803564
 1428.000000    0.725048
 1438.000000    0.706786
 1448.000000    0.719821
 1458.000000    0.754761
 1468.000000    0.826218
 1478.000000    0.863737
 1488.000000    0.888182
 1498.000000    0.877722
 1508.000000    0.809533
 1518.000000    0.788508
 1528.000000    0.744255
 1538.000000    0.781035
 1548.000000    0.789633
 1558.000000    0.798219
 1568.000000    0.824880
 1578.000000    0.823727
 1588.000000    0.809005
 1598.000000    0.810205
 1608.000000    0.812742
 1618.000000    0.848734
 1628.000000    0.797266
 1638.000000    0.768968
 1648.000000    0.770038
 1658.000000    0.705799
 1668.000000    0.686604
 1678.000000    0.717072
 1688.000000    0.784381
 1698.000000    0.774313
 1708.000000    0.792711
 1718.000000    0.854671
 1728.000000    0.882993
 1738.000000    0.861620
 1748.000000    0.869908
 1758.000000    0.829486
 1768.000000    0.847704
 1778.000000    0.803671
 1788.000000    0.749043
 1798.000000    0.721647
 1808.000000    0.688250
 1818.000000    0.691228
 1828.000000    0.695721
 1838.000000    0.732785
 1848.000000    0.719457
 1858.000000    0.761530
 1868.000000    0.776245
 1878.000000    0.840290
 1888.000000    0.889565
 1898.000000    0.915539
 1908.000000    0.855842
 1918.000000    0.824229
 1928.000000    0.761917
 1938.000000    0.695929
