#  pixel_depth  alphabetafraction   >  Analysis of alpha beta fraction
   48.000000    0.783537
   58.000000    0.733409
   68.000000    0.747198
   78.000000    0.737596
   88.000000    0.716298
   98.000000    0.718239
  108.000000    0.696382
  118.000000    0.677928
  128.000000    0.635994
  138.000000    0.646658
  148.000000    0.673900
  158.000000    0.664979
  168.000000    0.631477
  178.000000    0.669988
  188.000000    0.712825
  198.000000    0.731368
  208.000000    0.726212
  218.000000    0.769505
  228.000000    0.790847
  238.000000    0.781852
  248.000000    0.783513
  258.000000    0.741308
  268.000000    0.710517
  278.000000    0.691280
  288.000000    0.716704
  298.000000    0.792138
  308.000000    0.807587
  318.000000    0.771244
  328.000000    0.769494
  338.000000    0.748473
  348.000000    0.777669
  358.000000    0.759887
  368.000000    0.738157
  378.000000    0.713801
  388.000000    0.705562
  398.000000    0.676033
  408.000000    0.664161
  418.000000    0.661927
  428.000000    0.625474
  438.000000    0.621122
  448.000000    0.642226
  458.000000    0.706322
  468.000000    0.738057
  478.000000    0.807509
  488.000000    0.847451
  498.000000    0.824371
  508.000000    0.807368
  518.000000    0.708032
  528.000000    0.712720
  538.000000    0.749068
  548.000000    0.739433
  558.000000    0.763735
  568.000000    0.835434
  578.000000    0.795064
  588.000000    0.788279
  598.000000    0.790399
  608.000000    0.805434
  618.000000    0.834170
  628.000000    0.832952
  638.000000    0.786759
  648.000000    0.803283
  658.000000    0.865016
  668.000000    0.857753
  678.000000    0.828203
  688.000000    0.762515
  698.000000    0.756226
  708.000000    0.667541
  718.000000    0.681284
  728.000000    0.703215
  738.000000    0.691960
  748.000000    0.718431
  758.000000    0.690779
  768.000000    0.768468
  778.000000    0.806780
  788.000000    0.826641
  798.000000    0.796483
  808.000000    0.770055
  818.000000    0.671808
  828.000000    0.684281
  838.000000    0.717251
  848.000000    0.660187
  858.000000    0.712153
  868.000000    0.710298
  878.000000    0.745768
  888.000000    0.748482
  898.000000    0.774962
  908.000000    0.824553
  918.000000    0.824644
  928.000000    0.806283
  938.000000    0.804028
  948.000000    0.772520
  958.000000    0.757157
  968.000000    0.796086
  978.000000    0.838743
  988.000000    0.866178
  998.000000    0.823958
 1008.000000    0.767546
 1018.000000    0.738993
 1028.000000    0.686705
 1038.000000    0.664783
 1048.000000    0.604965
 1058.000000    0.617285
 1068.000000    0.654178
 1078.000000    0.656060
 1088.000000    0.703320
 1098.000000    0.734063
 1108.000000    0.800385
 1118.000000    0.805303
 1128.000000    0.817347
 1138.000000    0.845748
 1148.000000    0.843097
 1158.000000    0.811779
 1168.000000    0.754370
 1178.000000    0.708508
 1188.000000    0.766244
 1198.000000    0.814481
 1208.000000    0.828513
 1218.000000    0.769277
 1228.000000    0.768747
 1238.000000    0.740239
 1248.000000    0.694074
 1258.000000    0.758993
 1268.000000    0.719829
 1278.000000    0.708624
 1288.000000    0.734088
 1298.000000    0.781037
 1308.000000    0.791346
 1318.000000    0.770781
 1328.000000    0.708754
 1338.000000    0.721252
 1348.000000    0.693454
 1358.000000    0.720223
 1368.000000    0.721803
 1378.000000    0.694771
 1388.000000    0.732010
 1398.000000    0.721598
 1408.000000    0.740750
 1418.000000    0.725225
 1428.000000    0.751958
 1438.000000    0.797070
 1448.000000    0.860621
 1458.000000    0.864994
 1468.000000    0.854730
 1478.000000    0.759137
 1488.000000    0.758597
 1498.000000    0.745617
 1508.000000    0.747536
 1518.000000    0.724922
 1528.000000    0.731850
 1538.000000    0.717378
 1548.000000    0.734673
 1558.000000    0.755961
 1568.000000    0.755184
 1578.000000    0.772545
 1588.000000    0.752529
 1598.000000    0.787296
 1608.000000    0.843813
 1618.000000    0.814468
 1628.000000    0.814867
 1638.000000    0.827967
 1648.000000    0.793442
 1658.000000    0.769275
 1668.000000    0.789759
 1678.000000    0.763511
 1688.000000    0.725312
 1698.000000    0.759673
 1708.000000    0.735866
 1718.000000    0.704608
 1728.000000    0.687608
 1738.000000    0.638841
 1748.000000    0.675065
 1758.000000    0.687472
 1768.000000    0.784015
 1778.000000    0.783369
 1788.000000    0.799097
 1798.000000    0.748269
 1808.000000    0.680138
 1818.000000    0.731197
 1828.000000    0.732915
 1838.000000    0.758796
 1848.000000    0.751045
