#  pixel_depth  alphabetafraction   >  Analysis of alpha beta fraction
  263.000000    0.661950
  273.000000    0.589154
  283.000000    0.577616
  293.000000    0.630327
  303.000000    0.594698
  313.000000    0.649926
  323.000000    0.652150
  333.000000    0.640986
  343.000000    0.614835
  353.000000    0.596083
  363.000000    0.546043
  373.000000    0.556224
  383.000000    0.588366
  393.000000    0.605004
  403.000000    0.633876
  413.000000    0.631873
  423.000000    0.649222
  433.000000    0.605497
  443.000000    0.566652
  453.000000    0.566924
  463.000000    0.611490
  473.000000    0.651102
  483.000000    0.667454
  493.000000    0.669395
  503.000000    0.647066
  513.000000    0.650613
  523.000000    0.647993
  533.000000    0.668885
  543.000000    0.631992
  553.000000    0.638969
  563.000000    0.622404
  573.000000    0.662612
  583.000000    0.660315
  593.000000    0.626520
  603.000000    0.643378
  613.000000    0.623642
  623.000000    0.598599
  633.000000    0.613972
  643.000000    0.580946
  653.000000    0.577580
  663.000000    0.576186
  673.000000    0.571288
  683.000000    0.538885
  693.000000    0.599550
  703.000000    0.632765
  713.000000    0.615570
  723.000000    0.663105
  733.000000    0.663777
  743.000000    0.640171
  753.000000    0.628312
  763.000000    0.652967
  773.000000    0.722226
  783.000000    0.753820
  793.000000    0.687361
  803.000000    0.634850
  813.000000    0.624197
  823.000000    0.582274
  833.000000    0.553422
  843.000000    0.537549
  853.000000    0.561386
  863.000000    0.591853
  873.000000    0.638757
  883.000000    0.629766
  893.000000    0.631282
  903.000000    0.626779
  913.000000    0.677528
  923.000000    0.621776
  933.000000    0.660334
  943.000000    0.631780
  953.000000    0.588305
  963.000000    0.582440
  973.000000    0.618566
  983.000000    0.649356
  993.000000    0.708726
 1003.000000    0.704033
 1013.000000    0.709090
 1023.000000    0.714859
 1033.000000    0.735809
 1043.000000    0.714138
 1053.000000    0.693250
 1063.000000    0.697477
 1073.000000    0.721373
 1083.000000    0.722229
 1093.000000    0.688119
 1103.000000    0.713585
 1113.000000    0.717923
 1123.000000    0.691250
 1133.000000    0.669608
 1143.000000    0.683533
 1153.000000    0.676729
 1163.000000    0.637813
 1173.000000    0.670021
 1183.000000    0.712855
 1193.000000    0.730535
 1203.000000    0.771411
 1213.000000    0.772388
 1223.000000    0.748043
 1233.000000    0.725149
 1243.000000    0.643094
 1253.000000    0.623782
 1263.000000    0.612747
 1273.000000    0.609259
 1283.000000    0.595325
 1293.000000    0.634570
 1303.000000    0.664880
 1313.000000    0.682373
 1323.000000    0.666932
 1333.000000    0.692536
 1343.000000    0.704725
 1353.000000    0.703017
 1363.000000    0.723936
 1373.000000    0.704964
 1383.000000    0.703952
 1393.000000    0.683992
 1403.000000    0.681425
 1413.000000    0.665679
 1423.000000    0.665202
 1433.000000    0.686441
 1443.000000    0.663680
 1453.000000    0.622584
 1463.000000    0.578983
 1473.000000    0.633987
 1483.000000    0.690482
 1493.000000    0.688827
 1503.000000    0.722794
 1513.000000    0.696078
 1523.000000    0.706514
 1533.000000    0.701928
 1543.000000    0.620035
 1553.000000    0.603072
 1563.000000    0.662307
 1573.000000    0.630901
 1583.000000    0.644367
 1593.000000    0.687826
 1603.000000    0.700072
 1613.000000    0.716313
 1623.000000    0.769193
 1633.000000    0.768035
 1643.000000    0.765862
 1653.000000    0.741867
 1663.000000    0.676545
 1673.000000    0.647829
 1683.000000    0.611003
 1693.000000    0.636519
 1703.000000    0.658660
 1713.000000    0.670095
 1723.000000    0.679294
 1733.000000    0.738233
 1743.000000    0.724022
 1753.000000    0.708044
 1763.000000    0.675844
 1773.000000    0.678836
 1783.000000    0.674180
 1793.000000    0.734530
 1803.000000    0.703412
 1813.000000    0.680106
 1823.000000    0.647323
 1833.000000    0.673160
 1843.000000    0.706262
 1853.000000    0.696320
 1863.000000    0.695512
 1873.000000    0.698637
 1883.000000    0.640587
 1893.000000    0.594396
 1903.000000    0.569112
 1913.000000    0.609403
 1923.000000    0.693009
 1933.000000    0.724263
 1943.000000    0.732655
