#  pixel_depth  alphabetafraction   >  Analysis of alpha beta fraction
   95.000000    0.661579
  105.000000    0.665902
  115.000000    0.665583
  125.000000    0.639232
  135.000000    0.602337
  145.000000    0.674761
  155.000000    0.699811
  165.000000    0.684169
  175.000000    0.602911
  185.000000    0.644202
  195.000000    0.595706
  205.000000    0.601709
  215.000000    0.617001
  225.000000    0.607272
  235.000000    0.606838
  245.000000    0.598186
  255.000000    0.665144
  265.000000    0.720182
  275.000000    0.726546
  285.000000    0.727937
  295.000000    0.651307
  305.000000    0.619423
  315.000000    0.596956
  325.000000    0.587052
  335.000000    0.596110
  345.000000    0.628477
  355.000000    0.666947
  365.000000    0.691288
  375.000000    0.728911
  385.000000    0.733191
  395.000000    0.737136
  405.000000    0.717065
  415.000000    0.656216
  425.000000    0.652889
  435.000000    0.685763
  445.000000    0.738239
  455.000000    0.752568
  465.000000    0.766983
  475.000000    0.740407
  485.000000    0.759159
  495.000000    0.716706
  505.000000    0.676081
  515.000000    0.736667
  525.000000    0.707001
  535.000000    0.691524
  545.000000    0.691719
  555.000000    0.656558
  565.000000    0.682254
  575.000000    0.673400
  585.000000    0.630523
  595.000000    0.624073
  605.000000    0.572310
  615.000000    0.609917
  625.000000    0.592093
  635.000000    0.570058
  645.000000    0.616177
  655.000000    0.556810
  665.000000    0.589004
  675.000000    0.588806
  685.000000    0.709571
  695.000000    0.685449
  705.000000    0.698256
  715.000000    0.713309
  725.000000    0.686323
  735.000000    0.650788
  745.000000    0.550751
  755.000000    0.503211
  765.000000    0.550469
  775.000000    0.574115
  785.000000    0.607588
  795.000000    0.635225
  805.000000    0.691713
  815.000000    0.703258
  825.000000    0.709211
  835.000000    0.663798
  845.000000    0.588189
  855.000000    0.496852
  865.000000    0.467923
  875.000000    0.499663
  885.000000    0.533927
  895.000000    0.531840
  905.000000    0.533536
  915.000000    0.569719
  925.000000    0.604508
  935.000000    0.617127
  945.000000    0.598026
  955.000000    0.532238
  965.000000    0.533869
  975.000000    0.622882
  985.000000    0.610859
  995.000000    0.595543
 1005.000000    0.578581
 1015.000000    0.577304
 1025.000000    0.606034
 1035.000000    0.653620
 1045.000000    0.620325
 1055.000000    0.601075
 1065.000000    0.565211
 1075.000000    0.556260
 1085.000000    0.583630
 1095.000000    0.577802
 1105.000000    0.612466
 1115.000000    0.531897
 1125.000000    0.592196
 1135.000000    0.593221
 1145.000000    0.547150
 1155.000000    0.549065
 1165.000000    0.550038
 1175.000000    0.558811
 1185.000000    0.572991
 1195.000000    0.565407
 1205.000000    0.506915
 1215.000000    0.472778
 1225.000000    0.496054
 1235.000000    0.509845
 1245.000000    0.499205
 1255.000000    0.509707
 1265.000000    0.515333
 1275.000000    0.500279
 1285.000000    0.469687
 1295.000000    0.530141
 1305.000000    0.545328
 1315.000000    0.599028
 1325.000000    0.644726
 1335.000000    0.630317
 1345.000000    0.607806
 1355.000000    0.667060
 1365.000000    0.628939
 1375.000000    0.643342
 1385.000000    0.680826
 1395.000000    0.674435
 1405.000000    0.698518
 1415.000000    0.672281
 1425.000000    0.664356
 1435.000000    0.705560
 1445.000000    0.710846
 1455.000000    0.655942
 1465.000000    0.601776
 1475.000000    0.601892
 1485.000000    0.658638
 1495.000000    0.689697
 1505.000000    0.692809
 1515.000000    0.614178
 1525.000000    0.632524
 1535.000000    0.592370
 1545.000000    0.592974
 1555.000000    0.629987
 1565.000000    0.647272
 1575.000000    0.634030
 1585.000000    0.674340
 1595.000000    0.646048
 1605.000000    0.681659
 1615.000000    0.770004
 1625.000000    0.767679
 1635.000000    0.738528
 1645.000000    0.721598
 1655.000000    0.668543
 1665.000000    0.651055
 1675.000000    0.658545
 1685.000000    0.646413
 1695.000000    0.664291
 1705.000000    0.672031
 1715.000000    0.704668
 1725.000000    0.691646
 1735.000000    0.706924
 1745.000000    0.673633
 1755.000000    0.669671
