#  pixel_depth  alphabetafraction   >  Analysis of alpha beta fraction
   77.000000    0.691206
   87.000000    0.650023
   97.000000    0.644299
  107.000000    0.623012
  117.000000    0.601205
  127.000000    0.631024
  137.000000    0.618249
  147.000000    0.625845
  157.000000    0.632709
  167.000000    0.645402
  177.000000    0.634509
  187.000000    0.650546
  197.000000    0.607174
  207.000000    0.575964
  217.000000    0.573376
  227.000000    0.564551
  237.000000    0.537186
  247.000000    0.548570
  257.000000    0.569172
  267.000000    0.634593
  277.000000    0.686121
  287.000000    0.676960
  297.000000    0.686966
  307.000000    0.692213
  317.000000    0.620409
  327.000000    0.635520
  337.000000    0.650481
  347.000000    0.645974
  357.000000    0.656964
  367.000000    0.607534
  377.000000    0.553819
  387.000000    0.542205
  397.000000    0.526586
  407.000000    0.569014
  417.000000    0.621949
  427.000000    0.629683
  437.000000    0.619693
  447.000000    0.631163
  457.000000    0.632511
  467.000000    0.637863
  477.000000    0.626760
  487.000000    0.658775
  497.000000    0.694030
  507.000000    0.697842
  517.000000    0.690529
  527.000000    0.694990
  537.000000    0.694566
  547.000000    0.660321
  557.000000    0.590182
  567.000000    0.579386
  577.000000    0.611407
  587.000000    0.616840
  597.000000    0.596208
  607.000000    0.601085
  617.000000    0.603227
  627.000000    0.641483
  637.000000    0.621195
  647.000000    0.578773
  657.000000    0.590463
  667.000000    0.613762
  677.000000    0.660675
  687.000000    0.702675
  697.000000    0.743559
  707.000000    0.756486
  717.000000    0.771376
  727.000000    0.756872
  737.000000    0.708069
  747.000000    0.668807
  757.000000    0.693709
  767.000000    0.718405
  777.000000    0.717236
  787.000000    0.687818
  797.000000    0.651744
  807.000000    0.574214
  817.000000    0.535956
  827.000000    0.548253
  837.000000    0.546598
  847.000000    0.565419
  857.000000    0.582226
  867.000000    0.541731
  877.000000    0.545142
  887.000000    0.556795
  897.000000    0.522573
  907.000000    0.596633
  917.000000    0.644273
  927.000000    0.715419
  937.000000    0.746829
  947.000000    0.715519
  957.000000    0.690068
  967.000000    0.664272
  977.000000    0.670139
  987.000000    0.677895
  997.000000    0.722469
 1007.000000    0.670141
 1017.000000    0.630370
 1027.000000    0.607549
 1037.000000    0.643610
 1047.000000    0.668403
 1057.000000    0.668804
 1067.000000    0.675247
 1077.000000    0.699572
 1087.000000    0.687495
 1097.000000    0.691782
 1107.000000    0.750019
 1117.000000    0.734273
 1127.000000    0.718575
 1137.000000    0.703074
 1147.000000    0.651637
 1157.000000    0.592905
 1167.000000    0.622830
 1177.000000    0.664034
 1187.000000    0.676939
 1197.000000    0.650309
 1207.000000    0.602191
 1217.000000    0.657612
 1227.000000    0.629689
 1237.000000    0.615834
 1247.000000    0.631723
 1257.000000    0.613504
 1267.000000    0.622811
 1277.000000    0.641794
 1287.000000    0.662451
 1297.000000    0.641962
 1307.000000    0.619161
 1317.000000    0.593520
 1327.000000    0.587906
 1337.000000    0.607656
 1347.000000    0.644215
 1357.000000    0.676719
 1367.000000    0.718917
 1377.000000    0.663318
 1387.000000    0.593282
 1397.000000    0.547941
 1407.000000    0.504007
 1417.000000    0.504324
 1427.000000    0.503846
 1437.000000    0.537258
 1447.000000    0.590806
 1457.000000    0.569091
 1467.000000    0.592696
 1477.000000    0.548738
 1487.000000    0.611473
 1497.000000    0.651575
 1507.000000    0.549215
 1517.000000    0.533413
 1527.000000    0.560860
 1537.000000    0.568672
 1547.000000    0.589324
 1557.000000    0.583130
 1567.000000    0.643597
 1577.000000    0.641128
 1587.000000    0.617709
 1597.000000    0.605667
 1607.000000    0.607989
 1617.000000    0.603824
 1627.000000    0.666600
 1637.000000    0.653147
 1647.000000    0.626647
 1657.000000    0.615198
 1667.000000    0.569187
 1677.000000    0.539393
 1687.000000    0.546340
 1697.000000    0.618606
 1707.000000    0.642260
 1717.000000    0.673149
 1727.000000    0.698038
 1737.000000    0.723119
 1747.000000    0.705007
 1757.000000    0.686883
