#  pixel_depth  alphabetafraction   >  Analysis of alpha beta fraction
   90.000000    0.756784
  100.000000    0.697842
  110.000000    0.660694
  120.000000    0.770941
  130.000000    0.826250
  140.000000    0.828755
  150.000000    0.812468
  160.000000    0.788811
  170.000000    0.745481
  180.000000    0.730659
  190.000000    0.790101
  200.000000    0.772680
  210.000000    0.789091
  220.000000    0.756730
  230.000000    0.764989
  240.000000    0.788068
  250.000000    0.801041
  260.000000    0.756972
  270.000000    0.727104
  280.000000    0.709565
  290.000000    0.730834
  300.000000    0.777746
  310.000000    0.804774
  320.000000    0.824824
  330.000000    0.816148
  340.000000    0.746437
  350.000000    0.757582
  360.000000    0.747627
  370.000000    0.724626
  380.000000    0.739181
  390.000000    0.734576
  400.000000    0.762260
  410.000000    0.799526
  420.000000    0.759353
  430.000000    0.758737
  440.000000    0.775920
  450.000000    0.728192
  460.000000    0.640453
  470.000000    0.666151
  480.000000    0.737379
  490.000000    0.755885
  500.000000    0.756554
  510.000000    0.817787
  520.000000    0.861482
  530.000000    0.854904
  540.000000    0.858934
  550.000000    0.830076
  560.000000    0.793577
  570.000000    0.772093
  580.000000    0.767287
  590.000000    0.751668
  600.000000    0.823981
  610.000000    0.788111
  620.000000    0.746330
  630.000000    0.741257
  640.000000    0.775381
  650.000000    0.794352
  660.000000    0.822231
  670.000000    0.852289
  680.000000    0.840212
  690.000000    0.792123
  700.000000    0.776179
  710.000000    0.782069
  720.000000    0.804789
  730.000000    0.765763
  740.000000    0.740096
  750.000000    0.795731
  760.000000    0.784807
  770.000000    0.768978
  780.000000    0.750929
  790.000000    0.755835
  800.000000    0.776430
  810.000000    0.771402
  820.000000    0.717597
  830.000000    0.779380
  840.000000    0.776609
  850.000000    0.776187
  860.000000    0.828388
  870.000000    0.776660
  880.000000    0.751503
  890.000000    0.723022
  900.000000    0.696370
  910.000000    0.757101
  920.000000    0.810812
  930.000000    0.811023
  940.000000    0.809461
  950.000000    0.806204
  960.000000    0.809817
  970.000000    0.793205
  980.000000    0.769269
  990.000000    0.757519
 1000.000000    0.730123
 1010.000000    0.724699
 1020.000000    0.767677
 1030.000000    0.710429
 1040.000000    0.761543
 1050.000000    0.741449
 1060.000000    0.729505
 1070.000000    0.716447
 1080.000000    0.750752
 1090.000000    0.745604
 1100.000000    0.746649
 1110.000000    0.768775
 1120.000000    0.751161
 1130.000000    0.795513
 1140.000000    0.826887
 1150.000000    0.833439
 1160.000000    0.809111
 1170.000000    0.834262
 1180.000000    0.833060
 1190.000000    0.849498
 1200.000000    0.867972
 1210.000000    0.835023
 1220.000000    0.794712
 1230.000000    0.747181
 1240.000000    0.735086
 1250.000000    0.733975
 1260.000000    0.616122
 1270.000000    0.731159
 1280.000000    0.768798
 1290.000000    0.820934
 1300.000000    0.827660
 1310.000000    0.804715
 1320.000000    0.795573
 1330.000000    0.795567
 1340.000000    0.796474
 1350.000000    0.754928
 1360.000000    0.743607
 1370.000000    0.684653
 1380.000000    0.736144
 1390.000000    0.792013
 1400.000000    0.787794
 1410.000000    0.822032
 1420.000000    0.824711
 1430.000000    0.769456
 1440.000000    0.779381
 1450.000000    0.786151
 1460.000000    0.737881
 1470.000000    0.752618
 1480.000000    0.731154
 1490.000000    0.807560
 1500.000000    0.744660
 1510.000000    0.809986
 1520.000000    0.796913
 1530.000000    0.761705
 1540.000000    0.732586
 1550.000000    0.710978
 1560.000000    0.683048
 1570.000000    0.752829
 1580.000000    0.765271
 1590.000000    0.762377
 1600.000000    0.799381
 1610.000000    0.800270
 1620.000000    0.827350
 1630.000000    0.774628
 1640.000000    0.783451
 1650.000000    0.751850
 1660.000000    0.726051
 1670.000000    0.700522
 1680.000000    0.744632
 1690.000000    0.689706
 1700.000000    0.754931
 1710.000000    0.788110
 1720.000000    0.809517
 1730.000000    0.765410
 1740.000000    0.761617
 1750.000000    0.750529
 1760.000000    0.776205
 1770.000000    0.775246
 1780.000000    0.730313
 1790.000000    0.741428
 1800.000000    0.734107
 1810.000000    0.790105
 1820.000000    0.782383
 1830.000000    0.749369
 1840.000000    0.765454
 1850.000000    0.761051
 1860.000000    0.713354
 1870.000000    0.745720
 1880.000000    0.781873
