#  pixel_depth  alphabetafraction   >  Analysis of alpha beta fraction
   49.000000    0.507014
   59.000000    0.585328
   69.000000    0.650860
   79.000000    0.698277
   89.000000    0.721708
   99.000000    0.742669
  109.000000    0.745663
  119.000000    0.773288
  129.000000    0.741456
  139.000000    0.734767
  149.000000    0.711045
  159.000000    0.686318
  169.000000    0.635622
  179.000000    0.611978
  189.000000    0.596211
  199.000000    0.601645
  209.000000    0.607906
  219.000000    0.674760
  229.000000    0.689492
  239.000000    0.711026
  249.000000    0.738277
  259.000000    0.719842
  269.000000    0.766696
  279.000000    0.749855
  289.000000    0.738265
  299.000000    0.772769
  309.000000    0.750896
  319.000000    0.713032
  329.000000    0.666071
  339.000000    0.640513
  349.000000    0.647394
  359.000000    0.712062
  369.000000    0.696699
  379.000000    0.756096
  389.000000    0.729672
  399.000000    0.697962
  409.000000    0.714130
  419.000000    0.736640
  429.000000    0.698649
  439.000000    0.633841
  449.000000    0.688665
  459.000000    0.749702
  469.000000    0.727193
  479.000000    0.720434
  489.000000    0.673708
  499.000000    0.668730
  509.000000    0.658345
  519.000000    0.686835
  529.000000    0.724309
  539.000000    0.733022
  549.000000    0.725876
  559.000000    0.711271
  569.000000    0.681447
  579.000000    0.679690
  589.000000    0.629539
  599.000000    0.618914
  609.000000    0.553205
  619.000000    0.524745
  629.000000    0.575067
  639.000000    0.630020
  649.000000    0.644167
  659.000000    0.622505
  669.000000    0.629300
  679.000000    0.607006
  689.000000    0.578258
  699.000000    0.617277
  709.000000    0.624249
  719.000000    0.663767
  729.000000    0.693733
  739.000000    0.675952
  749.000000    0.651231
  759.000000    0.635597
  769.000000    0.624396
  779.000000    0.640334
  789.000000    0.674128
  799.000000    0.683795
  809.000000    0.641531
  819.000000    0.590928
  829.000000    0.610488
  839.000000    0.668206
  849.000000    0.741558
  859.000000    0.746100
  869.000000    0.748279
  879.000000    0.697076
  889.000000    0.663365
  899.000000    0.663947
  909.000000    0.630257
  919.000000    0.629333
  929.000000    0.659874
  939.000000    0.680000
  949.000000    0.656045
  959.000000    0.671893
  969.000000    0.667899
  979.000000    0.679208
  989.000000    0.663348
  999.000000    0.624267
 1009.000000    0.633740
 1019.000000    0.675952
 1029.000000    0.735906
 1039.000000    0.715910
 1049.000000    0.726972
 1059.000000    0.718955
 1069.000000    0.723205
 1079.000000    0.706112
 1089.000000    0.703100
 1099.000000    0.789335
 1109.000000    0.724525
 1119.000000    0.637280
 1129.000000    0.695444
 1139.000000    0.690339
 1149.000000    0.695551
 1159.000000    0.721121
 1169.000000    0.689227
 1179.000000    0.754145
 1189.000000    0.713125
 1199.000000    0.725978
 1209.000000    0.758145
 1219.000000    0.752403
 1229.000000    0.704611
 1239.000000    0.721342
 1249.000000    0.730426
 1259.000000    0.709466
 1269.000000    0.694652
 1279.000000    0.668333
 1289.000000    0.622377
 1299.000000    0.593456
 1309.000000    0.643659
 1319.000000    0.666321
 1329.000000    0.664329
 1339.000000    0.683537
 1349.000000    0.655969
 1359.000000    0.621287
 1369.000000    0.633071
 1379.000000    0.682147
 1389.000000    0.711544
 1399.000000    0.714087
 1409.000000    0.676591
 1419.000000    0.708961
 1429.000000    0.730836
 1439.000000    0.756810
 1449.000000    0.740996
 1459.000000    0.666275
 1469.000000    0.657195
 1479.000000    0.682041
 1489.000000    0.760385
 1499.000000    0.759348
 1509.000000    0.800654
 1519.000000    0.814652
 1529.000000    0.792399
 1539.000000    0.738585
 1549.000000    0.715499
 1559.000000    0.671561
 1569.000000    0.610450
 1579.000000    0.581061
 1589.000000    0.655074
 1599.000000    0.676841
 1609.000000    0.718843
 1619.000000    0.743419
 1629.000000    0.695693
 1639.000000    0.632130
 1649.000000    0.634029
 1659.000000    0.735795
 1669.000000    0.747964
 1679.000000    0.713741
 1689.000000    0.726735
 1699.000000    0.689678
 1709.000000    0.681987
 1719.000000    0.657158
 1729.000000    0.685560
 1739.000000    0.699927
 1749.000000    0.664051
 1759.000000    0.708111
 1769.000000    0.781767
 1779.000000    0.827810
 1789.000000    0.819180
