#  pixel_depth  alphabetafraction   >  Analysis of alpha beta fraction
  151.000000    0.891237
  161.000000    0.888589
  171.000000    0.897065
  181.000000    0.914672
  191.000000    0.921023
  201.000000    0.926121
  211.000000    0.893379
  221.000000    0.884951
  231.000000    0.846361
  241.000000    0.850289
  251.000000    0.895106
  261.000000    0.888638
  271.000000    0.878612
  281.000000    0.876432
  291.000000    0.823118
  301.000000    0.794323
  311.000000    0.769046
  321.000000    0.748806
  331.000000    0.750143
  341.000000    0.830335
  351.000000    0.863708
  361.000000    0.886165
  371.000000    0.899034
  381.000000    0.910380
  391.000000    0.885048
  401.000000    0.814334
  411.000000    0.761558
  421.000000    0.753369
  431.000000    0.729771
  441.000000    0.708326
  451.000000    0.705536
  461.000000    0.737293
  471.000000    0.777048
  481.000000    0.832470
  491.000000    0.862409
  501.000000    0.845079
  511.000000    0.834113
  521.000000    0.764666
  531.000000    0.825770
  541.000000    0.873265
  551.000000    0.859701
  561.000000    0.807656
  571.000000    0.786536
  581.000000    0.759066
  591.000000    0.752149
  601.000000    0.720938
  611.000000    0.760367
  621.000000    0.787515
  631.000000    0.761993
  641.000000    0.837469
  651.000000    0.853332
  661.000000    0.835538
  671.000000    0.799779
  681.000000    0.806211
  691.000000    0.810586
  701.000000    0.753899
  711.000000    0.742627
  721.000000    0.757391
  731.000000    0.799226
  741.000000    0.794761
  751.000000    0.830049
  761.000000    0.834343
  771.000000    0.823730
  781.000000    0.814869
  791.000000    0.827393
  801.000000    0.804828
  811.000000    0.817781
  821.000000    0.785250
  831.000000    0.757558
  841.000000    0.747329
  851.000000    0.759532
  861.000000    0.824501
  871.000000    0.819662
  881.000000    0.788977
  891.000000    0.797441
  901.000000    0.777558
  911.000000    0.750545
  921.000000    0.828467
  931.000000    0.869110
  941.000000    0.899671
  951.000000    0.877020
  961.000000    0.864487
  971.000000    0.810773
  981.000000    0.771905
  991.000000    0.796386
 1001.000000    0.812775
 1011.000000    0.831530
 1021.000000    0.857503
 1031.000000    0.844867
 1041.000000    0.825377
 1051.000000    0.829745
 1061.000000    0.831313
 1071.000000    0.796133
 1081.000000    0.802211
 1091.000000    0.795874
 1101.000000    0.792766
 1111.000000    0.760177
 1121.000000    0.771902
 1131.000000    0.736035
 1141.000000    0.740922
 1151.000000    0.743090
 1161.000000    0.758876
 1171.000000    0.737358
 1181.000000    0.780531
 1191.000000    0.771817
 1201.000000    0.776502
 1211.000000    0.826157
 1221.000000    0.857855
 1231.000000    0.830116
 1241.000000    0.827079
 1251.000000    0.765788
 1261.000000    0.795759
 1271.000000    0.787414
 1281.000000    0.778964
 1291.000000    0.731646
 1301.000000    0.752903
 1311.000000    0.769078
 1321.000000    0.785177
 1331.000000    0.787967
 1341.000000    0.691940
 1351.000000    0.740661
 1361.000000    0.745603
 1371.000000    0.731507
 1381.000000    0.712543
 1391.000000    0.702049
 1401.000000    0.754343
 1411.000000    0.755425
 1421.000000    0.747580
 1431.000000    0.745681
 1441.000000    0.736737
 1451.000000    0.756136
 1461.000000    0.711892
 1471.000000    0.735051
 1481.000000    0.778145
 1491.000000    0.783978
 1501.000000    0.826437
 1511.000000    0.806584
 1521.000000    0.760263
 1531.000000    0.757692
 1541.000000    0.796635
 1551.000000    0.803724
 1561.000000    0.768675
 1571.000000    0.734618
 1581.000000    0.740195
 1591.000000    0.786284
 1601.000000    0.834485
 1611.000000    0.804827
 1621.000000    0.815883
 1631.000000    0.806153
 1641.000000    0.810440
 1651.000000    0.784004
 1661.000000    0.787719
 1671.000000    0.801892
 1681.000000    0.744148
 1691.000000    0.767933
 1701.000000    0.812243
 1711.000000    0.837158
 1721.000000    0.846398
 1731.000000    0.789964
 1741.000000    0.748993
 1751.000000    0.662654
 1761.000000    0.725169
 1771.000000    0.764030
 1781.000000    0.809968
 1791.000000    0.761857
 1801.000000    0.764603
 1811.000000    0.792296
 1821.000000    0.835361
 1831.000000    0.850817
 1841.000000    0.870665
 1851.000000    0.862700
 1861.000000    0.874061
 1871.000000    0.861472
 1881.000000    0.804729
 1891.000000    0.731452
 1901.000000    0.763402
 1911.000000    0.783640
 1921.000000    0.803200
 1931.000000    0.784268
 1941.000000    0.811137
