#  pixel_depth  alphabetafraction   >  Analysis of alpha beta fraction
   44.000000    0.736194
   54.000000    0.757578
   64.000000    0.767138
   74.000000    0.781714
   84.000000    0.770802
   94.000000    0.794719
  104.000000    0.800579
  114.000000    0.749641
  124.000000    0.711429
  134.000000    0.658054
  144.000000    0.652872
  154.000000    0.697217
  164.000000    0.720207
  174.000000    0.779366
  184.000000    0.834615
  194.000000    0.812339
  204.000000    0.800793
  214.000000    0.783203
  224.000000    0.742087
  234.000000    0.678051
  244.000000    0.697528
  254.000000    0.732606
  264.000000    0.770853
  274.000000    0.812923
  284.000000    0.780518
  294.000000    0.716443
  304.000000    0.715945
  314.000000    0.729901
  324.000000    0.766876
  334.000000    0.798218
  344.000000    0.758150
  354.000000    0.734951
  364.000000    0.727962
  374.000000    0.801021
  384.000000    0.811802
  394.000000    0.781811
  404.000000    0.751180
  414.000000    0.707212
  424.000000    0.660646
  434.000000    0.653632
  444.000000    0.712436
  454.000000    0.729316
  464.000000    0.751433
  474.000000    0.800797
  484.000000    0.801675
  494.000000    0.759790
  504.000000    0.738231
  514.000000    0.691824
  524.000000    0.783540
  534.000000    0.781002
  544.000000    0.747020
  554.000000    0.820034
  564.000000    0.808242
  574.000000    0.747807
  584.000000    0.701416
  594.000000    0.681315
  604.000000    0.687333
  614.000000    0.718339
  624.000000    0.757872
  634.000000    0.728328
  644.000000    0.777274
  654.000000    0.790304
  664.000000    0.815900
  674.000000    0.817804
  684.000000    0.784827
  694.000000    0.772958
  704.000000    0.777605
  714.000000    0.761077
  724.000000    0.744539
  734.000000    0.696269
  744.000000    0.686943
  754.000000    0.743316
  764.000000    0.752223
  774.000000    0.787227
  784.000000    0.792652
  794.000000    0.768419
  804.000000    0.737047
  814.000000    0.720285
  824.000000    0.677129
  834.000000    0.717848
  844.000000    0.770783
  854.000000    0.778280
  864.000000    0.787789
  874.000000    0.748835
  884.000000    0.825713
  894.000000    0.788572
  904.000000    0.748556
  914.000000    0.775394
  924.000000    0.739920
  934.000000    0.743477
  944.000000    0.758253
  954.000000    0.817745
  964.000000    0.855633
  974.000000    0.822176
  984.000000    0.770883
  994.000000    0.762329
 1004.000000    0.725801
 1014.000000    0.729617
 1024.000000    0.668494
 1034.000000    0.706126
 1044.000000    0.717971
 1054.000000    0.709901
 1064.000000    0.692721
 1074.000000    0.695263
 1084.000000    0.715496
 1094.000000    0.773545
 1104.000000    0.795576
 1114.000000    0.799880
 1124.000000    0.775254
 1134.000000    0.756324
 1144.000000    0.729948
 1154.000000    0.702185
 1164.000000    0.699000
 1174.000000    0.667455
 1184.000000    0.680581
 1194.000000    0.721145
 1204.000000    0.746644
 1214.000000    0.742191
 1224.000000    0.728393
 1234.000000    0.722669
 1244.000000    0.708295
 1254.000000    0.753604
 1264.000000    0.796758
 1274.000000    0.812438
 1284.000000    0.788364
 1294.000000    0.762089
 1304.000000    0.696690
 1314.000000    0.702301
 1324.000000    0.715991
 1334.000000    0.731695
 1344.000000    0.774115
 1354.000000    0.784037
 1364.000000    0.829881
 1374.000000    0.837937
 1384.000000    0.765989
 1394.000000    0.729087
 1404.000000    0.708535
 1414.000000    0.720310
 1424.000000    0.685138
 1434.000000    0.722954
 1444.000000    0.717918
 1454.000000    0.722153
 1464.000000    0.745662
 1474.000000    0.753140
 1484.000000    0.760743
 1494.000000    0.787956
 1504.000000    0.818193
 1514.000000    0.818773
 1524.000000    0.789835
 1534.000000    0.755138
 1544.000000    0.764479
 1554.000000    0.790107
 1564.000000    0.753800
 1574.000000    0.749691
 1584.000000    0.716809
 1594.000000    0.734247
 1604.000000    0.758771
 1614.000000    0.755690
 1624.000000    0.784881
 1634.000000    0.736583
 1644.000000    0.735559
 1654.000000    0.742236
 1664.000000    0.743858
 1674.000000    0.706917
 1684.000000    0.710836
 1694.000000    0.665510
 1704.000000    0.636933
 1714.000000    0.731094
 1724.000000    0.712755
 1734.000000    0.705220
 1744.000000    0.664319
 1754.000000    0.653241
 1764.000000    0.706195
 1774.000000    0.722987
 1784.000000    0.754876
 1794.000000    0.817807
 1804.000000    0.826415
 1814.000000    0.781452
 1824.000000    0.729332
 1834.000000    0.679581
 1844.000000    0.733687
 1854.000000    0.742334
 1864.000000    0.743889
 1874.000000    0.738216
 1884.000000    0.754562
