#  pixel_depth  alphabetafraction   >  Analysis of alpha beta fraction
   64.000000    0.784589
   74.000000    0.815570
   84.000000    0.802579
   94.000000    0.773160
  104.000000    0.736091
  114.000000    0.697446
  124.000000    0.659982
  134.000000    0.611184
  144.000000    0.631963
  154.000000    0.694016
  164.000000    0.678809
  174.000000    0.692301
  184.000000    0.704506
  194.000000    0.676225
  204.000000    0.649961
  214.000000    0.677182
  224.000000    0.692120
  234.000000    0.705792
  244.000000    0.714546
  254.000000    0.756453
  264.000000    0.754215
  274.000000    0.665073
  284.000000    0.626988
  294.000000    0.650215
  304.000000    0.653848
  314.000000    0.663886
  324.000000    0.696202
  334.000000    0.733001
  344.000000    0.742135
  354.000000    0.681107
  364.000000    0.676997
  374.000000    0.676975
  384.000000    0.717429
  394.000000    0.747069
  404.000000    0.758284
  414.000000    0.757889
  424.000000    0.781336
  434.000000    0.774490
  444.000000    0.724144
  454.000000    0.719042
  464.000000    0.688817
  474.000000    0.671917
  484.000000    0.639368
  494.000000    0.667989
  504.000000    0.675454
  514.000000    0.656860
  524.000000    0.649504
  534.000000    0.686305
  544.000000    0.707326
  554.000000    0.728189
  564.000000    0.750409
  574.000000    0.708303
  584.000000    0.797733
  594.000000    0.785858
  604.000000    0.780572
  614.000000    0.702876
  624.000000    0.736466
  634.000000    0.758213
  644.000000    0.727212
  654.000000    0.699666
  664.000000    0.695294
  674.000000    0.668058
  684.000000    0.674178
  694.000000    0.651097
  704.000000    0.689589
  714.000000    0.674857
  724.000000    0.659543
  734.000000    0.633875
  744.000000    0.674858
  754.000000    0.658394
  764.000000    0.677755
  774.000000    0.681903
  784.000000    0.666715
  794.000000    0.657505
  804.000000    0.662322
  814.000000    0.682599
  824.000000    0.694965
  834.000000    0.699134
  844.000000    0.700611
  854.000000    0.704147
  864.000000    0.715775
  874.000000    0.764029
  884.000000    0.758389
  894.000000    0.792980
  904.000000    0.815009
  914.000000    0.791357
  924.000000    0.781926
  934.000000    0.751802
  944.000000    0.718034
  954.000000    0.651814
  964.000000    0.661423
  974.000000    0.683129
  984.000000    0.702570
  994.000000    0.732190
 1004.000000    0.739325
 1014.000000    0.725511
 1024.000000    0.720730
 1034.000000    0.728802
 1044.000000    0.735941
 1054.000000    0.719233
 1064.000000    0.700905
 1074.000000    0.685749
 1084.000000    0.670688
 1094.000000    0.614663
 1104.000000    0.591884
 1114.000000    0.669768
 1124.000000    0.636732
 1134.000000    0.626105
 1144.000000    0.642193
 1154.000000    0.643780
 1164.000000    0.694025
 1174.000000    0.709963
 1184.000000    0.713447
 1194.000000    0.674677
 1204.000000    0.738084
 1214.000000    0.805755
 1224.000000    0.817892
 1234.000000    0.780879
 1244.000000    0.757052
 1254.000000    0.708450
 1264.000000    0.721221
 1274.000000    0.762187
 1284.000000    0.782373
 1294.000000    0.787747
 1304.000000    0.762798
 1314.000000    0.770039
 1324.000000    0.767129
 1334.000000    0.749492
 1344.000000    0.752483
 1354.000000    0.788222
 1364.000000    0.791138
 1374.000000    0.820581
 1384.000000    0.799450
 1394.000000    0.790232
 1404.000000    0.747521
 1414.000000    0.671148
 1424.000000    0.648545
 1434.000000    0.634286
 1444.000000    0.656304
 1454.000000    0.662622
 1464.000000    0.733334
 1474.000000    0.734161
 1484.000000    0.667426
 1494.000000    0.699116
 1504.000000    0.689458
 1514.000000    0.699038
 1524.000000    0.707324
 1534.000000    0.712813
 1544.000000    0.723417
 1554.000000    0.690357
 1564.000000    0.687981
 1574.000000    0.716838
 1584.000000    0.720520
 1594.000000    0.748429
 1604.000000    0.741890
 1614.000000    0.728274
 1624.000000    0.690526
 1634.000000    0.631610
 1644.000000    0.646943
 1654.000000    0.681265
 1664.000000    0.716375
 1674.000000    0.721118
 1684.000000    0.702766
 1694.000000    0.656907
 1704.000000    0.656622
 1714.000000    0.652825
 1724.000000    0.622736
 1734.000000    0.618363
 1744.000000    0.665185
 1754.000000    0.657873
 1764.000000    0.704329
 1774.000000    0.739954
 1784.000000    0.790918
