#  pixel_depth  alphabetafraction   >  Analysis of alpha beta fraction
   65.000000    0.681978
   75.000000    0.645426
   85.000000    0.634236
   95.000000    0.632954
  105.000000    0.706419
  115.000000    0.666486
  125.000000    0.629175
  135.000000    0.633490
  145.000000    0.655496
  155.000000    0.652094
  165.000000    0.675120
  175.000000    0.710662
  185.000000    0.745022
  195.000000    0.790457
  205.000000    0.798661
  215.000000    0.704963
  225.000000    0.697468
  235.000000    0.670909
  245.000000    0.652266
  255.000000    0.652516
  265.000000    0.671844
  275.000000    0.673967
  285.000000    0.643400
  295.000000    0.646431
  305.000000    0.640265
  315.000000    0.693689
  325.000000    0.749084
  335.000000    0.787017
  345.000000    0.832505
  355.000000    0.862198
  365.000000    0.823114
  375.000000    0.759637
  385.000000    0.727901
  395.000000    0.728724
  405.000000    0.721303
  415.000000    0.687297
  425.000000    0.656205
  435.000000    0.681218
  445.000000    0.704423
  455.000000    0.682133
  465.000000    0.673977
  475.000000    0.684998
  485.000000    0.692668
  495.000000    0.728873
  505.000000    0.709697
  515.000000    0.730630
  525.000000    0.771249
  535.000000    0.802259
  545.000000    0.825912
  555.000000    0.784326
  565.000000    0.756243
  575.000000    0.677954
  585.000000    0.674293
  595.000000    0.680962
  605.000000    0.679843
  615.000000    0.682129
  625.000000    0.635722
  635.000000    0.685788
  645.000000    0.745886
  655.000000    0.777200
  665.000000    0.773749
  675.000000    0.762612
  685.000000    0.723244
  695.000000    0.753123
  705.000000    0.730828
  715.000000    0.638068
  725.000000    0.677574
  735.000000    0.685162
  745.000000    0.714441
  755.000000    0.665287
  765.000000    0.689729
  775.000000    0.766812
  785.000000    0.803648
  795.000000    0.749521
  805.000000    0.721356
  815.000000    0.711953
  825.000000    0.708740
  835.000000    0.704045
  845.000000    0.717020
  855.000000    0.702998
  865.000000    0.718246
  875.000000    0.707229
  885.000000    0.662959
  895.000000    0.625156
  905.000000    0.587198
  915.000000    0.597408
  925.000000    0.592160
  935.000000    0.630485
  945.000000    0.631327
  955.000000    0.616643
  965.000000    0.627914
  975.000000    0.634487
  985.000000    0.621850
  995.000000    0.607028
 1005.000000    0.662841
 1015.000000    0.644080
 1025.000000    0.659127
 1035.000000    0.719416
 1045.000000    0.769731
 1055.000000    0.797229
 1065.000000    0.820870
 1075.000000    0.771903
 1085.000000    0.806527
 1095.000000    0.819550
 1105.000000    0.807590
 1115.000000    0.778910
 1125.000000    0.727737
 1135.000000    0.686130
 1145.000000    0.620282
 1155.000000    0.594764
 1165.000000    0.624877
 1175.000000    0.620129
 1185.000000    0.670508
 1195.000000    0.697724
 1205.000000    0.739245
 1215.000000    0.747354
 1225.000000    0.776182
 1235.000000    0.759291
 1245.000000    0.800109
 1255.000000    0.777335
 1265.000000    0.754932
 1275.000000    0.748329
 1285.000000    0.742486
 1295.000000    0.654903
 1305.000000    0.668250
 1315.000000    0.634158
 1325.000000    0.683364
 1335.000000    0.690684
 1345.000000    0.677763
 1355.000000    0.672906
 1365.000000    0.645093
 1375.000000    0.652880
 1385.000000    0.713205
 1395.000000    0.696453
 1405.000000    0.671685
 1415.000000    0.698988
 1425.000000    0.755781
 1435.000000    0.757680
 1445.000000    0.710262
 1455.000000    0.669722
 1465.000000    0.622338
 1475.000000    0.573307
 1485.000000    0.537321
 1495.000000    0.564701
 1505.000000    0.556688
 1515.000000    0.542561
 1525.000000    0.578411
 1535.000000    0.602215
 1545.000000    0.636426
 1555.000000    0.701421
 1565.000000    0.731392
 1575.000000    0.748752
 1585.000000    0.755352
 1595.000000    0.745179
 1605.000000    0.746972
 1615.000000    0.716269
 1625.000000    0.703618
 1635.000000    0.672395
 1645.000000    0.617554
 1655.000000    0.599208
 1665.000000    0.551837
 1675.000000    0.543114
 1685.000000    0.528704
 1695.000000    0.541698
 1705.000000    0.570606
 1715.000000    0.614025
 1725.000000    0.694074
 1735.000000    0.658970
 1745.000000    0.699490
 1755.000000    0.717574
 1765.000000    0.686053
 1775.000000    0.700231
 1785.000000    0.746518
 1795.000000    0.786206
 1805.000000    0.785732
 1815.000000    0.777096
 1825.000000    0.744262
 1835.000000    0.675373
 1845.000000    0.673486
 1855.000000    0.671786
 1865.000000    0.661752
