#  pixel_depth  alphabetafraction   >  Analysis of alpha beta fraction
  122.000000    0.804529
  132.000000    0.798864
  142.000000    0.741418
  152.000000    0.719938
  162.000000    0.734281
  172.000000    0.741902
  182.000000    0.755343
  192.000000    0.798692
  202.000000    0.798134
  212.000000    0.762890
  222.000000    0.775702
  232.000000    0.792171
  242.000000    0.816397
  252.000000    0.765388
  262.000000    0.783846
  272.000000    0.770034
  282.000000    0.786998
  292.000000    0.730717
  302.000000    0.716313
  312.000000    0.692568
  322.000000    0.670226
  332.000000    0.692415
  342.000000    0.714103
  352.000000    0.691944
  362.000000    0.671951
  372.000000    0.597438
  382.000000    0.643499
  392.000000    0.669661
  402.000000    0.693896
  412.000000    0.641390
  422.000000    0.662299
  432.000000    0.667541
  442.000000    0.717707
  452.000000    0.735117
  462.000000    0.745782
  472.000000    0.763214
  482.000000    0.791888
  492.000000    0.811853
  502.000000    0.757539
  512.000000    0.710914
  522.000000    0.599676
  532.000000    0.593700
  542.000000    0.577129
  552.000000    0.619892
  562.000000    0.650589
  572.000000    0.614723
  582.000000    0.553781
  592.000000    0.551127
  602.000000    0.639854
  612.000000    0.660900
  622.000000    0.671838
  632.000000    0.628040
  642.000000    0.601389
  652.000000    0.591631
  662.000000    0.579807
  672.000000    0.613312
  682.000000    0.654963
  692.000000    0.613741
  702.000000    0.640862
  712.000000    0.631338
  722.000000    0.642964
  732.000000    0.628852
  742.000000    0.611957
  752.000000    0.600740
  762.000000    0.632557
  772.000000    0.544072
  782.000000    0.509059
  792.000000    0.499141
  802.000000    0.544632
  812.000000    0.543279
  822.000000    0.595584
  832.000000    0.631571
  842.000000    0.577615
  852.000000    0.559715
  862.000000    0.565173
  872.000000    0.603668
  882.000000    0.654632
  892.000000    0.652275
  902.000000    0.676583
  912.000000    0.719427
  922.000000    0.722050
  932.000000    0.724169
  942.000000    0.719246
  952.000000    0.711122
  962.000000    0.714822
  972.000000    0.690694
  982.000000    0.662478
  992.000000    0.641367
 1002.000000    0.668432
 1012.000000    0.630247
 1022.000000    0.612654
 1032.000000    0.594061
 1042.000000    0.606087
 1052.000000    0.669352
 1062.000000    0.685125
 1072.000000    0.710730
 1082.000000    0.672548
 1092.000000    0.631792
 1102.000000    0.607454
 1112.000000    0.607295
 1122.000000    0.601722
 1132.000000    0.624967
 1142.000000    0.661341
 1152.000000    0.662285
 1162.000000    0.684184
 1172.000000    0.691297
 1182.000000    0.711051
 1192.000000    0.675492
 1202.000000    0.650826
 1212.000000    0.678258
 1222.000000    0.701549
 1232.000000    0.674900
 1242.000000    0.705109
 1252.000000    0.744945
 1262.000000    0.751564
 1272.000000    0.768059
 1282.000000    0.732774
 1292.000000    0.607429
 1302.000000    0.625537
 1312.000000    0.632402
 1322.000000    0.651448
 1332.000000    0.632250
 1342.000000    0.632893
 1352.000000    0.606895
 1362.000000    0.596514
 1372.000000    0.583581
 1382.000000    0.607186
 1392.000000    0.677381
 1402.000000    0.727158
 1412.000000    0.713713
 1422.000000    0.655635
 1432.000000    0.651584
 1442.000000    0.648465
 1452.000000    0.629803
 1462.000000    0.607302
 1472.000000    0.572796
 1482.000000    0.557088
 1492.000000    0.600388
 1502.000000    0.671021
 1512.000000    0.710059
 1522.000000    0.724521
 1532.000000    0.683284
 1542.000000    0.652246
 1552.000000    0.671683
 1562.000000    0.689950
 1572.000000    0.631224
 1582.000000    0.598872
 1592.000000    0.614789
 1602.000000    0.583370
 1612.000000    0.596984
 1622.000000    0.625565
 1632.000000    0.656353
 1642.000000    0.659602
 1652.000000    0.679120
 1662.000000    0.655228
 1672.000000    0.633105
 1682.000000    0.574761
 1692.000000    0.643230
 1702.000000    0.664607
 1712.000000    0.682220
 1722.000000    0.699909
 1732.000000    0.715016
 1742.000000    0.727616
 1752.000000    0.705569
 1762.000000    0.710746
 1772.000000    0.685834
 1782.000000    0.707465
 1792.000000    0.651927
 1802.000000    0.637018
 1812.000000    0.708251
