#  pixel_depth  alphabetafraction   >  Analysis of alpha beta fraction
   50.000000    0.619214
   60.000000    0.548085
   70.000000    0.544060
   80.000000    0.543393
   90.000000    0.572636
  100.000000    0.603119
  110.000000    0.613070
  120.000000    0.652749
  130.000000    0.640458
  140.000000    0.635850
  150.000000    0.613811
  160.000000    0.607219
  170.000000    0.665400
  180.000000    0.659165
  190.000000    0.680370
  200.000000    0.676312
  210.000000    0.701111
  220.000000    0.713612
  230.000000    0.693440
  240.000000    0.661739
  250.000000    0.624423
  260.000000    0.604801
  270.000000    0.493969
  280.000000    0.404016
  290.000000    0.486222
  300.000000    0.572671
  310.000000    0.667047
  320.000000    0.701083
  330.000000    0.676879
  340.000000    0.643022
  350.000000    0.629806
  360.000000    0.637311
  370.000000    0.580735
  380.000000    0.587406
  390.000000    0.610992
  400.000000    0.600216
  410.000000    0.670293
  420.000000    0.647306
  430.000000    0.663368
  440.000000    0.703608
  450.000000    0.646235
  460.000000    0.660210
  470.000000    0.666362
  480.000000    0.681329
  490.000000    0.679706
  500.000000    0.662665
  510.000000    0.654043
  520.000000    0.679807
  530.000000    0.700755
  540.000000    0.697841
  550.000000    0.687598
  560.000000    0.674204
  570.000000    0.650069
  580.000000    0.622823
  590.000000    0.640499
  600.000000    0.647834
  610.000000    0.714868
  620.000000    0.771830
  630.000000    0.760140
  640.000000    0.735877
  650.000000    0.725264
  660.000000    0.713166
  670.000000    0.683467
  680.000000    0.671386
  690.000000    0.660535
  700.000000    0.620959
  710.000000    0.610937
  720.000000    0.547782
  730.000000    0.567851
  740.000000    0.655005
  750.000000    0.653419
  760.000000    0.665161
  770.000000    0.695651
  780.000000    0.718678
  790.000000    0.701521
  800.000000    0.698619
  810.000000    0.711495
  820.000000    0.716432
  830.000000    0.709158
  840.000000    0.702341
  850.000000    0.705846
  860.000000    0.662071
  870.000000    0.711613
  880.000000    0.704464
  890.000000    0.645390
  900.000000    0.645185
  910.000000    0.587758
  920.000000    0.606170
  930.000000    0.647650
  940.000000    0.667450
  950.000000    0.682586
  960.000000    0.722311
  970.000000    0.718486
  980.000000    0.685350
  990.000000    0.682467
 1000.000000    0.675566
 1010.000000    0.663449
 1020.000000    0.649131
 1030.000000    0.682127
 1040.000000    0.676933
 1050.000000    0.725109
 1060.000000    0.739742
 1070.000000    0.712003
 1080.000000    0.727580
 1090.000000    0.726240
 1100.000000    0.745826
 1110.000000    0.746306
 1120.000000    0.804126
 1130.000000    0.811130
 1140.000000    0.765998
 1150.000000    0.770813
 1160.000000    0.726062
 1170.000000    0.687836
 1180.000000    0.686175
 1190.000000    0.632554
 1200.000000    0.645830
 1210.000000    0.669933
 1220.000000    0.742518
 1230.000000    0.764365
 1240.000000    0.804452
 1250.000000    0.803556
 1260.000000    0.795226
 1270.000000    0.769053
 1280.000000    0.736350
 1290.000000    0.730165
 1300.000000    0.781607
 1310.000000    0.700981
 1320.000000    0.659723
 1330.000000    0.672680
 1340.000000    0.677258
 1350.000000    0.725942
 1360.000000    0.725771
 1370.000000    0.730252
 1380.000000    0.736096
 1390.000000    0.743002
 1400.000000    0.742615
 1410.000000    0.749188
 1420.000000    0.738597
 1430.000000    0.694387
 1440.000000    0.725177
 1450.000000    0.728456
 1460.000000    0.732698
 1470.000000    0.703926
 1480.000000    0.739467
 1490.000000    0.695497
 1500.000000    0.665993
 1510.000000    0.649671
 1520.000000    0.650035
 1530.000000    0.641095
 1540.000000    0.660553
 1550.000000    0.630734
 1560.000000    0.677261
 1570.000000    0.680957
 1580.000000    0.693199
 1590.000000    0.640926
 1600.000000    0.657734
 1610.000000    0.688550
 1620.000000    0.763046
 1630.000000    0.783502
 1640.000000    0.772902
 1650.000000    0.752023
 1660.000000    0.731146
 1670.000000    0.703068
 1680.000000    0.711300
 1690.000000    0.698501
 1700.000000    0.669308
 1710.000000    0.748974
 1720.000000    0.737097
 1730.000000    0.691229
 1740.000000    0.705716
 1750.000000    0.721791
 1760.000000    0.757492
 1770.000000    0.719268
