#  pixel_depth  alphabetafraction   >  Analysis of alpha beta fraction
   94.000000    0.666645
  104.000000    0.621961
  114.000000    0.661471
  124.000000    0.696475
  134.000000    0.705060
  144.000000    0.728367
  154.000000    0.776097
  164.000000    0.798706
  174.000000    0.790586
  184.000000    0.751640
  194.000000    0.776226
  204.000000    0.793545
  214.000000    0.769586
  224.000000    0.699031
  234.000000    0.640582
  244.000000    0.661917
  254.000000    0.693461
  264.000000    0.666596
  274.000000    0.674124
  284.000000    0.687241
  294.000000    0.571580
  304.000000    0.516517
  314.000000    0.522904
  324.000000    0.563746
  334.000000    0.668339
  344.000000    0.727238
  354.000000    0.785327
  364.000000    0.827954
  374.000000    0.883770
  384.000000    0.888667
  394.000000    0.847044
  404.000000    0.786656
  414.000000    0.742150
  424.000000    0.711363
  434.000000    0.695086
  444.000000    0.701458
  454.000000    0.738507
  464.000000    0.759926
  474.000000    0.758729
  484.000000    0.794856
  494.000000    0.826269
  504.000000    0.791471
  514.000000    0.793981
  524.000000    0.775797
  534.000000    0.762944
  544.000000    0.810684
  554.000000    0.807751
  564.000000    0.771197
  574.000000    0.698845
  584.000000    0.701666
  594.000000    0.749200
  604.000000    0.769436
  614.000000    0.738119
  624.000000    0.744121
  634.000000    0.725509
  644.000000    0.767390
  654.000000    0.788195
  664.000000    0.757040
  674.000000    0.780742
  684.000000    0.801521
  694.000000    0.844421
  704.000000    0.856163
  714.000000    0.839905
  724.000000    0.817214
  734.000000    0.822807
  744.000000    0.809126
  754.000000    0.810052
  764.000000    0.813124
  774.000000    0.807488
  784.000000    0.765585
  794.000000    0.783262
  804.000000    0.761367
  814.000000    0.744035
  824.000000    0.701064
  834.000000    0.721089
  844.000000    0.755352
  854.000000    0.784936
  864.000000    0.770543
  874.000000    0.785400
  884.000000    0.813722
  894.000000    0.840855
  904.000000    0.855530
  914.000000    0.857351
  924.000000    0.813145
  934.000000    0.826867
  944.000000    0.854420
  954.000000    0.836314
  964.000000    0.770187
  974.000000    0.730699
  984.000000    0.715656
  994.000000    0.740112
 1004.000000    0.704486
 1014.000000    0.724187
 1024.000000    0.765556
 1034.000000    0.775173
 1044.000000    0.759675
 1054.000000    0.741316
 1064.000000    0.754220
 1074.000000    0.743713
 1084.000000    0.736665
 1094.000000    0.788057
 1104.000000    0.721781
 1114.000000    0.639319
 1124.000000    0.608666
 1134.000000    0.572280
 1144.000000    0.584519
 1154.000000    0.626832
 1164.000000    0.745359
 1174.000000    0.741623
 1184.000000    0.736630
 1194.000000    0.730328
 1204.000000    0.703061
 1214.000000    0.688569
 1224.000000    0.714048
 1234.000000    0.729060
 1244.000000    0.712240
 1254.000000    0.685084
 1264.000000    0.701753
 1274.000000    0.729045
 1284.000000    0.754056
 1294.000000    0.722162
 1304.000000    0.741492
 1314.000000    0.756683
 1324.000000    0.790255
 1334.000000    0.794590
 1344.000000    0.791703
 1354.000000    0.804745
 1364.000000    0.814308
 1374.000000    0.755543
 1384.000000    0.717160
 1394.000000    0.681789
 1404.000000    0.687862
 1414.000000    0.678839
 1424.000000    0.757835
 1434.000000    0.782571
 1444.000000    0.823759
 1454.000000    0.817777
 1464.000000    0.806977
 1474.000000    0.789023
 1484.000000    0.811251
 1494.000000    0.784248
 1504.000000    0.749308
 1514.000000    0.663852
 1524.000000    0.628910
 1534.000000    0.627455
 1544.000000    0.742404
 1554.000000    0.833149
 1564.000000    0.879493
 1574.000000    0.871069
 1584.000000    0.823465
 1594.000000    0.760864
 1604.000000    0.719085
 1614.000000    0.698665
 1624.000000    0.702858
 1634.000000    0.706667
 1644.000000    0.687361
 1654.000000    0.669921
 1664.000000    0.648198
 1674.000000    0.703219
 1684.000000    0.770542
 1694.000000    0.747461
 1704.000000    0.690158
 1714.000000    0.699977
 1724.000000    0.721959
 1734.000000    0.783189
 1744.000000    0.798385
 1754.000000    0.830369
 1764.000000    0.822495
 1774.000000    0.819570
 1784.000000    0.779830
 1794.000000    0.750887
 1804.000000    0.679956
 1814.000000    0.600460
 1824.000000    0.568551
 1834.000000    0.619082
 1844.000000    0.632400
 1854.000000    0.712953
 1864.000000    0.700473
 1874.000000    0.711558
 1884.000000    0.749579
 1894.000000    0.742595
