#  pixel_depth  alphabetafraction   >  Analysis of alpha beta fraction
   71.000000    0.555626
   81.000000    0.604269
   91.000000    0.578540
  101.000000    0.593688
  111.000000    0.580700
  121.000000    0.521270
  131.000000    0.493983
  141.000000    0.488591
  151.000000    0.522573
  161.000000    0.505858
  171.000000    0.525557
  181.000000    0.540032
  191.000000    0.537536
  201.000000    0.532546
  211.000000    0.578734
  221.000000    0.588518
  231.000000    0.627159
  241.000000    0.596303
  251.000000    0.601379
  261.000000    0.615356
  271.000000    0.683432
  281.000000    0.684837
  291.000000    0.693665
  301.000000    0.660863
  311.000000    0.614153
  321.000000    0.566663
  331.000000    0.597054
  341.000000    0.558229
  351.000000    0.509063
  361.000000    0.515565
  371.000000    0.555503
  381.000000    0.575805
  391.000000    0.558291
  401.000000    0.584237
  411.000000    0.615177
  421.000000    0.636983
  431.000000    0.611837
  441.000000    0.607942
  451.000000    0.599241
  461.000000    0.561495
  471.000000    0.569273
  481.000000    0.583170
  491.000000    0.567046
  501.000000    0.537914
  511.000000    0.448678
  521.000000    0.506652
  531.000000    0.544770
  541.000000    0.584238
  551.000000    0.585633
  561.000000    0.612577
  571.000000    0.623800
  581.000000    0.628464
  591.000000    0.677466
  601.000000    0.643543
  611.000000    0.561767
  621.000000    0.523459
  631.000000    0.541073
  641.000000    0.608451
  651.000000    0.623184
  661.000000    0.696235
  671.000000    0.719449
  681.000000    0.744671
  691.000000    0.676734
  701.000000    0.631853
  711.000000    0.602130
  721.000000    0.590384
  731.000000    0.584699
  741.000000    0.543516
  751.000000    0.582897
  761.000000    0.562562
  771.000000    0.581442
  781.000000    0.646484
  791.000000    0.696417
  801.000000    0.734737
  811.000000    0.695922
  821.000000    0.661018
  831.000000    0.631599
  841.000000    0.586257
  851.000000    0.602402
  861.000000    0.603794
  871.000000    0.654879
  881.000000    0.653963
  891.000000    0.585838
  901.000000    0.606084
  911.000000    0.578193
  921.000000    0.583140
  931.000000    0.589095
  941.000000    0.541501
  951.000000    0.580356
  961.000000    0.621467
  971.000000    0.600919
  981.000000    0.570663
  991.000000    0.572747
 1001.000000    0.527677
 1011.000000    0.538613
 1021.000000    0.566811
 1031.000000    0.528370
 1041.000000    0.508837
 1051.000000    0.550041
 1061.000000    0.578858
 1071.000000    0.568571
 1081.000000    0.600179
 1091.000000    0.601067
 1101.000000    0.626233
 1111.000000    0.597648
 1121.000000    0.593150
 1131.000000    0.605325
 1141.000000    0.551258
 1151.000000    0.582150
 1161.000000    0.623860
 1171.000000    0.615736
 1181.000000    0.641351
 1191.000000    0.693471
 1201.000000    0.655149
 1211.000000    0.656099
 1221.000000    0.654783
 1231.000000    0.636500
 1241.000000    0.618534
 1251.000000    0.559453
 1261.000000    0.555951
 1271.000000    0.573957
 1281.000000    0.626090
 1291.000000    0.674006
 1301.000000    0.680166
 1311.000000    0.657804
 1321.000000    0.691622
 1331.000000    0.694756
 1341.000000    0.660077
 1351.000000    0.657287
 1361.000000    0.640951
 1371.000000    0.644189
 1381.000000    0.631296
 1391.000000    0.618887
 1401.000000    0.569235
 1411.000000    0.515914
 1421.000000    0.488985
 1431.000000    0.528107
 1441.000000    0.540544
 1451.000000    0.543561
 1461.000000    0.519048
 1471.000000    0.608819
 1481.000000    0.662086
 1491.000000    0.689736
 1501.000000    0.706945
 1511.000000    0.682322
 1521.000000    0.648488
 1531.000000    0.554642
 1541.000000    0.549531
 1551.000000    0.608531
 1561.000000    0.683722
 1571.000000    0.662451
 1581.000000    0.625576
 1591.000000    0.660302
 1601.000000    0.655976
 1611.000000    0.588671
 1621.000000    0.558287
 1631.000000    0.614520
 1641.000000    0.672536
 1651.000000    0.700508
 1661.000000    0.668157
 1671.000000    0.634974
 1681.000000    0.627926
 1691.000000    0.600305
 1701.000000    0.583310
 1711.000000    0.570558
 1721.000000    0.575495
 1731.000000    0.591411
 1741.000000    0.598278
 1751.000000    0.584774
 1761.000000    0.621808
 1771.000000    0.648692
