#  pixel_depth  alphabetafraction   >  Analysis of alpha beta fraction
   10.000000    0.759475
   20.000000    0.716628
   30.000000    0.765323
   40.000000    0.829703
   50.000000    0.825030
   60.000000    0.802250
   70.000000    0.764891
   80.000000    0.731219
   90.000000    0.701432
  100.000000    0.681269
  110.000000    0.679865
  120.000000    0.672722
  130.000000    0.713024
  140.000000    0.753696
  150.000000    0.768791
  160.000000    0.751878
  170.000000    0.739026
  180.000000    0.731159
  190.000000    0.768442
  200.000000    0.773026
  210.000000    0.758885
  220.000000    0.736688
  230.000000    0.692260
  240.000000    0.643410
  250.000000    0.674216
  260.000000    0.705894
  270.000000    0.755698
  280.000000    0.755352
  290.000000    0.771056
  300.000000    0.802924
  310.000000    0.823987
  320.000000    0.840452
  330.000000    0.797114
  340.000000    0.767775
  350.000000    0.759914
  360.000000    0.740380
  370.000000    0.731155
  380.000000    0.729508
  390.000000    0.749450
  400.000000    0.733764
  410.000000    0.779565
  420.000000    0.780849
  430.000000    0.713136
  440.000000    0.714569
  450.000000    0.686100
  460.000000    0.684837
  470.000000    0.676086
  480.000000    0.701704
  490.000000    0.691978
  500.000000    0.705610
  510.000000    0.735438
  520.000000    0.795937
  530.000000    0.826445
  540.000000    0.805650
  550.000000    0.810970
  560.000000    0.806765
  570.000000    0.798675
  580.000000    0.741254
  590.000000    0.688617
  600.000000    0.700899
  610.000000    0.719978
  620.000000    0.725472
  630.000000    0.797712
  640.000000    0.760859
  650.000000    0.745850
  660.000000    0.720383
  670.000000    0.738687
  680.000000    0.730255
  690.000000    0.744840
  700.000000    0.739765
  710.000000    0.695569
  720.000000    0.644539
  730.000000    0.661732
  740.000000    0.684454
  750.000000    0.676161
  760.000000    0.727804
  770.000000    0.714508
  780.000000    0.773748
  790.000000    0.793283
  800.000000    0.779504
  810.000000    0.737438
  820.000000    0.701789
  830.000000    0.713499
  840.000000    0.784501
  850.000000    0.809185
  860.000000    0.806712
  870.000000    0.810225
  880.000000    0.824594
  890.000000    0.796183
  900.000000    0.811789
  910.000000    0.787878
  920.000000    0.774640
  930.000000    0.758260
  940.000000    0.741490
  950.000000    0.708125
  960.000000    0.742628
  970.000000    0.707948
  980.000000    0.756203
  990.000000    0.784392
 1000.000000    0.797190
 1010.000000    0.812225
 1020.000000    0.765630
 1030.000000    0.686030
 1040.000000    0.682299
 1050.000000    0.681754
 1060.000000    0.693691
 1070.000000    0.754751
 1080.000000    0.775370
 1090.000000    0.771011
 1100.000000    0.731186
 1110.000000    0.754127
 1120.000000    0.753947
 1130.000000    0.756347
 1140.000000    0.786201
 1150.000000    0.748900
 1160.000000    0.771065
 1170.000000    0.788293
 1180.000000    0.771738
 1190.000000    0.810941
 1200.000000    0.829687
 1210.000000    0.807944
 1220.000000    0.800406
 1230.000000    0.786314
 1240.000000    0.807991
 1250.000000    0.806327
 1260.000000    0.822926
 1270.000000    0.809915
 1280.000000    0.809706
 1290.000000    0.815883
