#  pixel_depth  alphabetafraction   >  Analysis of alpha beta fraction
   57.000000    0.712967
   67.000000    0.680997
   77.000000    0.701799
   87.000000    0.688626
   97.000000    0.704400
  107.000000    0.695734
  117.000000    0.678697
  127.000000    0.693984
  137.000000    0.666934
  147.000000    0.708329
  157.000000    0.724842
  167.000000    0.734545
  177.000000    0.687467
  187.000000    0.634744
  197.000000    0.655198
  207.000000    0.671535
  217.000000    0.655785
  227.000000    0.676484
  237.000000    0.638317
  247.000000    0.584661
  257.000000    0.577063
  267.000000    0.603530
  277.000000    0.628502
  287.000000    0.688368
  297.000000    0.774560
  307.000000    0.735353
  317.000000    0.721963
  327.000000    0.643434
  337.000000    0.648434
  347.000000    0.610462
  357.000000    0.612588
  367.000000    0.608532
  377.000000    0.622306
  387.000000    0.649292
  397.000000    0.635516
  407.000000    0.680567
  417.000000    0.708157
  427.000000    0.670815
  437.000000    0.646531
  447.000000    0.647197
  457.000000    0.665792
  467.000000    0.679558
  477.000000    0.726617
  487.000000    0.706662
  497.000000    0.740211
  507.000000    0.718851
  517.000000    0.673652
  527.000000    0.612265
  537.000000    0.613860
  547.000000    0.581030
  557.000000    0.575298
  567.000000    0.620539
  577.000000    0.634312
  587.000000    0.645814
  597.000000    0.714988
  607.000000    0.813692
  617.000000    0.799101
  627.000000    0.768092
  637.000000    0.735963
  647.000000    0.702438
  657.000000    0.710738
  667.000000    0.723227
  677.000000    0.672342
  687.000000    0.703534
  697.000000    0.678445
  707.000000    0.644428
  717.000000    0.642692
  727.000000    0.662931
  737.000000    0.670024
  747.000000    0.692349
  757.000000    0.707511
  767.000000    0.693237
  777.000000    0.657403
  787.000000    0.620820
  797.000000    0.652880
  807.000000    0.683200
  817.000000    0.648662
  827.000000    0.619357
  837.000000    0.651146
  847.000000    0.685079
  857.000000    0.681161
  867.000000    0.711983
  877.000000    0.738663
  887.000000    0.715550
  897.000000    0.664832
  907.000000    0.625231
  917.000000    0.562997
  927.000000    0.578738
  937.000000    0.608097
  947.000000    0.623013
  957.000000    0.683938
  967.000000    0.626913
  977.000000    0.611050
  987.000000    0.618751
  997.000000    0.575869
 1007.000000    0.644574
 1017.000000    0.649620
 1027.000000    0.654424
 1037.000000    0.636227
 1047.000000    0.583540
 1057.000000    0.590013
 1067.000000    0.634351
 1077.000000    0.596241
 1087.000000    0.570006
 1097.000000    0.574383
 1107.000000    0.604925
 1117.000000    0.626043
 1127.000000    0.634496
 1137.000000    0.671182
 1147.000000    0.656849
 1157.000000    0.628499
 1167.000000    0.587223
 1177.000000    0.567978
 1187.000000    0.594865
 1197.000000    0.641127
 1207.000000    0.681248
 1217.000000    0.720144
 1227.000000    0.712765
 1237.000000    0.696258
 1247.000000    0.640058
 1257.000000    0.630214
 1267.000000    0.653748
 1277.000000    0.667544
 1287.000000    0.655502
 1297.000000    0.677966
 1307.000000    0.659859
 1317.000000    0.673969
 1327.000000    0.634849
 1337.000000    0.569245
 1347.000000    0.583102
 1357.000000    0.565175
 1367.000000    0.565648
 1377.000000    0.596097
 1387.000000    0.649398
 1397.000000    0.690783
 1407.000000    0.779328
 1417.000000    0.807846
 1427.000000    0.745805
 1437.000000    0.688998
 1447.000000    0.678610
 1457.000000    0.630065
 1467.000000    0.575731
 1477.000000    0.626268
 1487.000000    0.626268
 1497.000000    0.575980
 1507.000000    0.610038
 1517.000000    0.643692
 1527.000000    0.662888
 1537.000000    0.721493
 1547.000000    0.741019
 1557.000000    0.766431
 1567.000000    0.734569
 1577.000000    0.670899
 1587.000000    0.610594
 1597.000000    0.647424
 1607.000000    0.676927
 1617.000000    0.740906
 1627.000000    0.729468
 1637.000000    0.751460
 1647.000000    0.765344
 1657.000000    0.654721
 1667.000000    0.616132
 1677.000000    0.576473
 1687.000000    0.606396
 1697.000000    0.648378
 1707.000000    0.628535
 1717.000000    0.671202
 1727.000000    0.662818
 1737.000000    0.663071
 1747.000000    0.629452
 1757.000000    0.714805
 1767.000000    0.735351
 1777.000000    0.712489
 1787.000000    0.671206
 1797.000000    0.627981
