#  pixel_depth  alphabetafraction   >  Analysis of alpha beta fraction
  327.000000    0.725680
  337.000000    0.629252
  347.000000    0.645727
  357.000000    0.686974
  367.000000    0.750395
  377.000000    0.744789
  387.000000    0.781827
  397.000000    0.766370
  407.000000    0.730584
  417.000000    0.696697
  427.000000    0.659891
  437.000000    0.663935
  447.000000    0.653624
  457.000000    0.699939
  467.000000    0.711740
  477.000000    0.698928
  487.000000    0.666806
  497.000000    0.665825
  507.000000    0.673026
  517.000000    0.653304
  527.000000    0.694249
  537.000000    0.740518
  547.000000    0.744888
  557.000000    0.746334
  567.000000    0.707534
  577.000000    0.698393
  587.000000    0.692299
  597.000000    0.680627
  607.000000    0.644493
  617.000000    0.639097
  627.000000    0.598448
  637.000000    0.598077
  647.000000    0.626680
  657.000000    0.657500
  667.000000    0.731944
  677.000000    0.790882
  687.000000    0.822716
  697.000000    0.757631
  707.000000    0.749512
  717.000000    0.656765
  727.000000    0.620050
  737.000000    0.675053
  747.000000    0.693129
  757.000000    0.675999
  767.000000    0.705916
  777.000000    0.688818
  787.000000    0.567385
  797.000000    0.603776
  807.000000    0.614845
  817.000000    0.627935
  827.000000    0.678945
  837.000000    0.720098
  847.000000    0.651113
  857.000000    0.692205
  867.000000    0.660120
  877.000000    0.665693
  887.000000    0.698442
  897.000000    0.749824
  907.000000    0.711350
  917.000000    0.737281
  927.000000    0.777942
  937.000000    0.814096
  947.000000    0.771488
  957.000000    0.750479
  967.000000    0.757131
  977.000000    0.768597
  987.000000    0.819629
  997.000000    0.805728
 1007.000000    0.819340
 1017.000000    0.838366
 1027.000000    0.742546
 1037.000000    0.711905
 1047.000000    0.719633
 1057.000000    0.750578
 1067.000000    0.690405
 1077.000000    0.699605
 1087.000000    0.720527
 1097.000000    0.740229
 1107.000000    0.725511
 1117.000000    0.736370
 1127.000000    0.779021
 1137.000000    0.789012
 1147.000000    0.735488
 1157.000000    0.751010
 1167.000000    0.824989
 1177.000000    0.822372
 1187.000000    0.784727
 1197.000000    0.747739
 1207.000000    0.729668
 1217.000000    0.703355
 1227.000000    0.678983
 1237.000000    0.750856
 1247.000000    0.709139
 1257.000000    0.729110
 1267.000000    0.766236
 1277.000000    0.785172
 1287.000000    0.848494
 1297.000000    0.845087
 1307.000000    0.705792
 1317.000000    0.684643
 1327.000000    0.722334
 1337.000000    0.753602
 1347.000000    0.732695
 1357.000000    0.731634
 1367.000000    0.763015
 1377.000000    0.783651
 1387.000000    0.749897
 1397.000000    0.722296
 1407.000000    0.738914
 1417.000000    0.739280
 1427.000000    0.728128
 1437.000000    0.749845
 1447.000000    0.767701
 1457.000000    0.724193
 1467.000000    0.754476
 1477.000000    0.782440
 1487.000000    0.832234
 1497.000000    0.748428
 1507.000000    0.713113
 1517.000000    0.694587
 1527.000000    0.738582
 1537.000000    0.706064
 1547.000000    0.687955
 1557.000000    0.755803
 1567.000000    0.747708
 1577.000000    0.739798
 1587.000000    0.729941
 1597.000000    0.665281
 1607.000000    0.645376
 1617.000000    0.730787
 1627.000000    0.782662
 1637.000000    0.746473
 1647.000000    0.709739
 1657.000000    0.739326
 1667.000000    0.690494
 1677.000000    0.683376
 1687.000000    0.750413
 1697.000000    0.793243
 1707.000000    0.813392
 1717.000000    0.760927
 1727.000000    0.721549
 1737.000000    0.710105
 1747.000000    0.741845
 1757.000000    0.732620
 1767.000000    0.759847
 1777.000000    0.737687
 1787.000000    0.659454
 1797.000000    0.636164
 1807.000000    0.674312
 1817.000000    0.734821
 1827.000000    0.782425
 1837.000000    0.779574
 1847.000000    0.771586
 1857.000000    0.750332
 1867.000000    0.678318
 1877.000000    0.702192
 1887.000000    0.686211
 1897.000000    0.747625
 1907.000000    0.755314
 1917.000000    0.763719
 1927.000000    0.762767
 1937.000000    0.722921
