#  pixel_depth  alphabetafraction   >  Analysis of alpha beta fraction
   32.000000    0.957806
   42.000000    0.943639
   52.000000    0.908573
   62.000000    0.879599
   72.000000    0.885528
   82.000000    0.895688
   92.000000    0.916896
  102.000000    0.934932
  112.000000    0.915959
  122.000000    0.869025
  132.000000    0.854488
  142.000000    0.865277
  152.000000    0.825612
  162.000000    0.833076
  172.000000    0.833731
  182.000000    0.812995
  192.000000    0.793596
  202.000000    0.791862
  212.000000    0.795317
  222.000000    0.834505
  232.000000    0.853633
  242.000000    0.864606
  252.000000    0.876343
  262.000000    0.884945
  272.000000    0.821649
  282.000000    0.818883
  292.000000    0.813453
  302.000000    0.829039
  312.000000    0.836665
  322.000000    0.822121
  332.000000    0.800970
  342.000000    0.788504
  352.000000    0.810357
  362.000000    0.786921
  372.000000    0.760792
  382.000000    0.719221
  392.000000    0.745817
  402.000000    0.814328
  412.000000    0.813049
  422.000000    0.740978
  432.000000    0.755245
  442.000000    0.771902
  452.000000    0.773007
  462.000000    0.780864
  472.000000    0.816308
  482.000000    0.875836
  492.000000    0.873004
  502.000000    0.875786
  512.000000    0.867277
  522.000000    0.863267
  532.000000    0.883941
  542.000000    0.851154
  552.000000    0.824671
  562.000000    0.786401
  572.000000    0.783309
  582.000000    0.788456
  592.000000    0.777131
  602.000000    0.742680
  612.000000    0.757629
  622.000000    0.743468
  632.000000    0.744906
  642.000000    0.757156
  652.000000    0.806584
  662.000000    0.824486
  672.000000    0.876094
  682.000000    0.839432
  692.000000    0.790110
  702.000000    0.746977
  712.000000    0.732676
  722.000000    0.703193
  732.000000    0.753994
  742.000000    0.780692
  752.000000    0.796898
  762.000000    0.785701
  772.000000    0.777254
  782.000000    0.756166
  792.000000    0.731503
  802.000000    0.720424
  812.000000    0.770224
  822.000000    0.779410
  832.000000    0.798370
  842.000000    0.775891
  852.000000    0.728065
  862.000000    0.716700
  872.000000    0.726174
  882.000000    0.797282
  892.000000    0.808185
  902.000000    0.808029
  912.000000    0.822460
  922.000000    0.825948
  932.000000    0.798409
  942.000000    0.745848
  952.000000    0.729953
  962.000000    0.769376
  972.000000    0.725391
  982.000000    0.718436
  992.000000    0.762318
 1002.000000    0.745575
 1012.000000    0.684744
 1022.000000    0.751920
 1032.000000    0.750923
 1042.000000    0.764321
 1052.000000    0.789320
 1062.000000    0.791414
 1072.000000    0.780527
 1082.000000    0.801340
 1092.000000    0.808693
 1102.000000    0.817627
 1112.000000    0.810573
 1122.000000    0.794751
 1132.000000    0.790841
 1142.000000    0.819825
 1152.000000    0.805989
 1162.000000    0.778677
 1172.000000    0.743099
 1182.000000    0.697676
 1192.000000    0.763809
 1202.000000    0.771271
 1212.000000    0.717422
 1222.000000    0.759165
 1232.000000    0.731972
 1242.000000    0.729225
 1252.000000    0.716329
 1262.000000    0.734296
 1272.000000    0.708740
 1282.000000    0.719447
 1292.000000    0.753591
 1302.000000    0.774432
 1312.000000    0.796378
 1322.000000    0.755487
 1332.000000    0.796085
 1342.000000    0.787476
 1352.000000    0.772606
 1362.000000    0.760785
 1372.000000    0.773845
 1382.000000    0.782099
 1392.000000    0.752272
 1402.000000    0.771283
 1412.000000    0.807804
 1422.000000    0.820384
 1432.000000    0.764556
 1442.000000    0.776286
 1452.000000    0.801739
 1462.000000    0.840939
 1472.000000    0.808504
 1482.000000    0.811617
 1492.000000    0.753541
 1502.000000    0.710136
 1512.000000    0.713432
 1522.000000    0.779286
 1532.000000    0.777915
 1542.000000    0.741260
 1552.000000    0.774596
 1562.000000    0.752276
 1572.000000    0.719360
 1582.000000    0.675446
 1592.000000    0.750967
 1602.000000    0.711770
 1612.000000    0.734726
 1622.000000    0.800695
 1632.000000    0.773493
 1642.000000    0.766249
 1652.000000    0.776568
 1662.000000    0.768582
 1672.000000    0.819271
 1682.000000    0.801321
 1692.000000    0.769467
 1702.000000    0.748984
 1712.000000    0.760516
 1722.000000    0.745430
 1732.000000    0.697176
 1742.000000    0.713406
 1752.000000    0.757928
 1762.000000    0.775360
 1772.000000    0.797320
 1782.000000    0.779428
 1792.000000    0.812088
 1802.000000    0.782814
 1812.000000    0.739120
 1822.000000    0.779864
 1832.000000    0.820934
 1842.000000    0.797261
 1852.000000    0.771296
