#  pixel_depth  alphabetafraction   >  Analysis of alpha beta fraction
  132.000000    0.820230
  142.000000    0.813663
  152.000000    0.801309
  162.000000    0.801967
  172.000000    0.817531
  182.000000    0.814851
  192.000000    0.792314
  202.000000    0.802533
  212.000000    0.810988
  222.000000    0.848606
  232.000000    0.861662
  242.000000    0.850864
  252.000000    0.789465
  262.000000    0.819976
  272.000000    0.736320
  282.000000    0.707554
  292.000000    0.728488
  302.000000    0.745390
  312.000000    0.777475
  322.000000    0.824492
  332.000000    0.818771
  342.000000    0.790271
  352.000000    0.842791
  362.000000    0.814383
  372.000000    0.808021
  382.000000    0.806020
  392.000000    0.801458
  402.000000    0.822493
  412.000000    0.828412
  422.000000    0.830659
  432.000000    0.798445
  442.000000    0.764022
  452.000000    0.745739
  462.000000    0.783577
  472.000000    0.734124
  482.000000    0.693238
  492.000000    0.663957
  502.000000    0.642908
  512.000000    0.663567
  522.000000    0.682264
  532.000000    0.741783
  542.000000    0.843805
  552.000000    0.813304
  562.000000    0.844599
  572.000000    0.845288
  582.000000    0.836442
  592.000000    0.822920
  602.000000    0.791463
  612.000000    0.812528
  622.000000    0.803942
  632.000000    0.822373
  642.000000    0.836885
  652.000000    0.857553
  662.000000    0.842022
  672.000000    0.832500
  682.000000    0.837783
  692.000000    0.857455
  702.000000    0.849784
  712.000000    0.846504
  722.000000    0.815720
  732.000000    0.761511
  742.000000    0.736719
  752.000000    0.742657
  762.000000    0.754348
  772.000000    0.798725
  782.000000    0.802152
  792.000000    0.756636
  802.000000    0.784254
  812.000000    0.744032
  822.000000    0.715618
  832.000000    0.738536
  842.000000    0.734706
  852.000000    0.770177
  862.000000    0.801284
  872.000000    0.817961
  882.000000    0.776771
  892.000000    0.746626
  902.000000    0.755089
  912.000000    0.745872
  922.000000    0.758254
  932.000000    0.714669
  942.000000    0.756743
  952.000000    0.778092
  962.000000    0.815798
  972.000000    0.843637
  982.000000    0.864719
  992.000000    0.884517
 1002.000000    0.845256
 1012.000000    0.796721
 1022.000000    0.753067
 1032.000000    0.780466
 1042.000000    0.747000
 1052.000000    0.748502
 1062.000000    0.784095
 1072.000000    0.780501
 1082.000000    0.766211
 1092.000000    0.791500
 1102.000000    0.798244
 1112.000000    0.786480
 1122.000000    0.758580
 1132.000000    0.753991
 1142.000000    0.807396
 1152.000000    0.845574
 1162.000000    0.878179
 1172.000000    0.873621
 1182.000000    0.833010
 1192.000000    0.776677
 1202.000000    0.757920
 1212.000000    0.713995
 1222.000000    0.735076
 1232.000000    0.736571
 1242.000000    0.727558
 1252.000000    0.780593
 1262.000000    0.737527
 1272.000000    0.728595
 1282.000000    0.767855
 1292.000000    0.736495
 1302.000000    0.742374
 1312.000000    0.767548
 1322.000000    0.805104
 1332.000000    0.783040
 1342.000000    0.796572
 1352.000000    0.760815
 1362.000000    0.831310
 1372.000000    0.830057
 1382.000000    0.854964
 1392.000000    0.858936
 1402.000000    0.882128
 1412.000000    0.859740
 1422.000000    0.831591
 1432.000000    0.806323
 1442.000000    0.804167
 1452.000000    0.800920
 1462.000000    0.812107
 1472.000000    0.846379
 1482.000000    0.860337
 1492.000000    0.876108
 1502.000000    0.849458
 1512.000000    0.864898
 1522.000000    0.834280
 1532.000000    0.805737
 1542.000000    0.749001
 1552.000000    0.733638
 1562.000000    0.732081
 1572.000000    0.784058
 1582.000000    0.789229
 1592.000000    0.799908
 1602.000000    0.804531
 1612.000000    0.821372
 1622.000000    0.825231
 1632.000000    0.819316
 1642.000000    0.825906
 1652.000000    0.813439
 1662.000000    0.769429
 1672.000000    0.833845
 1682.000000    0.850172
 1692.000000    0.858660
 1702.000000    0.785183
 1712.000000    0.771081
 1722.000000    0.772660
 1732.000000    0.755275
 1742.000000    0.752117
 1752.000000    0.740428
 1762.000000    0.719387
 1772.000000    0.718197
 1782.000000    0.720092
 1792.000000    0.760165
 1802.000000    0.840023
 1812.000000    0.796851
 1822.000000    0.820024
 1832.000000    0.826527
 1842.000000    0.831969
 1852.000000    0.776555
 1862.000000    0.750230
 1872.000000    0.701216
 1882.000000    0.724256
 1892.000000    0.767525
 1902.000000    0.775162
 1912.000000    0.835183
 1922.000000    0.870375
 1932.000000    0.841241
 1942.000000    0.825002
