#  pixel_depth  alphabetafraction   >  Analysis of alpha beta fraction
  204.000000    0.745916
  214.000000    0.722592
  224.000000    0.735302
  234.000000    0.723250
  244.000000    0.680088
  254.000000    0.655435
  264.000000    0.678113
  274.000000    0.695083
  284.000000    0.709618
  294.000000    0.749010
  304.000000    0.782760
  314.000000    0.767980
  324.000000    0.741232
  334.000000    0.726572
  344.000000    0.627070
  354.000000    0.630830
  364.000000    0.603107
  374.000000    0.670608
  384.000000    0.723371
  394.000000    0.709039
  404.000000    0.675910
  414.000000    0.676308
  424.000000    0.679088
  434.000000    0.714069
  444.000000    0.752423
  454.000000    0.834812
  464.000000    0.822101
  474.000000    0.795621
  484.000000    0.701883
  494.000000    0.717516
  504.000000    0.714795
  514.000000    0.733759
  524.000000    0.764258
  534.000000    0.729786
  544.000000    0.700320
  554.000000    0.694698
  564.000000    0.729171
  574.000000    0.737265
  584.000000    0.724680
  594.000000    0.714320
  604.000000    0.712877
  614.000000    0.703713
  624.000000    0.653877
  634.000000    0.693958
  644.000000    0.682541
  654.000000    0.692800
  664.000000    0.675781
  674.000000    0.732926
  684.000000    0.770064
  694.000000    0.753695
  704.000000    0.776083
  714.000000    0.718159
  724.000000    0.681962
  734.000000    0.673426
  744.000000    0.703832
  754.000000    0.699997
  764.000000    0.694826
  774.000000    0.702585
  784.000000    0.695437
  794.000000    0.697761
  804.000000    0.674450
  814.000000    0.634810
  824.000000    0.656603
  834.000000    0.668440
  844.000000    0.693591
  854.000000    0.732861
  864.000000    0.707398
  874.000000    0.660344
  884.000000    0.691141
  894.000000    0.697987
  904.000000    0.698868
  914.000000    0.755836
  924.000000    0.813345
  934.000000    0.877549
  944.000000    0.859050
  954.000000    0.776133
  964.000000    0.735973
  974.000000    0.657672
  984.000000    0.646857
  994.000000    0.666210
 1004.000000    0.603450
 1014.000000    0.615670
 1024.000000    0.638590
 1034.000000    0.644134
 1044.000000    0.683361
 1054.000000    0.663290
 1064.000000    0.761165
 1074.000000    0.792821
 1084.000000    0.831078
 1094.000000    0.814068
 1104.000000    0.765359
 1114.000000    0.725485
 1124.000000    0.708695
 1134.000000    0.734964
 1144.000000    0.748843
 1154.000000    0.750676
 1164.000000    0.712737
 1174.000000    0.734715
 1184.000000    0.762245
 1194.000000    0.775971
 1204.000000    0.781425
 1214.000000    0.770989
 1224.000000    0.703923
 1234.000000    0.624864
 1244.000000    0.616878
 1254.000000    0.626689
 1264.000000    0.613472
 1274.000000    0.592177
 1284.000000    0.622772
 1294.000000    0.669338
 1304.000000    0.701216
 1314.000000    0.672332
 1324.000000    0.716518
 1334.000000    0.687976
 1344.000000    0.681239
 1354.000000    0.673543
 1364.000000    0.694752
 1374.000000    0.719484
 1384.000000    0.717450
 1394.000000    0.693776
 1404.000000    0.699951
 1414.000000    0.671898
 1424.000000    0.674052
 1434.000000    0.696898
 1444.000000    0.689603
 1454.000000    0.677944
 1464.000000    0.659663
 1474.000000    0.656402
 1484.000000    0.668592
 1494.000000    0.676525
 1504.000000    0.644053
 1514.000000    0.646273
 1524.000000    0.660546
 1534.000000    0.715992
 1544.000000    0.743449
 1554.000000    0.682920
 1564.000000    0.629364
 1574.000000    0.608722
 1584.000000    0.644839
 1594.000000    0.740070
 1604.000000    0.770487
 1614.000000    0.822177
 1624.000000    0.834972
 1634.000000    0.840045
 1644.000000    0.818464
 1654.000000    0.773369
 1664.000000    0.731722
 1674.000000    0.694218
 1684.000000    0.703271
 1694.000000    0.706873
 1704.000000    0.695793
 1714.000000    0.736610
 1724.000000    0.760978
 1734.000000    0.784671
 1744.000000    0.752323
 1754.000000    0.725144
 1764.000000    0.763378
 1774.000000    0.711329
 1784.000000    0.627935
 1794.000000    0.619020
 1804.000000    0.640049
 1814.000000    0.690135
 1824.000000    0.762813
 1834.000000    0.765402
 1844.000000    0.726952
 1854.000000    0.722633
 1864.000000    0.746847
 1874.000000    0.706563
 1884.000000    0.710345
 1894.000000    0.656836
 1904.000000    0.658062
 1914.000000    0.695960
 1924.000000    0.735967
 1934.000000    0.785175
