#  pixel_depth  alphabetafraction   >  Analysis of alpha beta fraction
   76.000000    0.700174
   86.000000    0.679623
   96.000000    0.623296
  106.000000    0.659528
  116.000000    0.762957
  126.000000    0.797039
  136.000000    0.785649
  146.000000    0.758028
  156.000000    0.820336
  166.000000    0.784895
  176.000000    0.765351
  186.000000    0.759641
  196.000000    0.741814
  206.000000    0.690269
  216.000000    0.647260
  226.000000    0.668798
  236.000000    0.702576
  246.000000    0.718182
  256.000000    0.717067
  266.000000    0.676906
  276.000000    0.722457
  286.000000    0.699166
  296.000000    0.643256
  306.000000    0.646163
  316.000000    0.635381
  326.000000    0.630656
  336.000000    0.650565
  346.000000    0.570692
  356.000000    0.649641
  366.000000    0.716788
  376.000000    0.788581
  386.000000    0.790874
  396.000000    0.810597
  406.000000    0.770674
  416.000000    0.704796
  426.000000    0.670940
  436.000000    0.722411
  446.000000    0.741504
  456.000000    0.787130
  466.000000    0.732758
  476.000000    0.638635
  486.000000    0.714006
  496.000000    0.680916
  506.000000    0.676759
  516.000000    0.681727
  526.000000    0.705812
  536.000000    0.758789
  546.000000    0.751839
  556.000000    0.761328
  566.000000    0.798504
  576.000000    0.865297
  586.000000    0.873416
  596.000000    0.852840
  606.000000    0.781518
  616.000000    0.738532
  626.000000    0.749129
  636.000000    0.730589
  646.000000    0.757909
  656.000000    0.715127
  666.000000    0.648852
  676.000000    0.620190
  686.000000    0.662452
  696.000000    0.626963
  706.000000    0.636989
  716.000000    0.768768
  726.000000    0.784094
  736.000000    0.820174
  746.000000    0.798018
  756.000000    0.740060
  766.000000    0.794743
  776.000000    0.816800
  786.000000    0.763004
  796.000000    0.738504
  806.000000    0.764736
  816.000000    0.734720
  826.000000    0.773832
  836.000000    0.774893
  846.000000    0.736505
  856.000000    0.723813
  866.000000    0.791131
  876.000000    0.771077
  886.000000    0.772855
  896.000000    0.655915
  906.000000    0.693643
  916.000000    0.773295
  926.000000    0.826034
  936.000000    0.816862
  946.000000    0.766631
  956.000000    0.744190
  966.000000    0.709167
  976.000000    0.697152
  986.000000    0.693696
  996.000000    0.767729
 1006.000000    0.787773
 1016.000000    0.730595
 1026.000000    0.794782
 1036.000000    0.799084
 1046.000000    0.775404
 1056.000000    0.753213
 1066.000000    0.715831
 1076.000000    0.767578
 1086.000000    0.768889
 1096.000000    0.758979
 1106.000000    0.737299
 1116.000000    0.735025
 1126.000000    0.751179
 1136.000000    0.783857
 1146.000000    0.735348
 1156.000000    0.725892
 1166.000000    0.784865
 1176.000000    0.774634
 1186.000000    0.723246
 1196.000000    0.730164
 1206.000000    0.675457
 1216.000000    0.714424
 1226.000000    0.749772
 1236.000000    0.747678
 1246.000000    0.681390
 1256.000000    0.705690
 1266.000000    0.728203
 1276.000000    0.726127
 1286.000000    0.746615
 1296.000000    0.685923
 1306.000000    0.648303
 1316.000000    0.736335
 1326.000000    0.785857
 1336.000000    0.791132
 1346.000000    0.823807
 1356.000000    0.834412
 1366.000000    0.847496
 1376.000000    0.813045
 1386.000000    0.782524
 1396.000000    0.776594
 1406.000000    0.753159
 1416.000000    0.709892
 1426.000000    0.714419
 1436.000000    0.700739
 1446.000000    0.718899
 1456.000000    0.668027
 1466.000000    0.679517
 1476.000000    0.642112
 1486.000000    0.665733
 1496.000000    0.638819
 1506.000000    0.698745
 1516.000000    0.699816
 1526.000000    0.714298
 1536.000000    0.711306
 1546.000000    0.739044
 1556.000000    0.774805
 1566.000000    0.768090
 1576.000000    0.782863
 1586.000000    0.737922
 1596.000000    0.727840
 1606.000000    0.661882
 1616.000000    0.598946
 1626.000000    0.581266
 1636.000000    0.692091
 1646.000000    0.756558
 1656.000000    0.784055
 1666.000000    0.780582
 1676.000000    0.740265
 1686.000000    0.732786
 1696.000000    0.688614
 1706.000000    0.710796
 1716.000000    0.768476
 1726.000000    0.792106
 1736.000000    0.760624
 1746.000000    0.756884
 1756.000000    0.752217
 1766.000000    0.755769
 1776.000000    0.700638
 1786.000000    0.674382
 1796.000000    0.640138
 1806.000000    0.662858
 1816.000000    0.676410
 1826.000000    0.673866
 1836.000000    0.739620
 1846.000000    0.797518
 1856.000000    0.808975
 1866.000000    0.817012
 1876.000000    0.800054
 1886.000000    0.757844
