#  pixel_depth  alphabetafraction   >  Analysis of alpha beta fraction
   30.000000    0.896438
   40.000000    0.874223
   50.000000    0.842350
   60.000000    0.866385
   70.000000    0.824209
   80.000000    0.808366
   90.000000    0.821319
  100.000000    0.808594
  110.000000    0.823212
  120.000000    0.825540
  130.000000    0.808285
  140.000000    0.816982
  150.000000    0.826423
  160.000000    0.810830
  170.000000    0.771333
  180.000000    0.759725
  190.000000    0.798486
  200.000000    0.750501
  210.000000    0.790884
  220.000000    0.768859
  230.000000    0.793178
  240.000000    0.774142
  250.000000    0.812772
  260.000000    0.833509
  270.000000    0.803465
  280.000000    0.806278
  290.000000    0.819751
  300.000000    0.827682
  310.000000    0.806596
  320.000000    0.788396
  330.000000    0.806649
  340.000000    0.786759
  350.000000    0.768906
  360.000000    0.781480
  370.000000    0.806486
  380.000000    0.787940
  390.000000    0.783334
  400.000000    0.778789
  410.000000    0.768135
  420.000000    0.803452
  430.000000    0.826891
  440.000000    0.816152
  450.000000    0.741281
  460.000000    0.703430
  470.000000    0.760435
  480.000000    0.802082
  490.000000    0.819508
  500.000000    0.822876
  510.000000    0.828847
  520.000000    0.817996
  530.000000    0.806176
  540.000000    0.802392
  550.000000    0.801653
  560.000000    0.762995
  570.000000    0.770579
  580.000000    0.764247
  590.000000    0.747896
  600.000000    0.709377
  610.000000    0.706867
  620.000000    0.750763
  630.000000    0.834698
  640.000000    0.810857
  650.000000    0.799406
  660.000000    0.826365
  670.000000    0.826028
  680.000000    0.784557
  690.000000    0.723466
  700.000000    0.722027
  710.000000    0.809085
  720.000000    0.791257
  730.000000    0.812044
  740.000000    0.808454
  750.000000    0.822441
  760.000000    0.798225
  770.000000    0.781328
  780.000000    0.776658
  790.000000    0.721703
  800.000000    0.730013
  810.000000    0.776419
  820.000000    0.761409
  830.000000    0.803979
  840.000000    0.822417
  850.000000    0.790973
  860.000000    0.744098
  870.000000    0.768093
  880.000000    0.803900
  890.000000    0.794181
  900.000000    0.790700
  910.000000    0.777720
  920.000000    0.778312
  930.000000    0.755959
  940.000000    0.716883
  950.000000    0.653440
  960.000000    0.692708
  970.000000    0.719463
  980.000000    0.735482
  990.000000    0.750154
 1000.000000    0.778158
 1010.000000    0.783975
 1020.000000    0.795208
 1030.000000    0.813901
 1040.000000    0.815622
 1050.000000    0.799292
 1060.000000    0.802396
 1070.000000    0.779556
 1080.000000    0.762928
 1090.000000    0.787534
 1100.000000    0.824211
 1110.000000    0.835896
 1120.000000    0.773099
 1130.000000    0.766199
 1140.000000    0.799768
 1150.000000    0.783417
 1160.000000    0.759381
 1170.000000    0.751047
 1180.000000    0.789682
 1190.000000    0.832444
 1200.000000    0.813046
 1210.000000    0.837771
 1220.000000    0.868933
 1230.000000    0.827425
 1240.000000    0.784271
 1250.000000    0.761875
 1260.000000    0.721237
 1270.000000    0.718660
 1280.000000    0.718174
 1290.000000    0.746622
 1300.000000    0.791369
 1310.000000    0.766590
 1320.000000    0.727474
 1330.000000    0.712658
 1340.000000    0.748274
 1350.000000    0.736072
 1360.000000    0.737661
 1370.000000    0.762494
 1380.000000    0.790715
 1390.000000    0.752061
 1400.000000    0.769151
 1410.000000    0.796201
 1420.000000    0.829597
 1430.000000    0.832909
 1440.000000    0.769557
 1450.000000    0.729890
 1460.000000    0.731748
 1470.000000    0.756108
 1480.000000    0.796235
 1490.000000    0.768358
 1500.000000    0.737509
 1510.000000    0.720977
 1520.000000    0.745474
 1530.000000    0.773013
 1540.000000    0.729860
 1550.000000    0.717016
 1560.000000    0.701416
 1570.000000    0.727314
 1580.000000    0.744294
 1590.000000    0.755291
 1600.000000    0.723907
 1610.000000    0.743498
 1620.000000    0.766591
 1630.000000    0.757663
 1640.000000    0.782024
 1650.000000    0.773888
 1660.000000    0.791359
 1670.000000    0.786893
 1680.000000    0.784742
 1690.000000    0.777592
 1700.000000    0.773172
 1710.000000    0.770907
 1720.000000    0.840845
 1730.000000    0.822555
 1740.000000    0.812579
 1750.000000    0.782557
 1760.000000    0.717595
 1770.000000    0.702497
 1780.000000    0.808914
 1790.000000    0.831795
 1800.000000    0.784110
 1810.000000    0.754590
 1820.000000    0.793184
 1830.000000    0.778538
 1840.000000    0.736354
 1850.000000    0.691873
 1860.000000    0.747669
 1870.000000    0.782649
