#  pixel_depth  alphabetafraction   >  Analysis of alpha beta fraction
  110.000000    0.803884
  120.000000    0.764455
  130.000000    0.749093
  140.000000    0.765245
  150.000000    0.773485
  160.000000    0.796341
  170.000000    0.775095
  180.000000    0.802509
  190.000000    0.792301
  200.000000    0.756123
  210.000000    0.716871
  220.000000    0.717116
  230.000000    0.744008
  240.000000    0.770808
  250.000000    0.798505
  260.000000    0.798502
  270.000000    0.789695
  280.000000    0.795110
  290.000000    0.842467
  300.000000    0.797425
  310.000000    0.765315
  320.000000    0.701915
  330.000000    0.669478
  340.000000    0.712910
  350.000000    0.668922
  360.000000    0.681270
  370.000000    0.686727
  380.000000    0.702083
  390.000000    0.758082
  400.000000    0.749649
  410.000000    0.720838
  420.000000    0.717559
  430.000000    0.713008
  440.000000    0.702750
  450.000000    0.719920
  460.000000    0.731148
  470.000000    0.772553
  480.000000    0.757837
  490.000000    0.742765
  500.000000    0.725607
  510.000000    0.655721
  520.000000    0.654577
  530.000000    0.662049
  540.000000    0.689971
  550.000000    0.720439
  560.000000    0.763143
  570.000000    0.763418
  580.000000    0.769199
  590.000000    0.744839
  600.000000    0.756776
  610.000000    0.735316
  620.000000    0.692092
  630.000000    0.639628
  640.000000    0.658578
  650.000000    0.708606
  660.000000    0.760253
  670.000000    0.768225
  680.000000    0.759001
  690.000000    0.750890
  700.000000    0.707803
  710.000000    0.680312
  720.000000    0.681840
  730.000000    0.629219
  740.000000    0.670184
  750.000000    0.722102
  760.000000    0.788926
  770.000000    0.762163
  780.000000    0.739797
  790.000000    0.744613
  800.000000    0.693142
  810.000000    0.662980
  820.000000    0.651420
  830.000000    0.643531
  840.000000    0.678562
  850.000000    0.716383
  860.000000    0.793905
  870.000000    0.827396
  880.000000    0.809625
  890.000000    0.765322
  900.000000    0.782170
  910.000000    0.761165
  920.000000    0.756567
  930.000000    0.750670
  940.000000    0.717633
  950.000000    0.749022
  960.000000    0.782787
  970.000000    0.758317
  980.000000    0.716626
  990.000000    0.736370
 1000.000000    0.720311
 1010.000000    0.711659
 1020.000000    0.694399
 1030.000000    0.686295
 1040.000000    0.631153
 1050.000000    0.619619
 1060.000000    0.653554
 1070.000000    0.697415
 1080.000000    0.807584
 1090.000000    0.829614
 1100.000000    0.795974
 1110.000000    0.727612
 1120.000000    0.748094
 1130.000000    0.743940
 1140.000000    0.735210
 1150.000000    0.708649
 1160.000000    0.711322
 1170.000000    0.729733
 1180.000000    0.728802
 1190.000000    0.780374
 1200.000000    0.738930
 1210.000000    0.764520
 1220.000000    0.801376
 1230.000000    0.764985
 1240.000000    0.726723
 1250.000000    0.686252
 1260.000000    0.698594
 1270.000000    0.709029
 1280.000000    0.720537
 1290.000000    0.728458
 1300.000000    0.722473
 1310.000000    0.742577
 1320.000000    0.784068
 1330.000000    0.747262
 1340.000000    0.713337
 1350.000000    0.730068
 1360.000000    0.751094
 1370.000000    0.733791
 1380.000000    0.753116
 1390.000000    0.755484
 1400.000000    0.781647
 1410.000000    0.838141
 1420.000000    0.820238
 1430.000000    0.806723
 1440.000000    0.729729
 1450.000000    0.728287
 1460.000000    0.754233
 1470.000000    0.791333
 1480.000000    0.781505
 1490.000000    0.741029
 1500.000000    0.691998
 1510.000000    0.684025
 1520.000000    0.772428
 1530.000000    0.748779
 1540.000000    0.766352
 1550.000000    0.751736
 1560.000000    0.754556
 1570.000000    0.745286
 1580.000000    0.757469
 1590.000000    0.746782
 1600.000000    0.710457
 1610.000000    0.684146
 1620.000000    0.737910
 1630.000000    0.770133
 1640.000000    0.782751
 1650.000000    0.826917
 1660.000000    0.819142
 1670.000000    0.718956
 1680.000000    0.701589
 1690.000000    0.723601
 1700.000000    0.716571
 1710.000000    0.695391
 1720.000000    0.745552
 1730.000000    0.761961
 1740.000000    0.722585
 1750.000000    0.705779
 1760.000000    0.720798
 1770.000000    0.729048
 1780.000000    0.703100
 1790.000000    0.767798
 1800.000000    0.730280
 1810.000000    0.740290
 1820.000000    0.785211
 1830.000000    0.781035
 1840.000000    0.775616
 1850.000000    0.760453
 1860.000000    0.755993
 1870.000000    0.702359
 1880.000000    0.654823
 1890.000000    0.618773
 1900.000000    0.648472
