#  pixel_depth  alphabetafraction   >  Analysis of alpha beta fraction
   83.000000    0.623015
   93.000000    0.612258
  103.000000    0.629324
  113.000000    0.608195
  123.000000    0.664601
  133.000000    0.746105
  143.000000    0.738028
  153.000000    0.706372
  163.000000    0.672907
  173.000000    0.694837
  183.000000    0.646982
  193.000000    0.635362
  203.000000    0.656404
  213.000000    0.688105
  223.000000    0.662583
  233.000000    0.635237
  243.000000    0.586992
  253.000000    0.547191
  263.000000    0.524472
  273.000000    0.490836
  283.000000    0.483518
  293.000000    0.590494
  303.000000    0.636306
  313.000000    0.673344
  323.000000    0.680176
  333.000000    0.672236
  343.000000    0.623611
  353.000000    0.634520
  363.000000    0.622793
  373.000000    0.636523
  383.000000    0.650307
  393.000000    0.642310
  403.000000    0.670314
  413.000000    0.650931
  423.000000    0.659820
  433.000000    0.685536
  443.000000    0.739501
  453.000000    0.764016
  463.000000    0.762397
  473.000000    0.734675
  483.000000    0.660114
  493.000000    0.603820
  503.000000    0.609495
  513.000000    0.626818
  523.000000    0.634746
  533.000000    0.595741
  543.000000    0.575513
  553.000000    0.568091
  563.000000    0.604690
  573.000000    0.657291
  583.000000    0.713215
  593.000000    0.675897
  603.000000    0.655557
  613.000000    0.694273
  623.000000    0.680947
  633.000000    0.649857
  643.000000    0.628905
  653.000000    0.641544
  663.000000    0.696422
  673.000000    0.721172
  683.000000    0.711351
  693.000000    0.675707
  703.000000    0.613359
  713.000000    0.623852
  723.000000    0.704099
  733.000000    0.738769
  743.000000    0.765352
  753.000000    0.766917
  763.000000    0.758990
  773.000000    0.764364
  783.000000    0.713561
  793.000000    0.659126
  803.000000    0.621393
  813.000000    0.633742
  823.000000    0.673442
  833.000000    0.621459
  843.000000    0.705963
  853.000000    0.748562
  863.000000    0.768192
  873.000000    0.735330
  883.000000    0.718968
  893.000000    0.725243
  903.000000    0.767069
  913.000000    0.761664
  923.000000    0.731565
  933.000000    0.786415
  943.000000    0.782476
  953.000000    0.789448
  963.000000    0.701541
  973.000000    0.659699
  983.000000    0.616215
  993.000000    0.591373
 1003.000000    0.570191
 1013.000000    0.604439
 1023.000000    0.569835
 1033.000000    0.591095
 1043.000000    0.726755
 1053.000000    0.776499
 1063.000000    0.796859
 1073.000000    0.798181
 1083.000000    0.817266
 1093.000000    0.758774
 1103.000000    0.701767
 1113.000000    0.652498
 1123.000000    0.639232
 1133.000000    0.617044
 1143.000000    0.644382
 1153.000000    0.684456
 1163.000000    0.702636
 1173.000000    0.725189
 1183.000000    0.769031
 1193.000000    0.745051
 1203.000000    0.691838
 1213.000000    0.636180
 1223.000000    0.627872
 1233.000000    0.628416
 1243.000000    0.596910
 1253.000000    0.533419
 1263.000000    0.555579
 1273.000000    0.634849
 1283.000000    0.649533
 1293.000000    0.679338
 1303.000000    0.693184
 1313.000000    0.638310
 1323.000000    0.657926
 1333.000000    0.636007
 1343.000000    0.646227
 1353.000000    0.666110
 1363.000000    0.669495
 1373.000000    0.750985
 1383.000000    0.745340
 1393.000000    0.765993
 1403.000000    0.761830
 1413.000000    0.751401
 1423.000000    0.743738
 1433.000000    0.736892
 1443.000000    0.778029
 1453.000000    0.773026
 1463.000000    0.759059
 1473.000000    0.750302
 1483.000000    0.736237
 1493.000000    0.730708
 1503.000000    0.667324
 1513.000000    0.659826
 1523.000000    0.620035
 1533.000000    0.649737
 1543.000000    0.668939
 1553.000000    0.657337
 1563.000000    0.713261
 1573.000000    0.729328
 1583.000000    0.770892
 1593.000000    0.790274
 1603.000000    0.738406
 1613.000000    0.730925
 1623.000000    0.688677
 1633.000000    0.638031
 1643.000000    0.668109
 1653.000000    0.666829
 1663.000000    0.690416
 1673.000000    0.749291
 1683.000000    0.744280
 1693.000000    0.745413
 1703.000000    0.753718
 1713.000000    0.713939
 1723.000000    0.675883
