#  pixel_depth  alphabetafraction   >  Analysis of alpha beta fraction
   79.000000    0.751368
   89.000000    0.742748
   99.000000    0.732848
  109.000000    0.710673
  119.000000    0.734976
  129.000000    0.747584
  139.000000    0.728540
  149.000000    0.691739
  159.000000    0.673494
  169.000000    0.689510
  179.000000    0.688118
  189.000000    0.653038
  199.000000    0.654935
  209.000000    0.682352
  219.000000    0.764785
  229.000000    0.779606
  239.000000    0.771618
  249.000000    0.675381
  259.000000    0.645636
  269.000000    0.653482
  279.000000    0.692219
  289.000000    0.686600
  299.000000    0.711551
  309.000000    0.757441
  319.000000    0.768693
  329.000000    0.791132
  339.000000    0.844010
  349.000000    0.859725
  359.000000    0.773289
  369.000000    0.725465
  379.000000    0.688456
  389.000000    0.732380
  399.000000    0.757626
  409.000000    0.657327
  419.000000    0.679049
  429.000000    0.700922
  439.000000    0.681803
  449.000000    0.714687
  459.000000    0.704577
  469.000000    0.702784
  479.000000    0.712082
  489.000000    0.796391
  499.000000    0.801449
  509.000000    0.818840
  519.000000    0.804390
  529.000000    0.779024
  539.000000    0.717760
  549.000000    0.675006
  559.000000    0.696298
  569.000000    0.708851
  579.000000    0.740565
  589.000000    0.767254
  599.000000    0.770668
  609.000000    0.737325
  619.000000    0.679508
  629.000000    0.668407
  639.000000    0.678255
  649.000000    0.704774
  659.000000    0.724563
  669.000000    0.732484
  679.000000    0.671796
  689.000000    0.709834
  699.000000    0.738467
  709.000000    0.775686
  719.000000    0.827114
  729.000000    0.755776
  739.000000    0.657646
  749.000000    0.665694
  759.000000    0.760868
  769.000000    0.757625
  779.000000    0.768920
  789.000000    0.729943
  799.000000    0.759793
  809.000000    0.790917
  819.000000    0.731544
  829.000000    0.706894
  839.000000    0.719327
  849.000000    0.727016
  859.000000    0.728535
  869.000000    0.710960
  879.000000    0.670594
  889.000000    0.689850
  899.000000    0.683494
  909.000000    0.714401
  919.000000    0.679328
  929.000000    0.739347
  939.000000    0.791256
  949.000000    0.779869
  959.000000    0.750711
  969.000000    0.789715
  979.000000    0.833974
  989.000000    0.870662
  999.000000    0.836861
 1009.000000    0.846656
 1019.000000    0.819845
 1029.000000    0.768858
 1039.000000    0.722329
 1049.000000    0.708750
 1059.000000    0.700432
 1069.000000    0.714523
 1079.000000    0.779772
 1089.000000    0.817244
 1099.000000    0.800728
 1109.000000    0.786332
 1119.000000    0.738809
 1129.000000    0.731032
 1139.000000    0.727513
 1149.000000    0.708974
 1159.000000    0.693959
 1169.000000    0.663579
 1179.000000    0.631825
 1189.000000    0.641230
 1199.000000    0.651563
 1209.000000    0.720661
 1219.000000    0.773988
 1229.000000    0.827215
 1239.000000    0.863215
 1249.000000    0.848908
 1259.000000    0.788499
 1269.000000    0.777788
 1279.000000    0.797495
 1289.000000    0.800555
 1299.000000    0.799398
 1309.000000    0.768589
 1319.000000    0.676966
 1329.000000    0.678669
 1339.000000    0.666643
 1349.000000    0.718015
 1359.000000    0.720557
 1369.000000    0.723523
 1379.000000    0.698184
 1389.000000    0.713367
 1399.000000    0.742460
 1409.000000    0.726728
 1419.000000    0.706120
 1429.000000    0.671419
 1439.000000    0.653922
 1449.000000    0.649659
 1459.000000    0.665398
 1469.000000    0.667281
 1479.000000    0.684574
 1489.000000    0.658204
 1499.000000    0.671477
 1509.000000    0.688249
 1519.000000    0.755374
 1529.000000    0.787962
 1539.000000    0.797366
 1549.000000    0.783041
 1559.000000    0.771809
 1569.000000    0.741292
 1579.000000    0.690581
 1589.000000    0.694845
 1599.000000    0.697226
 1609.000000    0.667110
 1619.000000    0.623619
 1629.000000    0.647599
 1639.000000    0.650127
 1649.000000    0.643900
 1659.000000    0.647107
 1669.000000    0.727660
 1679.000000    0.743226
 1689.000000    0.731180
 1699.000000    0.748192
 1709.000000    0.737436
 1719.000000    0.716351
 1729.000000    0.670290
 1739.000000    0.647071
 1749.000000    0.648915
 1759.000000    0.675145
