#  pixel_depth  alphabetafraction   >  Analysis of alpha beta fraction
  118.000000    0.767145
  128.000000    0.759729
  138.000000    0.748486
  148.000000    0.679134
  158.000000    0.648013
  168.000000    0.593170
  178.000000    0.594664
  188.000000    0.588845
  198.000000    0.583986
  208.000000    0.617480
  218.000000    0.589657
  228.000000    0.682560
  238.000000    0.644512
  248.000000    0.644489
  258.000000    0.669892
  268.000000    0.759095
  278.000000    0.744131
  288.000000    0.759099
  298.000000    0.684886
  308.000000    0.648475
  318.000000    0.632274
  328.000000    0.597715
  338.000000    0.590395
  348.000000    0.586186
  358.000000    0.685682
  368.000000    0.663947
  378.000000    0.694804
  388.000000    0.689282
  398.000000    0.742433
  408.000000    0.736629
  418.000000    0.751888
  428.000000    0.762239
  438.000000    0.739522
  448.000000    0.750872
  458.000000    0.730840
  468.000000    0.718212
  478.000000    0.691868
  488.000000    0.641149
  498.000000    0.606828
  508.000000    0.667375
  518.000000    0.628537
  528.000000    0.655964
  538.000000    0.725167
  548.000000    0.710119
  558.000000    0.688313
  568.000000    0.683259
  578.000000    0.707504
  588.000000    0.646952
  598.000000    0.657915
  608.000000    0.655648
  618.000000    0.648783
  628.000000    0.639408
  638.000000    0.683105
  648.000000    0.714753
  658.000000    0.701579
  668.000000    0.702085
  678.000000    0.733322
  688.000000    0.769730
  698.000000    0.707790
  708.000000    0.667303
  718.000000    0.665787
  728.000000    0.691564
  738.000000    0.694451
  748.000000    0.760921
  758.000000    0.748795
  768.000000    0.724087
  778.000000    0.653222
  788.000000    0.669979
  798.000000    0.716251
  808.000000    0.726409
  818.000000    0.734984
  828.000000    0.688976
  838.000000    0.705934
  848.000000    0.691593
  858.000000    0.725332
  868.000000    0.808575
  878.000000    0.837804
  888.000000    0.848737
  898.000000    0.825915
  908.000000    0.803942
  918.000000    0.816994
  928.000000    0.778931
  938.000000    0.755572
  948.000000    0.696033
  958.000000    0.688638
  968.000000    0.670123
  978.000000    0.660097
  988.000000    0.685185
  998.000000    0.676993
 1008.000000    0.714325
 1018.000000    0.711723
 1028.000000    0.738726
 1038.000000    0.735609
 1048.000000    0.765452
 1058.000000    0.768847
 1068.000000    0.786774
 1078.000000    0.873491
 1088.000000    0.850841
 1098.000000    0.761848
 1108.000000    0.718130
 1118.000000    0.750266
 1128.000000    0.705857
 1138.000000    0.715580
 1148.000000    0.687541
 1158.000000    0.625159
 1168.000000    0.644396
 1178.000000    0.712969
 1188.000000    0.728046
 1198.000000    0.814726
 1208.000000    0.784211
 1218.000000    0.692090
 1228.000000    0.632205
 1238.000000    0.631801
 1248.000000    0.688276
 1258.000000    0.720421
 1268.000000    0.720476
 1278.000000    0.678408
 1288.000000    0.666011
 1298.000000    0.646845
 1308.000000    0.674286
 1318.000000    0.698557
 1328.000000    0.672698
 1338.000000    0.685169
 1348.000000    0.721649
 1358.000000    0.818949
 1368.000000    0.796502
 1378.000000    0.817101
 1388.000000    0.795990
 1398.000000    0.736173
 1408.000000    0.712991
 1418.000000    0.694822
 1428.000000    0.622838
 1438.000000    0.639673
 1448.000000    0.656547
 1458.000000    0.628016
 1468.000000    0.636247
 1478.000000    0.689020
 1488.000000    0.729601
 1498.000000    0.698620
 1508.000000    0.732114
 1518.000000    0.726182
 1528.000000    0.769385
 1538.000000    0.731037
 1548.000000    0.724238
 1558.000000    0.723428
 1568.000000    0.752011
 1578.000000    0.805191
 1588.000000    0.844307
 1598.000000    0.772286
 1608.000000    0.761968
 1618.000000    0.710703
 1628.000000    0.710850
 1638.000000    0.752871
 1648.000000    0.734826
 1658.000000    0.721008
 1668.000000    0.735526
 1678.000000    0.761000
 1688.000000    0.783649
 1698.000000    0.772074
 1708.000000    0.735539
 1718.000000    0.749357
 1728.000000    0.745163
 1738.000000    0.719378
 1748.000000    0.711862
 1758.000000    0.729173
 1768.000000    0.749082
 1778.000000    0.709028
 1788.000000    0.741658
 1798.000000    0.736807
 1808.000000    0.735604
 1818.000000    0.769943
 1828.000000    0.759611
 1838.000000    0.767145
 1848.000000    0.729534
 1858.000000    0.674275
 1868.000000    0.685625
 1878.000000    0.714213
 1888.000000    0.739377
 1898.000000    0.716637
 1908.000000    0.699512
