#  pixel_depth  alphabetafraction   >  Analysis of alpha beta fraction
   56.000000    0.917217
   66.000000    0.902506
   76.000000    0.879006
   86.000000    0.834595
   96.000000    0.839428
  106.000000    0.820370
  116.000000    0.822871
  126.000000    0.892418
  136.000000    0.898177
  146.000000    0.907832
  156.000000    0.909118
  166.000000    0.874721
  176.000000    0.862558
  186.000000    0.863242
  196.000000    0.834350
  206.000000    0.831650
  216.000000    0.844851
  226.000000    0.829269
  236.000000    0.805969
  246.000000    0.760838
  256.000000    0.807035
  266.000000    0.837840
  276.000000    0.834372
  286.000000    0.796695
  296.000000    0.818660
  306.000000    0.794821
  316.000000    0.789448
  326.000000    0.772232
  336.000000    0.790000
  346.000000    0.760199
  356.000000    0.773325
  366.000000    0.764576
  376.000000    0.738883
  386.000000    0.815538
  396.000000    0.864487
  406.000000    0.880736
  416.000000    0.885141
  426.000000    0.841971
  436.000000    0.804436
  446.000000    0.767777
  456.000000    0.749054
  466.000000    0.768065
  476.000000    0.799395
  486.000000    0.810992
  496.000000    0.835527
  506.000000    0.835785
  516.000000    0.768894
  526.000000    0.733767
  536.000000    0.692390
  546.000000    0.760499
  556.000000    0.763880
  566.000000    0.778461
  576.000000    0.768268
  586.000000    0.790882
  596.000000    0.805213
  606.000000    0.817418
  616.000000    0.827251
  626.000000    0.809162
  636.000000    0.740230
  646.000000    0.777622
  656.000000    0.858525
  666.000000    0.855528
  676.000000    0.841182
  686.000000    0.840958
  696.000000    0.847800
  706.000000    0.839637
  716.000000    0.792139
  726.000000    0.752127
  736.000000    0.708071
  746.000000    0.740689
  756.000000    0.747032
  766.000000    0.771457
  776.000000    0.761145
  786.000000    0.798496
  796.000000    0.807482
  806.000000    0.806447
  816.000000    0.840641
  826.000000    0.868955
  836.000000    0.860289
  846.000000    0.837514
  856.000000    0.801706
  866.000000    0.762702
  876.000000    0.718902
  886.000000    0.719727
  896.000000    0.774721
  906.000000    0.782439
  916.000000    0.787102
  926.000000    0.799672
  936.000000    0.801469
  946.000000    0.818716
  956.000000    0.818879
  966.000000    0.773514
  976.000000    0.727630
  986.000000    0.757544
  996.000000    0.764444
 1006.000000    0.795654
 1016.000000    0.803903
 1026.000000    0.814502
 1036.000000    0.797382
 1046.000000    0.760583
 1056.000000    0.740416
 1066.000000    0.767274
 1076.000000    0.679973
 1086.000000    0.761510
 1096.000000    0.802896
 1106.000000    0.859140
 1116.000000    0.858015
 1126.000000    0.809692
 1136.000000    0.795195
 1146.000000    0.790861
 1156.000000    0.819839
 1166.000000    0.835422
 1176.000000    0.826637
 1186.000000    0.826877
 1196.000000    0.813005
 1206.000000    0.780373
 1216.000000    0.767297
 1226.000000    0.793683
 1236.000000    0.771310
 1246.000000    0.777796
 1256.000000    0.808721
 1266.000000    0.838319
 1276.000000    0.804700
 1286.000000    0.716187
 1296.000000    0.742055
 1306.000000    0.670721
 1316.000000    0.687016
 1326.000000    0.702014
 1336.000000    0.743459
 1346.000000    0.712687
 1356.000000    0.738447
 1366.000000    0.754428
 1376.000000    0.759093
 1386.000000    0.740002
 1396.000000    0.787795
 1406.000000    0.785865
 1416.000000    0.765969
 1426.000000    0.756282
 1436.000000    0.736532
 1446.000000    0.716718
 1456.000000    0.755544
 1466.000000    0.756958
 1476.000000    0.712613
 1486.000000    0.711316
 1496.000000    0.707343
 1506.000000    0.712162
 1516.000000    0.676399
 1526.000000    0.713022
 1536.000000    0.757227
 1546.000000    0.750309
 1556.000000    0.789620
 1566.000000    0.803760
 1576.000000    0.797224
 1586.000000    0.776593
 1596.000000    0.677305
 1606.000000    0.640810
 1616.000000    0.654108
 1626.000000    0.740192
 1636.000000    0.793777
 1646.000000    0.819460
 1656.000000    0.780621
 1666.000000    0.744643
 1676.000000    0.728773
 1686.000000    0.749115
 1696.000000    0.774005
 1706.000000    0.818565
 1716.000000    0.771652
 1726.000000    0.776473
 1736.000000    0.762800
 1746.000000    0.750809
 1756.000000    0.717777
 1766.000000    0.720382
 1776.000000    0.697326
 1786.000000    0.692483
