#  pixel_depth  alphabetafraction   >  Analysis of alpha beta fraction
  181.000000    0.733718
  191.000000    0.758122
  201.000000    0.784877
  211.000000    0.774593
  221.000000    0.752031
  231.000000    0.768633
  241.000000    0.706780
  251.000000    0.660526
  261.000000    0.662081
  271.000000    0.744044
  281.000000    0.701707
  291.000000    0.736246
  301.000000    0.762015
  311.000000    0.731638
  321.000000    0.803215
  331.000000    0.845813
  341.000000    0.827128
  351.000000    0.839184
  361.000000    0.797616
  371.000000    0.747423
  381.000000    0.705228
  391.000000    0.711628
  401.000000    0.720822
  411.000000    0.683861
  421.000000    0.653449
  431.000000    0.594416
  441.000000    0.692257
  451.000000    0.730812
  461.000000    0.755352
  471.000000    0.733214
  481.000000    0.705861
  491.000000    0.681053
  501.000000    0.666689
  511.000000    0.677279
  521.000000    0.751849
  531.000000    0.735280
  541.000000    0.687101
  551.000000    0.721443
  561.000000    0.719644
  571.000000    0.700563
  581.000000    0.710655
  591.000000    0.779007
  601.000000    0.828158
  611.000000    0.827036
  621.000000    0.852939
  631.000000    0.835807
  641.000000    0.835264
  651.000000    0.790543
  661.000000    0.728543
  671.000000    0.666820
  681.000000    0.698649
  691.000000    0.738663
  701.000000    0.768313
  711.000000    0.754582
  721.000000    0.745457
  731.000000    0.701600
  741.000000    0.708990
  751.000000    0.693245
  761.000000    0.707891
  771.000000    0.731423
  781.000000    0.716309
  791.000000    0.666629
  801.000000    0.747751
  811.000000    0.751875
  821.000000    0.814311
  831.000000    0.828183
  841.000000    0.791390
  851.000000    0.743592
  861.000000    0.697858
  871.000000    0.665331
  881.000000    0.635629
  891.000000    0.596917
  901.000000    0.551892
  911.000000    0.598750
  921.000000    0.687823
  931.000000    0.767113
  941.000000    0.811255
  951.000000    0.810828
  961.000000    0.783972
  971.000000    0.789108
  981.000000    0.777061
  991.000000    0.680030
 1001.000000    0.631264
 1011.000000    0.691180
 1021.000000    0.653441
 1031.000000    0.624886
 1041.000000    0.642236
 1051.000000    0.626529
 1061.000000    0.684150
 1071.000000    0.715312
 1081.000000    0.709273
 1091.000000    0.713295
 1101.000000    0.695543
 1111.000000    0.667355
 1121.000000    0.712303
 1131.000000    0.687709
 1141.000000    0.649959
 1151.000000    0.665584
 1161.000000    0.668327
 1171.000000    0.657854
 1181.000000    0.722656
 1191.000000    0.709099
 1201.000000    0.631501
 1211.000000    0.659299
 1221.000000    0.643059
 1231.000000    0.680826
 1241.000000    0.750594
 1251.000000    0.807030
 1261.000000    0.823644
 1271.000000    0.834434
 1281.000000    0.791481
 1291.000000    0.739430
 1301.000000    0.753429
 1311.000000    0.765274
 1321.000000    0.747177
 1331.000000    0.779041
 1341.000000    0.776235
 1351.000000    0.805445
 1361.000000    0.788020
 1371.000000    0.818450
 1381.000000    0.792269
 1391.000000    0.792451
 1401.000000    0.791617
 1411.000000    0.749587
 1421.000000    0.726071
 1431.000000    0.739596
 1441.000000    0.714551
 1451.000000    0.782907
 1461.000000    0.733455
 1471.000000    0.698800
 1481.000000    0.701685
 1491.000000    0.724956
 1501.000000    0.730987
 1511.000000    0.730258
 1521.000000    0.748080
 1531.000000    0.719193
 1541.000000    0.753958
 1551.000000    0.757858
 1561.000000    0.721631
 1571.000000    0.694745
 1581.000000    0.712688
 1591.000000    0.684922
 1601.000000    0.678971
 1611.000000    0.723436
 1621.000000    0.675940
 1631.000000    0.615237
 1641.000000    0.597592
 1651.000000    0.610277
 1661.000000    0.641238
 1671.000000    0.652507
 1681.000000    0.655497
 1691.000000    0.716934
 1701.000000    0.752166
 1711.000000    0.731928
 1721.000000    0.772674
 1731.000000    0.778581
 1741.000000    0.745287
 1751.000000    0.733591
 1761.000000    0.608096
 1771.000000    0.615146
 1781.000000    0.634539
 1791.000000    0.617589
 1801.000000    0.640488
 1811.000000    0.677764
 1821.000000    0.682606
 1831.000000    0.664759
 1841.000000    0.723510
 1851.000000    0.694865
 1861.000000    0.726217
 1871.000000    0.787857
 1881.000000    0.833644
 1891.000000    0.847172
 1901.000000    0.839007
 1911.000000    0.855275
