#  pixel_depth  alphabetafraction   >  Analysis of alpha beta fraction
   55.000000    0.898040
   65.000000    0.847659
   75.000000    0.810494
   85.000000    0.768772
   95.000000    0.720165
  105.000000    0.709870
  115.000000    0.735450
  125.000000    0.798983
  135.000000    0.820307
  145.000000    0.786252
  155.000000    0.813250
  165.000000    0.753452
  175.000000    0.697318
  185.000000    0.635393
  195.000000    0.612624
  205.000000    0.609607
  215.000000    0.613999
  225.000000    0.644300
  235.000000    0.676701
  245.000000    0.741035
  255.000000    0.789143
  265.000000    0.813731
  275.000000    0.763222
  285.000000    0.711455
  295.000000    0.700013
  305.000000    0.715375
  315.000000    0.689318
  325.000000    0.715494
  335.000000    0.736316
  345.000000    0.663871
  355.000000    0.607957
  365.000000    0.613900
  375.000000    0.671158
  385.000000    0.695926
  395.000000    0.739653
  405.000000    0.756497
  415.000000    0.745044
  425.000000    0.769266
  435.000000    0.792773
  445.000000    0.819216
  455.000000    0.783034
  465.000000    0.789958
  475.000000    0.767378
  485.000000    0.706593
  495.000000    0.747414
  505.000000    0.742459
  515.000000    0.723535
  525.000000    0.711977
  535.000000    0.676444
  545.000000    0.693168
  555.000000    0.714525
  565.000000    0.728323
  575.000000    0.742929
  585.000000    0.732132
  595.000000    0.718589
  605.000000    0.735976
  615.000000    0.708580
  625.000000    0.692484
  635.000000    0.720252
  645.000000    0.728458
  655.000000    0.720744
  665.000000    0.741498
  675.000000    0.699085
  685.000000    0.702830
  695.000000    0.736789
  705.000000    0.757479
  715.000000    0.769234
  725.000000    0.805925
  735.000000    0.811636
  745.000000    0.815529
  755.000000    0.769695
  765.000000    0.685343
  775.000000    0.645801
  785.000000    0.559650
  795.000000    0.602432
  805.000000    0.633888
  815.000000    0.642599
  825.000000    0.681110
  835.000000    0.735982
  845.000000    0.757554
  855.000000    0.777514
  865.000000    0.799875
  875.000000    0.802050
  885.000000    0.731888
  895.000000    0.678972
  905.000000    0.737726
  915.000000    0.690331
  925.000000    0.720983
  935.000000    0.725335
  945.000000    0.673232
  955.000000    0.738096
  965.000000    0.681143
  975.000000    0.667014
  985.000000    0.720626
  995.000000    0.701396
 1005.000000    0.717408
 1015.000000    0.717262
 1025.000000    0.697942
 1035.000000    0.659227
 1045.000000    0.629683
 1055.000000    0.668605
 1065.000000    0.693373
 1075.000000    0.629281
 1085.000000    0.656685
 1095.000000    0.633085
 1105.000000    0.660710
 1115.000000    0.673289
 1125.000000    0.728264
 1135.000000    0.758509
 1145.000000    0.770231
 1155.000000    0.779358
 1165.000000    0.760313
 1175.000000    0.763322
 1185.000000    0.689440
 1195.000000    0.704930
 1205.000000    0.679272
 1215.000000    0.658724
 1225.000000    0.678718
 1235.000000    0.664054
 1245.000000    0.697832
 1255.000000    0.703713
 1265.000000    0.744174
 1275.000000    0.692485
 1285.000000    0.684853
 1295.000000    0.687423
 1305.000000    0.696470
 1315.000000    0.719888
 1325.000000    0.726661
 1335.000000    0.684627
 1345.000000    0.749856
 1355.000000    0.781029
 1365.000000    0.780502
 1375.000000    0.808998
 1385.000000    0.815817
 1395.000000    0.786129
 1405.000000    0.771743
 1415.000000    0.781188
 1425.000000    0.771567
 1435.000000    0.744474
 1445.000000    0.704649
 1455.000000    0.668440
 1465.000000    0.632853
 1475.000000    0.705648
 1485.000000    0.734195
 1495.000000    0.723546
 1505.000000    0.692369
 1515.000000    0.619839
 1525.000000    0.609804
 1535.000000    0.641710
 1545.000000    0.701419
 1555.000000    0.691518
 1565.000000    0.663252
 1575.000000    0.679711
 1585.000000    0.705830
 1595.000000    0.667694
 1605.000000    0.724352
 1615.000000    0.745371
 1625.000000    0.737530
 1635.000000    0.729549
 1645.000000    0.757189
 1655.000000    0.743228
 1665.000000    0.748930
 1675.000000    0.747527
 1685.000000    0.692522
 1695.000000    0.649706
 1705.000000    0.612145
 1715.000000    0.582593
 1725.000000    0.571413
 1735.000000    0.570686
 1745.000000    0.582806
 1755.000000    0.654609
 1765.000000    0.713251
 1775.000000    0.752297
 1785.000000    0.782794
 1795.000000    0.734008
 1805.000000    0.771658
 1815.000000    0.775323
 1825.000000    0.770666
 1835.000000    0.703059
 1845.000000    0.603265
 1855.000000    0.636994
 1865.000000    0.663865
 1875.000000    0.743486
 1885.000000    0.767313
 1895.000000    0.724023
