#  pixel_depth  alphabetafraction   >  Analysis of alpha beta fraction
  264.000000    0.586195
  274.000000    0.618394
  284.000000    0.622294
  294.000000    0.604934
  304.000000    0.599638
  314.000000    0.601362
  324.000000    0.580660
  334.000000    0.582484
  344.000000    0.582699
  354.000000    0.617716
  364.000000    0.624089
  374.000000    0.629327
  384.000000    0.579715
  394.000000    0.589629
  404.000000    0.629456
  414.000000    0.658065
  424.000000    0.705766
  434.000000    0.744089
  444.000000    0.722237
  454.000000    0.651998
  464.000000    0.608778
  474.000000    0.595004
  484.000000    0.609531
  494.000000    0.624836
  504.000000    0.625572
  514.000000    0.670681
  524.000000    0.697413
  534.000000    0.654634
  544.000000    0.607044
  554.000000    0.566426
  564.000000    0.512001
  574.000000    0.486372
  584.000000    0.519073
  594.000000    0.562206
  604.000000    0.625975
  614.000000    0.631950
  624.000000    0.627109
  634.000000    0.651141
  644.000000    0.643862
  654.000000    0.570396
  664.000000    0.488033
  674.000000    0.495625
  684.000000    0.507337
  694.000000    0.525481
  704.000000    0.558340
  714.000000    0.545277
  724.000000    0.538612
  734.000000    0.569577
  744.000000    0.579911
  754.000000    0.573058
  764.000000    0.575231
  774.000000    0.582684
  784.000000    0.588870
  794.000000    0.621040
  804.000000    0.625682
  814.000000    0.639791
  824.000000    0.633837
  834.000000    0.628287
  844.000000    0.638499
  854.000000    0.678394
  864.000000    0.729447
  874.000000    0.708376
  884.000000    0.683852
  894.000000    0.652122
  904.000000    0.615361
  914.000000    0.577327
  924.000000    0.565030
  934.000000    0.648706
  944.000000    0.685998
  954.000000    0.679916
  964.000000    0.604575
  974.000000    0.587285
  984.000000    0.598548
  994.000000    0.594007
 1004.000000    0.659328
 1014.000000    0.687087
 1024.000000    0.717103
 1034.000000    0.702817
 1044.000000    0.671043
 1054.000000    0.662266
 1064.000000    0.663449
 1074.000000    0.689440
 1084.000000    0.686882
 1094.000000    0.687999
 1104.000000    0.661713
 1114.000000    0.585366
 1124.000000    0.575873
 1134.000000    0.617460
 1144.000000    0.668936
 1154.000000    0.643961
 1164.000000    0.620600
 1174.000000    0.596634
 1184.000000    0.586695
 1194.000000    0.605616
 1204.000000    0.621482
 1214.000000    0.602902
 1224.000000    0.561068
 1234.000000    0.561230
 1244.000000    0.565450
 1254.000000    0.575438
 1264.000000    0.596898
 1274.000000    0.628193
 1284.000000    0.662993
 1294.000000    0.708982
 1304.000000    0.776821
 1314.000000    0.767696
 1324.000000    0.724565
 1334.000000    0.674478
 1344.000000    0.648588
 1354.000000    0.659561
 1364.000000    0.682592
 1374.000000    0.708909
 1384.000000    0.699505
 1394.000000    0.667771
 1404.000000    0.637951
 1414.000000    0.657111
 1424.000000    0.688453
 1434.000000    0.707317
 1444.000000    0.635454
 1454.000000    0.594364
 1464.000000    0.534566
 1474.000000    0.591955
 1484.000000    0.624631
 1494.000000    0.659978
 1504.000000    0.601682
 1514.000000    0.597511
 1524.000000    0.598354
 1534.000000    0.637859
 1544.000000    0.638702
 1554.000000    0.624382
 1564.000000    0.664756
 1574.000000    0.655292
 1584.000000    0.637991
 1594.000000    0.667088
 1604.000000    0.663754
 1614.000000    0.691191
 1624.000000    0.719488
 1634.000000    0.729041
 1644.000000    0.686936
 1654.000000    0.703573
 1664.000000    0.704018
 1674.000000    0.693209
 1684.000000    0.707017
 1694.000000    0.690291
 1704.000000    0.629225
 1714.000000    0.623336
 1724.000000    0.575643
 1734.000000    0.599688
 1744.000000    0.645774
 1754.000000    0.688201
 1764.000000    0.726552
 1774.000000    0.761440
 1784.000000    0.775673
 1794.000000    0.713399
 1804.000000    0.665731
 1814.000000    0.644003
 1824.000000    0.699056
 1834.000000    0.715637
 1844.000000    0.712959
 1854.000000    0.676411
 1864.000000    0.643275
 1874.000000    0.672690
 1884.000000    0.710748
 1894.000000    0.707382
 1904.000000    0.772893
 1914.000000    0.803579
 1924.000000    0.807253
 1934.000000    0.796017
