#  pixel_depth  alphabetafraction   >  Analysis of alpha beta fraction
   73.000000    0.889737
   83.000000    0.902981
   93.000000    0.896534
  103.000000    0.897188
  113.000000    0.878248
  123.000000    0.887918
  133.000000    0.859949
  143.000000    0.852954
  153.000000    0.867770
  163.000000    0.918611
  173.000000    0.899585
  183.000000    0.891951
  193.000000    0.860397
  203.000000    0.795601
  213.000000    0.777995
  223.000000    0.820173
  233.000000    0.805814
  243.000000    0.860150
  253.000000    0.875804
  263.000000    0.872687
  273.000000    0.835427
  283.000000    0.789981
  293.000000    0.814294
  303.000000    0.801254
  313.000000    0.806126
  323.000000    0.789170
  333.000000    0.820082
  343.000000    0.815642
  353.000000    0.815942
  363.000000    0.823667
  373.000000    0.811640
  383.000000    0.803396
  393.000000    0.801388
  403.000000    0.821214
  413.000000    0.848545
  423.000000    0.790726
  433.000000    0.788685
  443.000000    0.777175
  453.000000    0.746494
  463.000000    0.757434
  473.000000    0.753377
  483.000000    0.674712
  493.000000    0.690271
  503.000000    0.753115
  513.000000    0.798184
  523.000000    0.811740
  533.000000    0.808808
  543.000000    0.826976
  553.000000    0.790699
  563.000000    0.763281
  573.000000    0.698474
  583.000000    0.759886
  593.000000    0.767657
  603.000000    0.792248
  613.000000    0.816998
  623.000000    0.839681
  633.000000    0.820951
  643.000000    0.841336
  653.000000    0.854451
  663.000000    0.825526
  673.000000    0.845747
  683.000000    0.871842
  693.000000    0.875741
  703.000000    0.868383
  713.000000    0.825340
  723.000000    0.773101
  733.000000    0.795804
  743.000000    0.864439
  753.000000    0.884392
  763.000000    0.808189
  773.000000    0.753342
  783.000000    0.725622
  793.000000    0.686258
  803.000000    0.671644
  813.000000    0.647988
  823.000000    0.681991
  833.000000    0.753981
  843.000000    0.812802
  853.000000    0.827583
  863.000000    0.832013
  873.000000    0.869090
  883.000000    0.852483
  893.000000    0.820365
  903.000000    0.800141
  913.000000    0.792265
  923.000000    0.819834
  933.000000    0.824041
  943.000000    0.804058
  953.000000    0.752187
  963.000000    0.771398
  973.000000    0.793234
  983.000000    0.809281
  993.000000    0.815470
 1003.000000    0.831411
 1013.000000    0.837033
 1023.000000    0.796728
 1033.000000    0.743508
 1043.000000    0.696484
 1053.000000    0.687304
 1063.000000    0.692926
 1073.000000    0.726387
 1083.000000    0.704278
 1093.000000    0.667238
 1103.000000    0.701990
 1113.000000    0.746781
 1123.000000    0.786143
 1133.000000    0.767878
 1143.000000    0.726058
 1153.000000    0.700233
 1163.000000    0.769801
 1173.000000    0.814542
 1183.000000    0.798428
 1193.000000    0.768455
 1203.000000    0.789268
 1213.000000    0.779993
 1223.000000    0.735861
 1233.000000    0.702331
 1243.000000    0.695008
 1253.000000    0.765523
 1263.000000    0.775266
 1273.000000    0.804137
 1283.000000    0.849162
 1293.000000    0.879053
 1303.000000    0.881719
 1313.000000    0.878153
 1323.000000    0.836694
 1333.000000    0.858695
 1343.000000    0.848434
 1353.000000    0.832200
 1363.000000    0.783607
 1373.000000    0.779477
 1383.000000    0.793493
 1393.000000    0.837972
 1403.000000    0.847863
 1413.000000    0.818046
 1423.000000    0.775859
 1433.000000    0.725626
 1443.000000    0.732970
 1453.000000    0.729113
 1463.000000    0.818515
 1473.000000    0.841923
 1483.000000    0.877944
 1493.000000    0.892281
 1503.000000    0.854886
 1513.000000    0.778505
 1523.000000    0.725949
 1533.000000    0.724123
 1543.000000    0.751717
 1553.000000    0.771093
 1563.000000    0.769218
 1573.000000    0.782768
 1583.000000    0.805032
 1593.000000    0.848588
 1603.000000    0.867496
 1613.000000    0.847506
 1623.000000    0.761693
 1633.000000    0.739587
 1643.000000    0.781335
 1653.000000    0.814070
 1663.000000    0.832740
 1673.000000    0.855007
 1683.000000    0.865611
 1693.000000    0.866572
 1703.000000    0.852897
 1713.000000    0.806332
 1723.000000    0.705691
 1733.000000    0.769393
 1743.000000    0.786476
 1753.000000    0.754021
 1763.000000    0.720628
 1773.000000    0.701765
 1783.000000    0.697219
 1793.000000    0.742044
