#  pixel_depth  alphabetafraction   >  Analysis of alpha beta fraction
   44.000000    0.842511
   54.000000    0.820458
   64.000000    0.880209
   74.000000    0.855051
   84.000000    0.820205
   94.000000    0.784427
  104.000000    0.820013
  114.000000    0.876079
  124.000000    0.855925
  134.000000    0.813170
  144.000000    0.820584
  154.000000    0.815238
  164.000000    0.814490
  174.000000    0.814564
  184.000000    0.807352
  194.000000    0.782032
  204.000000    0.731530
  214.000000    0.788325
  224.000000    0.786224
  234.000000    0.762196
  244.000000    0.715958
  254.000000    0.704908
  264.000000    0.708267
  274.000000    0.722141
  284.000000    0.759022
  294.000000    0.794077
  304.000000    0.772346
  314.000000    0.736307
  324.000000    0.624551
  334.000000    0.627225
  344.000000    0.711358
  354.000000    0.738877
  364.000000    0.796021
  374.000000    0.831381
  384.000000    0.774099
  394.000000    0.765695
  404.000000    0.768373
  414.000000    0.833097
  424.000000    0.813958
  434.000000    0.835448
  444.000000    0.839860
  454.000000    0.798787
  464.000000    0.735692
  474.000000    0.667525
  484.000000    0.698758
  494.000000    0.776833
  504.000000    0.786001
  514.000000    0.797188
  524.000000    0.748680
  534.000000    0.752018
  544.000000    0.783204
  554.000000    0.767126
  564.000000    0.813543
  574.000000    0.769641
  584.000000    0.736887
  594.000000    0.729738
  604.000000    0.761379
  614.000000    0.778152
  624.000000    0.826840
  634.000000    0.827108
  644.000000    0.816730
  654.000000    0.797849
  664.000000    0.767134
  674.000000    0.715933
  684.000000    0.696309
  694.000000    0.655313
  704.000000    0.631042
  714.000000    0.695516
  724.000000    0.733629
  734.000000    0.759649
  744.000000    0.806336
  754.000000    0.785731
  764.000000    0.708710
  774.000000    0.689869
  784.000000    0.707212
  794.000000    0.719279
  804.000000    0.717141
  814.000000    0.748910
  824.000000    0.779480
  834.000000    0.789298
  844.000000    0.797993
  854.000000    0.764488
  864.000000    0.748615
  874.000000    0.742111
  884.000000    0.755846
  894.000000    0.764183
  904.000000    0.753312
  914.000000    0.722551
  924.000000    0.762242
  934.000000    0.763950
  944.000000    0.737493
  954.000000    0.753151
  964.000000    0.787412
  974.000000    0.831411
  984.000000    0.842723
  994.000000    0.824925
 1004.000000    0.849338
 1014.000000    0.820641
 1024.000000    0.765697
 1034.000000    0.721145
 1044.000000    0.737595
 1054.000000    0.759925
 1064.000000    0.733305
 1074.000000    0.714485
 1084.000000    0.735538
 1094.000000    0.744924
 1104.000000    0.738950
 1114.000000    0.739221
 1124.000000    0.718842
 1134.000000    0.715593
 1144.000000    0.721543
 1154.000000    0.811948
 1164.000000    0.749537
 1174.000000    0.762088
 1184.000000    0.783722
 1194.000000    0.787882
 1204.000000    0.717848
 1214.000000    0.730357
 1224.000000    0.740056
 1234.000000    0.728705
 1244.000000    0.693537
 1254.000000    0.699693
 1264.000000    0.803624
 1274.000000    0.845188
 1284.000000    0.844615
 1294.000000    0.828293
 1304.000000    0.802250
 1314.000000    0.755289
 1324.000000    0.740081
 1334.000000    0.734327
 1344.000000    0.749145
 1354.000000    0.735144
 1364.000000    0.748011
 1374.000000    0.757263
 1384.000000    0.757658
 1394.000000    0.807802
 1404.000000    0.805147
 1414.000000    0.786499
 1424.000000    0.740676
 1434.000000    0.765267
 1444.000000    0.780397
 1454.000000    0.781554
 1464.000000    0.773827
 1474.000000    0.757593
 1484.000000    0.805206
 1494.000000    0.754541
 1504.000000    0.749190
 1514.000000    0.681488
 1524.000000    0.719663
 1534.000000    0.714151
 1544.000000    0.777175
 1554.000000    0.751213
 1564.000000    0.770759
 1574.000000    0.749048
 1584.000000    0.808781
 1594.000000    0.851737
 1604.000000    0.804473
 1614.000000    0.804101
 1624.000000    0.827202
 1634.000000    0.814823
 1644.000000    0.770860
 1654.000000    0.774541
 1664.000000    0.744802
 1674.000000    0.776747
 1684.000000    0.821921
 1694.000000    0.762989
 1704.000000    0.700720
 1714.000000    0.743514
 1724.000000    0.739299
 1734.000000    0.738094
 1744.000000    0.704823
 1754.000000    0.762277
 1764.000000    0.786520
 1774.000000    0.761243
 1784.000000    0.784148
