#  pixel_depth  alphabetafraction   >  Analysis of alpha beta fraction
   69.000000    0.769322
   79.000000    0.765239
   89.000000    0.730895
   99.000000    0.631314
  109.000000    0.583211
  119.000000    0.673100
  129.000000    0.712942
  139.000000    0.786229
  149.000000    0.814571
  159.000000    0.806250
  169.000000    0.743204
  179.000000    0.775863
  189.000000    0.781857
  199.000000    0.759664
  209.000000    0.771851
  219.000000    0.788744
  229.000000    0.746569
  239.000000    0.749935
  249.000000    0.741678
  259.000000    0.726743
  269.000000    0.742866
  279.000000    0.703030
  289.000000    0.724769
  299.000000    0.746583
  309.000000    0.743762
  319.000000    0.755635
  329.000000    0.730285
  339.000000    0.718238
  349.000000    0.711465
  359.000000    0.702124
  369.000000    0.689306
  379.000000    0.682596
  389.000000    0.697033
  399.000000    0.692959
  409.000000    0.694052
  419.000000    0.762307
  429.000000    0.776076
  439.000000    0.787563
  449.000000    0.798771
  459.000000    0.766810
  469.000000    0.700298
  479.000000    0.737808
  489.000000    0.754008
  499.000000    0.769856
  509.000000    0.743535
  519.000000    0.739667
  529.000000    0.706537
  539.000000    0.719373
  549.000000    0.745221
  559.000000    0.718573
  569.000000    0.690106
  579.000000    0.681567
  589.000000    0.710038
  599.000000    0.738599
  609.000000    0.714364
  619.000000    0.704846
  629.000000    0.752190
  639.000000    0.795090
  649.000000    0.814122
  659.000000    0.814866
  669.000000    0.764729
  679.000000    0.708417
  689.000000    0.691498
  699.000000    0.696093
  709.000000    0.729131
  719.000000    0.703675
  729.000000    0.665791
  739.000000    0.662597
  749.000000    0.693953
  759.000000    0.746897
  769.000000    0.756691
  779.000000    0.773076
  789.000000    0.714861
  799.000000    0.689183
  809.000000    0.634602
  819.000000    0.614171
  829.000000    0.682193
  839.000000    0.773530
  849.000000    0.766489
  859.000000    0.763991
  869.000000    0.699336
  879.000000    0.709564
  889.000000    0.751905
  899.000000    0.766330
  909.000000    0.737166
  919.000000    0.725423
  929.000000    0.749283
  939.000000    0.760173
  949.000000    0.717119
  959.000000    0.693620
  969.000000    0.653772
  979.000000    0.666602
  989.000000    0.730542
  999.000000    0.717830
 1009.000000    0.652613
 1019.000000    0.643763
 1029.000000    0.696503
 1039.000000    0.717414
 1049.000000    0.696238
 1059.000000    0.711276
 1069.000000    0.730921
 1079.000000    0.762130
 1089.000000    0.819274
 1099.000000    0.806151
 1109.000000    0.756893
 1119.000000    0.734934
 1129.000000    0.699208
 1139.000000    0.674184
 1149.000000    0.688422
 1159.000000    0.722576
 1169.000000    0.752539
 1179.000000    0.696523
 1189.000000    0.720432
 1199.000000    0.695708
 1209.000000    0.716586
 1219.000000    0.724592
 1229.000000    0.735060
 1239.000000    0.741629
 1249.000000    0.703178
 1259.000000    0.657561
 1269.000000    0.630403
 1279.000000    0.617535
 1289.000000    0.616076
 1299.000000    0.650264
 1309.000000    0.712946
 1319.000000    0.666061
 1329.000000    0.689799
 1339.000000    0.708676
 1349.000000    0.721132
 1359.000000    0.733843
 1369.000000    0.737237
 1379.000000    0.713832
 1389.000000    0.688893
 1399.000000    0.733135
 1409.000000    0.728896
 1419.000000    0.728869
 1429.000000    0.736940
 1439.000000    0.721597
 1449.000000    0.713240
 1459.000000    0.704234
 1469.000000    0.707206
 1479.000000    0.707268
 1489.000000    0.738587
 1499.000000    0.715149
 1509.000000    0.743068
 1519.000000    0.679482
 1529.000000    0.656614
 1539.000000    0.667954
 1549.000000    0.675616
 1559.000000    0.670860
 1569.000000    0.687111
 1579.000000    0.677674
 1589.000000    0.678999
 1599.000000    0.703112
 1609.000000    0.773193
 1619.000000    0.796853
 1629.000000    0.774765
 1639.000000    0.737032
 1649.000000    0.715657
 1659.000000    0.710388
 1669.000000    0.669783
 1679.000000    0.717231
 1689.000000    0.682595
 1699.000000    0.685955
 1709.000000    0.696174
 1719.000000    0.691365
 1729.000000    0.729859
 1739.000000    0.756424
 1749.000000    0.740887
 1759.000000    0.789137
 1769.000000    0.766189
 1779.000000    0.752407
 1789.000000    0.771351
 1799.000000    0.770140
 1809.000000    0.689492
 1819.000000    0.696713
 1829.000000    0.688996
 1839.000000    0.639968
 1849.000000    0.604378
 1859.000000    0.660696
 1869.000000    0.709288
 1879.000000    0.689857
 1889.000000    0.691304
