#  pixel_depth  alphabetafraction   >  Analysis of alpha beta fraction
  293.000000    0.532115
  303.000000    0.519533
  313.000000    0.539287
  323.000000    0.548733
  333.000000    0.589224
  343.000000    0.639569
  353.000000    0.674930
  363.000000    0.663620
  373.000000    0.673393
  383.000000    0.709389
  393.000000    0.670695
  403.000000    0.632749
  413.000000    0.592237
  423.000000    0.639690
  433.000000    0.647196
  443.000000    0.662555
  453.000000    0.661053
  463.000000    0.633102
  473.000000    0.644232
  483.000000    0.646525
  493.000000    0.637619
  503.000000    0.648734
  513.000000    0.614007
  523.000000    0.627010
  533.000000    0.614646
  543.000000    0.616415
  553.000000    0.596131
  563.000000    0.626435
  573.000000    0.693766
  583.000000    0.686464
  593.000000    0.646429
  603.000000    0.664622
  613.000000    0.662330
  623.000000    0.685541
  633.000000    0.712634
  643.000000    0.778852
  653.000000    0.780702
  663.000000    0.761107
  673.000000    0.705166
  683.000000    0.671051
  693.000000    0.654531
  703.000000    0.633351
  713.000000    0.640887
  723.000000    0.614267
  733.000000    0.584915
  743.000000    0.626330
  753.000000    0.653847
  763.000000    0.635495
  773.000000    0.572818
  783.000000    0.538502
  793.000000    0.482966
  803.000000    0.468366
  813.000000    0.494323
  823.000000    0.501704
  833.000000    0.510418
  843.000000    0.479177
  853.000000    0.513715
  863.000000    0.607472
  873.000000    0.633130
  883.000000    0.681342
  893.000000    0.734451
  903.000000    0.768490
  913.000000    0.770568
  923.000000    0.743851
  933.000000    0.726305
  943.000000    0.697841
  953.000000    0.668351
  963.000000    0.606028
  973.000000    0.632504
  983.000000    0.683843
  993.000000    0.682239
 1003.000000    0.644551
 1013.000000    0.654430
 1023.000000    0.660102
 1033.000000    0.658321
 1043.000000    0.707012
 1053.000000    0.712555
 1063.000000    0.721649
 1073.000000    0.682433
 1083.000000    0.650096
 1093.000000    0.641688
 1103.000000    0.635842
 1113.000000    0.617231
 1123.000000    0.616308
 1133.000000    0.660400
 1143.000000    0.648781
 1153.000000    0.631031
 1163.000000    0.586878
 1173.000000    0.584858
 1183.000000    0.610073
 1193.000000    0.640737
 1203.000000    0.688237
 1213.000000    0.656185
 1223.000000    0.643002
 1233.000000    0.608043
 1243.000000    0.589764
 1253.000000    0.566558
 1263.000000    0.622330
 1273.000000    0.597868
 1283.000000    0.511461
 1293.000000    0.534115
 1303.000000    0.618431
 1313.000000    0.675837
 1323.000000    0.678488
 1333.000000    0.706056
 1343.000000    0.703152
 1353.000000    0.701007
 1363.000000    0.687858
 1373.000000    0.657513
 1383.000000    0.656472
 1393.000000    0.666167
 1403.000000    0.697769
 1413.000000    0.793876
 1423.000000    0.767722
 1433.000000    0.694494
 1443.000000    0.619461
 1453.000000    0.598419
 1463.000000    0.518415
 1473.000000    0.515133
 1483.000000    0.613820
 1493.000000    0.634991
 1503.000000    0.627216
 1513.000000    0.690622
 1523.000000    0.736040
 1533.000000    0.750043
 1543.000000    0.759794
 1553.000000    0.718469
 1563.000000    0.703028
 1573.000000    0.732149
 1583.000000    0.745700
 1593.000000    0.685809
 1603.000000    0.653437
 1613.000000    0.639573
 1623.000000    0.676700
 1633.000000    0.709779
 1643.000000    0.765541
 1653.000000    0.738233
 1663.000000    0.733745
 1673.000000    0.676304
 1683.000000    0.596532
 1693.000000    0.597042
 1703.000000    0.587745
 1713.000000    0.560863
 1723.000000    0.490008
 1733.000000    0.491796
 1743.000000    0.536173
 1753.000000    0.648295
 1763.000000    0.707076
 1773.000000    0.718144
 1783.000000    0.715156
 1793.000000    0.737465
 1803.000000    0.728212
 1813.000000    0.713249
 1823.000000    0.705821
 1833.000000    0.624957
 1843.000000    0.582646
 1853.000000    0.589370
 1863.000000    0.585271
 1873.000000    0.574232
 1883.000000    0.537335
