#  pixel_depth  alphabetafraction   >  Analysis of alpha beta fraction
  284.000000    0.731230
  294.000000    0.730131
  304.000000    0.736227
  314.000000    0.686864
  324.000000    0.661558
  334.000000    0.648146
  344.000000    0.593129
  354.000000    0.575722
  364.000000    0.558979
  374.000000    0.586380
  384.000000    0.581042
  394.000000    0.579954
  404.000000    0.564826
  414.000000    0.596494
  424.000000    0.628711
  434.000000    0.560906
  444.000000    0.621692
  454.000000    0.694137
  464.000000    0.671781
  474.000000    0.618640
  484.000000    0.620048
  494.000000    0.638373
  504.000000    0.660018
  514.000000    0.733501
  524.000000    0.771574
  534.000000    0.756555
  544.000000    0.800671
  554.000000    0.790673
  564.000000    0.787141
  574.000000    0.756965
  584.000000    0.714741
  594.000000    0.683152
  604.000000    0.689650
  614.000000    0.616410
  624.000000    0.567131
  634.000000    0.605551
  644.000000    0.646934
  654.000000    0.648505
  664.000000    0.661923
  674.000000    0.655796
  684.000000    0.677160
  694.000000    0.688633
  704.000000    0.683044
  714.000000    0.679811
  724.000000    0.700504
  734.000000    0.694319
  744.000000    0.645206
  754.000000    0.617270
  764.000000    0.649381
  774.000000    0.696862
  784.000000    0.716064
  794.000000    0.648368
  804.000000    0.624267
  814.000000    0.594572
  824.000000    0.571551
  834.000000    0.599124
  844.000000    0.670776
  854.000000    0.736803
  864.000000    0.736052
  874.000000    0.713836
  884.000000    0.697189
  894.000000    0.659967
  904.000000    0.604175
  914.000000    0.561828
  924.000000    0.608764
  934.000000    0.590439
  944.000000    0.591383
  954.000000    0.673039
  964.000000    0.740256
  974.000000    0.714346
  984.000000    0.733898
  994.000000    0.709238
 1004.000000    0.660483
 1014.000000    0.673974
 1024.000000    0.686045
 1034.000000    0.673808
 1044.000000    0.688413
 1054.000000    0.700023
 1064.000000    0.667768
 1074.000000    0.657068
 1084.000000    0.602599
 1094.000000    0.572013
 1104.000000    0.558582
 1114.000000    0.565178
 1124.000000    0.625150
 1134.000000    0.695335
 1144.000000    0.759481
 1154.000000    0.735646
 1164.000000    0.654441
 1174.000000    0.616829
 1184.000000    0.636354
 1194.000000    0.661444
 1204.000000    0.661801
 1214.000000    0.659872
 1224.000000    0.585698
 1234.000000    0.574567
 1244.000000    0.609287
 1254.000000    0.672860
 1264.000000    0.728817
 1274.000000    0.730035
 1284.000000    0.753653
 1294.000000    0.796015
 1304.000000    0.781283
 1314.000000    0.762470
 1324.000000    0.745842
 1334.000000    0.730889
 1344.000000    0.711100
 1354.000000    0.643558
 1364.000000    0.690576
 1374.000000    0.728185
 1384.000000    0.727566
 1394.000000    0.738329
 1404.000000    0.711999
 1414.000000    0.671287
 1424.000000    0.608051
 1434.000000    0.577197
 1444.000000    0.635765
 1454.000000    0.649053
 1464.000000    0.677996
 1474.000000    0.659953
 1484.000000    0.684219
 1494.000000    0.691309
 1504.000000    0.664289
 1514.000000    0.603340
 1524.000000    0.611511
 1534.000000    0.652128
 1544.000000    0.684883
 1554.000000    0.725876
 1564.000000    0.766502
 1574.000000    0.723598
 1584.000000    0.729896
 1594.000000    0.750941
 1604.000000    0.816731
 1614.000000    0.821362
 1624.000000    0.801203
 1634.000000    0.794356
 1644.000000    0.761482
 1654.000000    0.766083
 1664.000000    0.761510
 1674.000000    0.716420
 1684.000000    0.707099
 1694.000000    0.672001
 1704.000000    0.698598
 1714.000000    0.719613
 1724.000000    0.682323
 1734.000000    0.724592
 1744.000000    0.699110
 1754.000000    0.757400
 1764.000000    0.718360
 1774.000000    0.749394
 1784.000000    0.761973
 1794.000000    0.756020
 1804.000000    0.712216
 1814.000000    0.658170
 1824.000000    0.691365
 1834.000000    0.717795
 1844.000000    0.708172
 1854.000000    0.722790
 1864.000000    0.725479
 1874.000000    0.753435
 1884.000000    0.710512
 1894.000000    0.728621
 1904.000000    0.781737
 1914.000000    0.713230
 1924.000000    0.695297
 1934.000000    0.681787
