#  pixel_depth  alphabetafraction   >  Analysis of alpha beta fraction
   67.000000    0.702466
   77.000000    0.694245
   87.000000    0.689632
   97.000000    0.731477
  107.000000    0.735919
  117.000000    0.723905
  127.000000    0.739295
  137.000000    0.729807
  147.000000    0.735156
  157.000000    0.728547
  167.000000    0.780592
  177.000000    0.806613
  187.000000    0.755790
  197.000000    0.739249
  207.000000    0.721867
  217.000000    0.721341
  227.000000    0.742403
  237.000000    0.691669
  247.000000    0.658425
  257.000000    0.655426
  267.000000    0.725989
  277.000000    0.746290
  287.000000    0.730524
  297.000000    0.744961
  307.000000    0.714186
  317.000000    0.732184
  327.000000    0.750367
  337.000000    0.703773
  347.000000    0.735812
  357.000000    0.720535
  367.000000    0.739143
  377.000000    0.721268
  387.000000    0.739325
  397.000000    0.757642
  407.000000    0.769517
  417.000000    0.799953
  427.000000    0.770854
  437.000000    0.766681
  447.000000    0.737577
  457.000000    0.718589
  467.000000    0.704146
  477.000000    0.717068
  487.000000    0.755339
  497.000000    0.745362
  507.000000    0.705626
  517.000000    0.752850
  527.000000    0.772750
  537.000000    0.764281
  547.000000    0.779731
  557.000000    0.722119
  567.000000    0.650524
  577.000000    0.649525
  587.000000    0.646616
  597.000000    0.713896
  607.000000    0.721724
  617.000000    0.751413
  627.000000    0.761297
  637.000000    0.733984
  647.000000    0.708773
  657.000000    0.730458
  667.000000    0.782913
  677.000000    0.798981
  687.000000    0.745766
  697.000000    0.709273
  707.000000    0.763188
  717.000000    0.801629
  727.000000    0.798498
  737.000000    0.781065
  747.000000    0.786371
  757.000000    0.798266
  767.000000    0.816617
  777.000000    0.830561
  787.000000    0.831475
  797.000000    0.795768
  807.000000    0.776685
  817.000000    0.744354
  827.000000    0.746096
  837.000000    0.713828
  847.000000    0.706806
  857.000000    0.735133
  867.000000    0.723380
  877.000000    0.732422
  887.000000    0.716904
  897.000000    0.752625
  907.000000    0.834060
  917.000000    0.842601
  927.000000    0.783573
  937.000000    0.753657
  947.000000    0.773109
  957.000000    0.730996
  967.000000    0.763609
  977.000000    0.760111
  987.000000    0.759367
  997.000000    0.728167
 1007.000000    0.757139
 1017.000000    0.703443
 1027.000000    0.693575
 1037.000000    0.710120
 1047.000000    0.749854
 1057.000000    0.743210
 1067.000000    0.723170
 1077.000000    0.721468
 1087.000000    0.741206
 1097.000000    0.781821
 1107.000000    0.741787
 1117.000000    0.732329
 1127.000000    0.697059
 1137.000000    0.712559
 1147.000000    0.668965
 1157.000000    0.649146
 1167.000000    0.635296
 1177.000000    0.681230
 1187.000000    0.696959
 1197.000000    0.722306
 1207.000000    0.735218
 1217.000000    0.755869
 1227.000000    0.770370
 1237.000000    0.742151
 1247.000000    0.692095
 1257.000000    0.674668
 1267.000000    0.697952
 1277.000000    0.735579
 1287.000000    0.722892
 1297.000000    0.684013
 1307.000000    0.712768
 1317.000000    0.762956
 1327.000000    0.772011
 1337.000000    0.775175
 1347.000000    0.751104
 1357.000000    0.717889
 1367.000000    0.687981
 1377.000000    0.712777
 1387.000000    0.746650
 1397.000000    0.736446
 1407.000000    0.707145
 1417.000000    0.689827
 1427.000000    0.687378
 1437.000000    0.745496
 1447.000000    0.738985
 1457.000000    0.744595
 1467.000000    0.758860
 1477.000000    0.747767
 1487.000000    0.728830
 1497.000000    0.719769
 1507.000000    0.703113
 1517.000000    0.707915
 1527.000000    0.749137
 1537.000000    0.781542
 1547.000000    0.776964
 1557.000000    0.777711
 1567.000000    0.786807
 1577.000000    0.764734
 1587.000000    0.719025
 1597.000000    0.654254
 1607.000000    0.675834
 1617.000000    0.676388
 1627.000000    0.670830
 1637.000000    0.712583
 1647.000000    0.716644
 1657.000000    0.720827
 1667.000000    0.775607
 1677.000000    0.789735
 1687.000000    0.785798
 1697.000000    0.798420
 1707.000000    0.790769
 1717.000000    0.800281
 1727.000000    0.794983
 1737.000000    0.785023
 1747.000000    0.786045
 1757.000000    0.753861
 1767.000000    0.758278
 1777.000000    0.713540
 1787.000000    0.661173
 1797.000000    0.701305
 1807.000000    0.705414
 1817.000000    0.680665
 1827.000000    0.740284
 1837.000000    0.689648
 1847.000000    0.684959
 1857.000000    0.705430
 1867.000000    0.726499
 1877.000000    0.781712
 1887.000000    0.808000
