#  pixel_depth  alphabetafraction   >  Analysis of alpha beta fraction
   64.000000    0.745041
   74.000000    0.740339
   84.000000    0.768630
   94.000000    0.781331
  104.000000    0.781354
  114.000000    0.786947
  124.000000    0.741842
  134.000000    0.704015
  144.000000    0.630461
  154.000000    0.660294
  164.000000    0.688733
  174.000000    0.700842
  184.000000    0.706881
  194.000000    0.683672
  204.000000    0.748619
  214.000000    0.742329
  224.000000    0.719386
  234.000000    0.727883
  244.000000    0.717297
  254.000000    0.685510
  264.000000    0.636202
  274.000000    0.662176
  284.000000    0.708791
  294.000000    0.766737
  304.000000    0.816449
  314.000000    0.857396
  324.000000    0.807201
  334.000000    0.805354
  344.000000    0.800579
  354.000000    0.805788
  364.000000    0.852836
  374.000000    0.826243
  384.000000    0.809139
  394.000000    0.821974
  404.000000    0.799455
  414.000000    0.766317
  424.000000    0.721563
  434.000000    0.638627
  444.000000    0.670111
  454.000000    0.683148
  464.000000    0.734259
  474.000000    0.740757
  484.000000    0.693365
  494.000000    0.679591
  504.000000    0.709717
  514.000000    0.699275
  524.000000    0.678497
  534.000000    0.679987
  544.000000    0.671142
  554.000000    0.664487
  564.000000    0.703439
  574.000000    0.715355
  584.000000    0.728404
  594.000000    0.741742
  604.000000    0.725352
  614.000000    0.703019
  624.000000    0.690771
  634.000000    0.694576
  644.000000    0.730932
  654.000000    0.730602
  664.000000    0.708077
  674.000000    0.731762
  684.000000    0.724105
  694.000000    0.738564
  704.000000    0.738492
  714.000000    0.686284
  724.000000    0.665779
  734.000000    0.691818
  744.000000    0.683102
  754.000000    0.717598
  764.000000    0.722373
  774.000000    0.719846
  784.000000    0.753461
  794.000000    0.822742
  804.000000    0.851575
  814.000000    0.851628
  824.000000    0.798311
  834.000000    0.752301
  844.000000    0.742206
  854.000000    0.785003
  864.000000    0.772163
  874.000000    0.713108
  884.000000    0.671804
  894.000000    0.680451
  904.000000    0.654896
  914.000000    0.665844
  924.000000    0.679484
  934.000000    0.709155
  944.000000    0.656070
  954.000000    0.676979
  964.000000    0.717234
  974.000000    0.743195
  984.000000    0.761981
  994.000000    0.717585
 1004.000000    0.699725
 1014.000000    0.695212
 1024.000000    0.645598
 1034.000000    0.708176
 1044.000000    0.705114
 1054.000000    0.704373
 1064.000000    0.702660
 1074.000000    0.683080
 1084.000000    0.670232
 1094.000000    0.681823
 1104.000000    0.713355
 1114.000000    0.707129
 1124.000000    0.760112
 1134.000000    0.702094
 1144.000000    0.638142
 1154.000000    0.691784
 1164.000000    0.697990
 1174.000000    0.736748
 1184.000000    0.775949
 1194.000000    0.789502
 1204.000000    0.792342
 1214.000000    0.770993
 1224.000000    0.712031
 1234.000000    0.665108
 1244.000000    0.597950
 1254.000000    0.576373
 1264.000000    0.644638
 1274.000000    0.669572
 1284.000000    0.650565
 1294.000000    0.611212
 1304.000000    0.554380
 1314.000000    0.586009
 1324.000000    0.663167
 1334.000000    0.734945
 1344.000000    0.787465
 1354.000000    0.774069
 1364.000000    0.750984
 1374.000000    0.737592
 1384.000000    0.665182
 1394.000000    0.675781
 1404.000000    0.637147
 1414.000000    0.622528
 1424.000000    0.609195
 1434.000000    0.685311
 1444.000000    0.786665
 1454.000000    0.800193
 1464.000000    0.790561
 1474.000000    0.749355
 1484.000000    0.720956
 1494.000000    0.681409
 1504.000000    0.645258
 1514.000000    0.624837
 1524.000000    0.648258
 1534.000000    0.607473
 1544.000000    0.596056
 1554.000000    0.582464
 1564.000000    0.661145
 1574.000000    0.753111
 1584.000000    0.820084
 1594.000000    0.834577
 1604.000000    0.798406
 1614.000000    0.768688
 1624.000000    0.763708
 1634.000000    0.747993
 1644.000000    0.737289
 1654.000000    0.768589
 1664.000000    0.834684
 1674.000000    0.832192
 1684.000000    0.847688
 1694.000000    0.814546
 1704.000000    0.815807
 1714.000000    0.842259
 1724.000000    0.798914
 1734.000000    0.708516
 1744.000000    0.698634
 1754.000000    0.704140
 1764.000000    0.721840
 1774.000000    0.717940
 1784.000000    0.721807
 1794.000000    0.702757
 1804.000000    0.693910
 1814.000000    0.666555
 1824.000000    0.654137
 1834.000000    0.664931
 1844.000000    0.688608
 1854.000000    0.749689
 1864.000000    0.777128
