#  pixel_depth  alphabetafraction   >  Analysis of alpha beta fraction
   52.000000    0.727940
   62.000000    0.731012
   72.000000    0.733732
   82.000000    0.712440
   92.000000    0.702387
  102.000000    0.704425
  112.000000    0.743990
  122.000000    0.697857
  132.000000    0.686667
  142.000000    0.695962
  152.000000    0.700523
  162.000000    0.701059
  172.000000    0.755971
  182.000000    0.745703
  192.000000    0.776077
  202.000000    0.752532
  212.000000    0.729706
  222.000000    0.738692
  232.000000    0.750090
  242.000000    0.737346
  252.000000    0.700855
  262.000000    0.688602
  272.000000    0.710050
  282.000000    0.700219
  292.000000    0.727705
  302.000000    0.745711
  312.000000    0.717312
  322.000000    0.768375
  332.000000    0.793983
  342.000000    0.805138
  352.000000    0.749803
  362.000000    0.717823
  372.000000    0.667467
  382.000000    0.613798
  392.000000    0.668981
  402.000000    0.693874
  412.000000    0.763708
  422.000000    0.807061
  432.000000    0.827128
  442.000000    0.835919
  452.000000    0.828667
  462.000000    0.843960
  472.000000    0.780877
  482.000000    0.692851
  492.000000    0.658031
  502.000000    0.694389
  512.000000    0.734824
  522.000000    0.819717
  532.000000    0.833417
  542.000000    0.777498
  552.000000    0.766411
  562.000000    0.753155
  572.000000    0.722415
  582.000000    0.729775
  592.000000    0.737408
  602.000000    0.728489
  612.000000    0.715546
  622.000000    0.724185
  632.000000    0.689148
  642.000000    0.794978
  652.000000    0.835599
  662.000000    0.882873
  672.000000    0.862509
  682.000000    0.854199
  692.000000    0.767741
  702.000000    0.760583
  712.000000    0.736075
  722.000000    0.762904
  732.000000    0.721393
  742.000000    0.675343
  752.000000    0.675640
  762.000000    0.698624
  772.000000    0.746441
  782.000000    0.775421
  792.000000    0.780503
  802.000000    0.750646
  812.000000    0.759865
  822.000000    0.746524
  832.000000    0.766438
  842.000000    0.775150
  852.000000    0.786434
  862.000000    0.758670
  872.000000    0.776580
  882.000000    0.773965
  892.000000    0.764691
  902.000000    0.752671
  912.000000    0.747952
  922.000000    0.748107
  932.000000    0.771897
  942.000000    0.785798
  952.000000    0.742162
  962.000000    0.690007
  972.000000    0.683781
  982.000000    0.709136
  992.000000    0.747255
 1002.000000    0.727164
 1012.000000    0.786488
 1022.000000    0.795071
 1032.000000    0.820888
 1042.000000    0.846946
 1052.000000    0.824498
 1062.000000    0.762115
 1072.000000    0.697600
 1082.000000    0.701003
 1092.000000    0.700693
 1102.000000    0.712571
 1112.000000    0.685969
 1122.000000    0.692770
 1132.000000    0.711722
 1142.000000    0.696000
 1152.000000    0.707249
 1162.000000    0.718591
 1172.000000    0.684744
 1182.000000    0.707209
 1192.000000    0.741862
 1202.000000    0.759662
 1212.000000    0.782474
 1222.000000    0.851244
 1232.000000    0.804284
 1242.000000    0.766186
 1252.000000    0.724037
 1262.000000    0.688896
 1272.000000    0.696756
 1282.000000    0.720358
 1292.000000    0.726550
 1302.000000    0.688887
 1312.000000    0.732972
 1322.000000    0.772012
 1332.000000    0.757068
 1342.000000    0.792291
 1352.000000    0.811650
 1362.000000    0.764937
 1372.000000    0.755434
 1382.000000    0.716515
 1392.000000    0.752177
 1402.000000    0.814158
 1412.000000    0.844641
 1422.000000    0.817307
 1432.000000    0.783651
 1442.000000    0.766477
 1452.000000    0.731602
 1462.000000    0.712433
 1472.000000    0.743765
 1482.000000    0.730364
 1492.000000    0.728290
 1502.000000    0.773548
 1512.000000    0.845475
 1522.000000    0.854247
 1532.000000    0.839198
 1542.000000    0.813638
 1552.000000    0.820892
 1562.000000    0.761130
 1572.000000    0.753931
 1582.000000    0.735375
 1592.000000    0.774558
 1602.000000    0.815041
 1612.000000    0.808007
 1622.000000    0.783917
 1632.000000    0.820398
 1642.000000    0.822096
 1652.000000    0.773357
 1662.000000    0.728550
 1672.000000    0.743881
 1682.000000    0.768712
 1692.000000    0.775076
 1702.000000    0.781390
 1712.000000    0.795494
 1722.000000    0.740113
 1732.000000    0.765540
 1742.000000    0.733995
 1752.000000    0.760445
 1762.000000    0.735399
 1772.000000    0.735910
 1782.000000    0.747077
 1792.000000    0.764666
 1802.000000    0.755571
 1812.000000    0.773523
 1822.000000    0.758391
