#  pixel_depth  alphabetafraction   >  Analysis of alpha beta fraction
  263.000000    0.772532
  273.000000    0.716614
  283.000000    0.636948
  293.000000    0.625303
  303.000000    0.621726
  313.000000    0.619522
  323.000000    0.631734
  333.000000    0.645732
  343.000000    0.737456
  353.000000    0.728800
  363.000000    0.685850
  373.000000    0.651686
  383.000000    0.685710
  393.000000    0.709029
  403.000000    0.703535
  413.000000    0.669269
  423.000000    0.643167
  433.000000    0.661626
  443.000000    0.665197
  453.000000    0.681360
  463.000000    0.686427
  473.000000    0.676524
  483.000000    0.682384
  493.000000    0.643882
  503.000000    0.607735
  513.000000    0.630576
  523.000000    0.626017
  533.000000    0.664930
  543.000000    0.644376
  553.000000    0.697720
  563.000000    0.695985
  573.000000    0.720389
  583.000000    0.691540
  593.000000    0.700271
  603.000000    0.699172
  613.000000    0.676684
  623.000000    0.640814
  633.000000    0.634244
  643.000000    0.609815
  653.000000    0.632160
  663.000000    0.632331
  673.000000    0.643357
  683.000000    0.663476
  693.000000    0.648176
  703.000000    0.598635
  713.000000    0.589433
  723.000000    0.589131
  733.000000    0.590490
  743.000000    0.629930
  753.000000    0.701172
  763.000000    0.735957
  773.000000    0.703860
  783.000000    0.634666
  793.000000    0.575336
  803.000000    0.586789
  813.000000    0.571656
  823.000000    0.586991
  833.000000    0.617576
  843.000000    0.591402
  853.000000    0.622248
  863.000000    0.595906
  873.000000    0.542020
  883.000000    0.533805
  893.000000    0.571744
  903.000000    0.578479
  913.000000    0.533569
  923.000000    0.583819
  933.000000    0.630177
  943.000000    0.631703
  953.000000    0.593777
  963.000000    0.621051
  973.000000    0.597264
  983.000000    0.585824
  993.000000    0.534947
 1003.000000    0.588797
 1013.000000    0.590985
 1023.000000    0.597009
 1033.000000    0.621793
 1043.000000    0.659520
 1053.000000    0.661292
 1063.000000    0.625730
 1073.000000    0.606443
 1083.000000    0.596470
 1093.000000    0.616834
 1103.000000    0.602614
 1113.000000    0.568890
 1123.000000    0.588845
 1133.000000    0.609607
 1143.000000    0.627895
 1153.000000    0.596237
 1163.000000    0.569617
 1173.000000    0.611839
 1183.000000    0.618438
 1193.000000    0.627804
 1203.000000    0.599589
 1213.000000    0.609018
 1223.000000    0.629155
 1233.000000    0.702943
 1243.000000    0.706157
 1253.000000    0.670993
 1263.000000    0.667837
 1273.000000    0.639678
 1283.000000    0.598342
 1293.000000    0.629766
 1303.000000    0.678736
 1313.000000    0.692999
 1323.000000    0.766374
 1333.000000    0.754996
 1343.000000    0.770796
 1353.000000    0.759694
 1363.000000    0.719028
 1373.000000    0.663652
 1383.000000    0.656737
 1393.000000    0.692245
 1403.000000    0.710514
 1413.000000    0.718492
 1423.000000    0.738364
 1433.000000    0.706952
 1443.000000    0.740756
 1453.000000    0.727155
 1463.000000    0.743610
 1473.000000    0.680911
 1483.000000    0.635841
 1493.000000    0.693343
 1503.000000    0.663129
 1513.000000    0.630158
 1523.000000    0.649614
 1533.000000    0.667058
 1543.000000    0.651799
 1553.000000    0.627440
 1563.000000    0.632804
 1573.000000    0.672108
 1583.000000    0.702815
 1593.000000    0.746405
 1603.000000    0.721655
 1613.000000    0.671408
 1623.000000    0.620004
 1633.000000    0.622852
 1643.000000    0.627610
 1653.000000    0.634334
 1663.000000    0.679680
 1673.000000    0.761846
 1683.000000    0.789731
 1693.000000    0.750986
 1703.000000    0.700717
 1713.000000    0.705283
 1723.000000    0.639093
 1733.000000    0.639994
 1743.000000    0.675707
 1753.000000    0.750153
 1763.000000    0.739409
 1773.000000    0.709595
 1783.000000    0.697041
 1793.000000    0.679068
 1803.000000    0.630859
 1813.000000    0.643839
 1823.000000    0.655439
 1833.000000    0.656362
 1843.000000    0.691354
 1853.000000    0.643250
 1863.000000    0.596723
 1873.000000    0.589631
 1883.000000    0.627814
 1893.000000    0.616236
 1903.000000    0.698060
 1913.000000    0.741990
 1923.000000    0.752042
 1933.000000    0.734957
 1943.000000    0.708843
