#  pixel_depth  alphabetafraction   >  Analysis of alpha beta fraction
   50.000000    0.779788
   60.000000    0.788224
   70.000000    0.768840
   80.000000    0.799521
   90.000000    0.794272
  100.000000    0.722058
  110.000000    0.761106
  120.000000    0.698394
  130.000000    0.756844
  140.000000    0.821473
  150.000000    0.849282
  160.000000    0.816361
  170.000000    0.763094
  180.000000    0.767630
  190.000000    0.769266
  200.000000    0.779424
  210.000000    0.801813
  220.000000    0.790407
  230.000000    0.780403
  240.000000    0.776799
  250.000000    0.766073
  260.000000    0.785404
  270.000000    0.802559
  280.000000    0.806276
  290.000000    0.758055
  300.000000    0.726001
  310.000000    0.753429
  320.000000    0.739323
  330.000000    0.721285
  340.000000    0.738224
  350.000000    0.716072
  360.000000    0.737840
  370.000000    0.788184
  380.000000    0.813307
  390.000000    0.771207
  400.000000    0.776386
  410.000000    0.797257
  420.000000    0.782877
  430.000000    0.792923
  440.000000    0.799516
  450.000000    0.853446
  460.000000    0.844016
  470.000000    0.817688
  480.000000    0.784398
  490.000000    0.753286
  500.000000    0.753192
  510.000000    0.761734
  520.000000    0.803180
  530.000000    0.805934
  540.000000    0.735807
  550.000000    0.727602
  560.000000    0.738751
  570.000000    0.783390
  580.000000    0.750710
  590.000000    0.854825
  600.000000    0.827148
  610.000000    0.849044
  620.000000    0.804883
  630.000000    0.806409
  640.000000    0.739796
  650.000000    0.707463
  660.000000    0.701005
  670.000000    0.769918
  680.000000    0.851671
  690.000000    0.910410
  700.000000    0.884345
  710.000000    0.890901
  720.000000    0.869076
  730.000000    0.882767
  740.000000    0.857403
  750.000000    0.807018
  760.000000    0.799413
  770.000000    0.799837
  780.000000    0.804190
  790.000000    0.792820
  800.000000    0.801847
  810.000000    0.728852
  820.000000    0.704122
  830.000000    0.732682
  840.000000    0.785165
  850.000000    0.769272
  860.000000    0.777524
  870.000000    0.760779
  880.000000    0.783820
  890.000000    0.759627
  900.000000    0.752680
  910.000000    0.757275
  920.000000    0.744394
  930.000000    0.720157
  940.000000    0.763676
  950.000000    0.821158
  960.000000    0.853928
  970.000000    0.882245
  980.000000    0.880952
  990.000000    0.843353
 1000.000000    0.829310
 1010.000000    0.805155
 1020.000000    0.747815
 1030.000000    0.762378
 1040.000000    0.764542
 1050.000000    0.731208
 1060.000000    0.710489
 1070.000000    0.691967
 1080.000000    0.733752
 1090.000000    0.782103
 1100.000000    0.790880
 1110.000000    0.829831
 1120.000000    0.826236
 1130.000000    0.759150
 1140.000000    0.753583
 1150.000000    0.771760
 1160.000000    0.723865
 1170.000000    0.736888
 1180.000000    0.792750
 1190.000000    0.823553
 1200.000000    0.844261
 1210.000000    0.832247
 1220.000000    0.808780
 1230.000000    0.812823
 1240.000000    0.721483
 1250.000000    0.687214
 1260.000000    0.717278
 1270.000000    0.745699
 1280.000000    0.773995
 1290.000000    0.819229
 1300.000000    0.818325
 1310.000000    0.839895
 1320.000000    0.834018
 1330.000000    0.841333
 1340.000000    0.813338
 1350.000000    0.721900
 1360.000000    0.681028
 1370.000000    0.672881
 1380.000000    0.763653
 1390.000000    0.746314
 1400.000000    0.802247
 1410.000000    0.810909
 1420.000000    0.839558
 1430.000000    0.887208
 1440.000000    0.867538
 1450.000000    0.801320
 1460.000000    0.765462
 1470.000000    0.763139
 1480.000000    0.776610
 1490.000000    0.803950
 1500.000000    0.812388
 1510.000000    0.856774
 1520.000000    0.841444
 1530.000000    0.841444
 1540.000000    0.822150
 1550.000000    0.836659
 1560.000000    0.830258
 1570.000000    0.810280
 1580.000000    0.829813
 1590.000000    0.822358
 1600.000000    0.744180
 1610.000000    0.676724
 1620.000000    0.660426
 1630.000000    0.755382
 1640.000000    0.810364
 1650.000000    0.816869
 1660.000000    0.870746
 1670.000000    0.837130
 1680.000000    0.791690
 1690.000000    0.772951
 1700.000000    0.760768
 1710.000000    0.706293
 1720.000000    0.710809
 1730.000000    0.732085
 1740.000000    0.744060
 1750.000000    0.755399
 1760.000000    0.765619
