#  pixel_depth  alphabetafraction   >  Analysis of alpha beta fraction
  178.000000    0.649508
  188.000000    0.614583
  198.000000    0.564899
  208.000000    0.516477
  218.000000    0.500570
  228.000000    0.501735
  238.000000    0.533851
  248.000000    0.553920
  258.000000    0.635265
  268.000000    0.685310
  278.000000    0.710900
  288.000000    0.703025
  298.000000    0.667872
  308.000000    0.695884
  318.000000    0.611366
  328.000000    0.662372
  338.000000    0.674248
  348.000000    0.677555
  358.000000    0.688300
  368.000000    0.651630
  378.000000    0.633019
  388.000000    0.582426
  398.000000    0.565616
  408.000000    0.540969
  418.000000    0.633440
  428.000000    0.699141
  438.000000    0.690459
  448.000000    0.679251
  458.000000    0.671438
  468.000000    0.666726
  478.000000    0.671444
  488.000000    0.701449
  498.000000    0.691612
  508.000000    0.608150
  518.000000    0.641015
  528.000000    0.662473
  538.000000    0.634662
  548.000000    0.690268
  558.000000    0.719266
  568.000000    0.747059
  578.000000    0.738068
  588.000000    0.700766
  598.000000    0.669530
  608.000000    0.636957
  618.000000    0.606329
  628.000000    0.549589
  638.000000    0.549269
  648.000000    0.609918
  658.000000    0.607358
  668.000000    0.635190
  678.000000    0.714930
  688.000000    0.761446
  698.000000    0.739183
  708.000000    0.699836
  718.000000    0.656061
  728.000000    0.619733
  738.000000    0.645945
  748.000000    0.629211
  758.000000    0.601381
  768.000000    0.625817
  778.000000    0.658455
  788.000000    0.691299
  798.000000    0.732014
  808.000000    0.746099
  818.000000    0.727964
  828.000000    0.736803
  838.000000    0.737067
  848.000000    0.730765
  858.000000    0.736338
  868.000000    0.680222
  878.000000    0.646814
  888.000000    0.647503
  898.000000    0.658137
  908.000000    0.638529
  918.000000    0.655697
  928.000000    0.587499
  938.000000    0.645164
  948.000000    0.679093
  958.000000    0.700803
  968.000000    0.696405
  978.000000    0.705315
  988.000000    0.754589
  998.000000    0.769464
 1008.000000    0.746628
 1018.000000    0.678368
 1028.000000    0.682188
 1038.000000    0.610102
 1048.000000    0.599545
 1058.000000    0.586369
 1068.000000    0.564186
 1078.000000    0.563114
 1088.000000    0.620873
 1098.000000    0.667526
 1108.000000    0.669197
 1118.000000    0.714108
 1128.000000    0.705295
 1138.000000    0.689470
 1148.000000    0.677502
 1158.000000    0.640659
 1168.000000    0.611202
 1178.000000    0.569873
 1188.000000    0.615501
 1198.000000    0.665455
 1208.000000    0.646515
 1218.000000    0.624490
 1228.000000    0.651519
 1238.000000    0.664486
 1248.000000    0.688501
 1258.000000    0.717794
 1268.000000    0.750500
 1278.000000    0.777160
 1288.000000    0.753456
 1298.000000    0.751257
 1308.000000    0.726959
 1318.000000    0.686105
 1328.000000    0.678629
 1338.000000    0.645202
 1348.000000    0.653187
 1358.000000    0.658810
 1368.000000    0.693849
 1378.000000    0.687315
 1388.000000    0.708366
 1398.000000    0.742946
 1408.000000    0.753805
 1418.000000    0.727058
 1428.000000    0.742539
 1438.000000    0.684324
 1448.000000    0.650541
 1458.000000    0.661732
 1468.000000    0.710532
 1478.000000    0.722367
 1488.000000    0.725171
 1498.000000    0.710881
 1508.000000    0.702580
 1518.000000    0.737789
 1528.000000    0.743274
 1538.000000    0.724881
 1548.000000    0.744721
 1558.000000    0.676219
 1568.000000    0.653765
 1578.000000    0.618503
 1588.000000    0.637114
 1598.000000    0.686375
 1608.000000    0.723569
 1618.000000    0.737525
 1628.000000    0.737376
 1638.000000    0.713259
 1648.000000    0.681974
 1658.000000    0.728463
 1668.000000    0.701873
 1678.000000    0.679390
 1688.000000    0.665965
 1698.000000    0.661305
 1708.000000    0.612842
 1718.000000    0.642214
 1728.000000    0.702921
 1738.000000    0.700853
 1748.000000    0.742177
 1758.000000    0.733515
 1768.000000    0.724433
 1778.000000    0.706112
 1788.000000    0.726727
 1798.000000    0.694808
 1808.000000    0.712638
