#  pixel_depth  alphabetafraction   >  Analysis of alpha beta fraction
  266.000000    0.747756
  276.000000    0.724849
  286.000000    0.742670
  296.000000    0.724462
  306.000000    0.644444
  316.000000    0.653059
  326.000000    0.624351
  336.000000    0.664673
  346.000000    0.702079
  356.000000    0.652846
  366.000000    0.658507
  376.000000    0.604164
  386.000000    0.685604
  396.000000    0.743753
  406.000000    0.753274
  416.000000    0.760436
  426.000000    0.755880
  436.000000    0.738488
  446.000000    0.748054
  456.000000    0.788178
  466.000000    0.779946
  476.000000    0.831861
  486.000000    0.864340
  496.000000    0.838516
  506.000000    0.804185
  516.000000    0.785115
  526.000000    0.749073
  536.000000    0.710605
  546.000000    0.729338
  556.000000    0.727410
  566.000000    0.764257
  576.000000    0.759571
  586.000000    0.660175
  596.000000    0.644587
  606.000000    0.677668
  616.000000    0.706917
  626.000000    0.731030
  636.000000    0.775824
  646.000000    0.812398
  656.000000    0.791532
  666.000000    0.732742
  676.000000    0.635552
  686.000000    0.571564
  696.000000    0.477123
  706.000000    0.471801
  716.000000    0.547870
  726.000000    0.526077
  736.000000    0.509341
  746.000000    0.530309
  756.000000    0.604622
  766.000000    0.645125
  776.000000    0.681605
  786.000000    0.663926
  796.000000    0.652947
  806.000000    0.652001
  816.000000    0.642908
  826.000000    0.691523
  836.000000    0.684187
  846.000000    0.711852
  856.000000    0.725724
  866.000000    0.709554
  876.000000    0.717051
  886.000000    0.694712
  896.000000    0.671449
  906.000000    0.690534
  916.000000    0.651915
  926.000000    0.682861
  936.000000    0.732501
  946.000000    0.678528
  956.000000    0.596241
  966.000000    0.589795
  976.000000    0.632213
  986.000000    0.647418
  996.000000    0.710825
 1006.000000    0.709254
 1016.000000    0.724451
 1026.000000    0.733062
 1036.000000    0.726890
 1046.000000    0.687847
 1056.000000    0.619211
 1066.000000    0.572902
 1076.000000    0.615446
 1086.000000    0.608300
 1096.000000    0.576742
 1106.000000    0.692848
 1116.000000    0.724723
 1126.000000    0.672491
 1136.000000    0.714390
 1146.000000    0.737205
 1156.000000    0.710754
 1166.000000    0.669468
 1176.000000    0.628436
 1186.000000    0.622684
 1196.000000    0.626088
 1206.000000    0.649438
 1216.000000    0.627305
 1226.000000    0.601491
 1236.000000    0.627634
 1246.000000    0.646175
 1256.000000    0.678612
 1266.000000    0.669027
 1276.000000    0.681735
 1286.000000    0.675952
 1296.000000    0.666817
 1306.000000    0.682035
 1316.000000    0.703968
 1326.000000    0.745640
 1336.000000    0.774843
 1346.000000    0.741129
 1356.000000    0.775796
 1366.000000    0.767724
 1376.000000    0.723600
 1386.000000    0.694301
 1396.000000    0.670343
 1406.000000    0.677858
 1416.000000    0.680510
 1426.000000    0.745015
 1436.000000    0.728176
 1446.000000    0.637818
 1456.000000    0.588782
 1466.000000    0.580071
 1476.000000    0.561560
 1486.000000    0.582563
 1496.000000    0.677677
 1506.000000    0.728836
 1516.000000    0.780605
 1526.000000    0.804210
 1536.000000    0.799299
 1546.000000    0.756452
 1556.000000    0.708743
 1566.000000    0.622938
 1576.000000    0.700775
 1586.000000    0.692461
 1596.000000    0.661063
 1606.000000    0.667122
 1616.000000    0.705385
 1626.000000    0.679826
 1636.000000    0.623904
 1646.000000    0.571415
 1656.000000    0.561243
 1666.000000    0.551726
 1676.000000    0.570325
 1686.000000    0.623862
 1696.000000    0.647959
 1706.000000    0.680595
 1716.000000    0.674759
 1726.000000    0.687961
 1736.000000    0.678056
 1746.000000    0.645329
 1756.000000    0.654835
 1766.000000    0.669643
 1776.000000    0.679031
 1786.000000    0.643732
 1796.000000    0.658318
 1806.000000    0.664750
 1816.000000    0.637419
 1826.000000    0.615674
 1836.000000    0.594177
 1846.000000    0.560084
 1856.000000    0.612348
 1866.000000    0.736201
 1876.000000    0.809744
 1886.000000    0.804786
 1896.000000    0.776927
