#  pixel_depth  alphabetafraction   >  Analysis of alpha beta fraction
   84.000000    0.729912
   94.000000    0.681736
  104.000000    0.693319
  114.000000    0.736555
  124.000000    0.794571
  134.000000    0.768293
  144.000000    0.655979
  154.000000    0.609022
  164.000000    0.569110
  174.000000    0.512320
  184.000000    0.542269
  194.000000    0.554074
  204.000000    0.597398
  214.000000    0.600119
  224.000000    0.693230
  234.000000    0.765665
  244.000000    0.778991
  254.000000    0.803107
  264.000000    0.800869
  274.000000    0.758180
  284.000000    0.768504
  294.000000    0.756586
  304.000000    0.689260
  314.000000    0.752566
  324.000000    0.788300
  334.000000    0.810999
  344.000000    0.800669
  354.000000    0.774476
  364.000000    0.738452
  374.000000    0.652902
  384.000000    0.628749
  394.000000    0.651122
  404.000000    0.692728
  414.000000    0.694116
  424.000000    0.682754
  434.000000    0.624715
  444.000000    0.674286
  454.000000    0.735306
  464.000000    0.722121
  474.000000    0.661439
  484.000000    0.691387
  494.000000    0.702096
  504.000000    0.718055
  514.000000    0.716745
  524.000000    0.769695
  534.000000    0.762395
  544.000000    0.771131
  554.000000    0.781386
  564.000000    0.761161
  574.000000    0.745776
  584.000000    0.769736
  594.000000    0.788649
  604.000000    0.781401
  614.000000    0.802812
  624.000000    0.839965
  634.000000    0.831722
  644.000000    0.793736
  654.000000    0.720984
  664.000000    0.636476
  674.000000    0.648374
  684.000000    0.625909
  694.000000    0.645011
  704.000000    0.649842
  714.000000    0.694489
  724.000000    0.733635
  734.000000    0.724107
  744.000000    0.773187
  754.000000    0.794780
  764.000000    0.809335
  774.000000    0.799884
  784.000000    0.801522
  794.000000    0.751982
  804.000000    0.707185
  814.000000    0.704275
  824.000000    0.665613
  834.000000    0.665059
  844.000000    0.773968
  854.000000    0.765971
  864.000000    0.798909
  874.000000    0.818272
  884.000000    0.829045
  894.000000    0.774335
  904.000000    0.755673
  914.000000    0.737726
  924.000000    0.716512
  934.000000    0.652956
  944.000000    0.630572
  954.000000    0.640694
  964.000000    0.704606
  974.000000    0.702141
  984.000000    0.737740
  994.000000    0.739107
 1004.000000    0.727550
 1014.000000    0.700051
 1024.000000    0.700092
 1034.000000    0.724566
 1044.000000    0.734982
 1054.000000    0.666293
 1064.000000    0.681903
 1074.000000    0.704121
 1084.000000    0.719895
 1094.000000    0.729452
 1104.000000    0.751308
 1114.000000    0.757552
 1124.000000    0.717655
 1134.000000    0.716587
 1144.000000    0.682839
 1154.000000    0.613326
 1164.000000    0.636921
 1174.000000    0.637079
 1184.000000    0.703529
 1194.000000    0.728062
 1204.000000    0.769249
 1214.000000    0.785085
 1224.000000    0.790605
 1234.000000    0.752510
 1244.000000    0.753490
 1254.000000    0.785947
 1264.000000    0.796408
 1274.000000    0.734415
 1284.000000    0.711925
 1294.000000    0.679223
 1304.000000    0.687121
 1314.000000    0.678575
 1324.000000    0.695385
 1334.000000    0.687522
 1344.000000    0.728935
 1354.000000    0.720937
 1364.000000    0.668888
 1374.000000    0.728109
 1384.000000    0.806998
 1394.000000    0.829731
 1404.000000    0.804501
 1414.000000    0.780750
 1424.000000    0.774775
 1434.000000    0.762619
 1444.000000    0.732669
 1454.000000    0.688095
 1464.000000    0.682113
 1474.000000    0.635514
 1484.000000    0.631993
 1494.000000    0.659495
 1504.000000    0.781629
 1514.000000    0.839636
 1524.000000    0.847984
 1534.000000    0.845926
 1544.000000    0.845138
 1554.000000    0.822757
 1564.000000    0.749264
 1574.000000    0.748772
 1584.000000    0.735975
 1594.000000    0.709174
 1604.000000    0.663955
 1614.000000    0.723086
 1624.000000    0.702463
 1634.000000    0.692587
 1644.000000    0.712288
 1654.000000    0.655256
 1664.000000    0.706787
 1674.000000    0.781113
 1684.000000    0.804017
 1694.000000    0.789999
 1704.000000    0.777811
 1714.000000    0.762956
 1724.000000    0.793498
 1734.000000    0.825809
 1744.000000    0.778422
 1754.000000    0.755414
 1764.000000    0.732612
 1774.000000    0.714175
 1784.000000    0.748606
 1794.000000    0.759984
 1804.000000    0.784238
 1814.000000    0.775016
 1824.000000    0.695367
 1834.000000    0.637160
 1844.000000    0.623478
 1854.000000    0.636642
 1864.000000    0.557821
 1874.000000    0.523573
