#  pixel_depth  alphabetafraction   >  Analysis of alpha beta fraction
  181.000000    0.601795
  191.000000    0.557171
  201.000000    0.669493
  211.000000    0.753505
  221.000000    0.792695
  231.000000    0.843957
  241.000000    0.858688
  251.000000    0.790477
  261.000000    0.748673
  271.000000    0.725160
  281.000000    0.670684
  291.000000    0.647106
  301.000000    0.564188
  311.000000    0.588126
  321.000000    0.594987
  331.000000    0.659819
  341.000000    0.678021
  351.000000    0.677389
  361.000000    0.709364
  371.000000    0.689872
  381.000000    0.668049
  391.000000    0.643501
  401.000000    0.643974
  411.000000    0.599556
  421.000000    0.584338
  431.000000    0.565166
  441.000000    0.490044
  451.000000    0.519203
  461.000000    0.568854
  471.000000    0.590748
  481.000000    0.656237
  491.000000    0.710351
  501.000000    0.657666
  511.000000    0.657953
  521.000000    0.694693
  531.000000    0.701543
  541.000000    0.754265
  551.000000    0.725696
  561.000000    0.687095
  571.000000    0.607109
  581.000000    0.584295
  591.000000    0.620581
  601.000000    0.691127
  611.000000    0.729087
  621.000000    0.778005
  631.000000    0.785944
  641.000000    0.808949
  651.000000    0.740450
  661.000000    0.697804
  671.000000    0.695692
  681.000000    0.711982
  691.000000    0.746608
  701.000000    0.744682
  711.000000    0.733624
  721.000000    0.766984
  731.000000    0.767640
  741.000000    0.760776
  751.000000    0.752405
  761.000000    0.728327
  771.000000    0.691838
  781.000000    0.640952
  791.000000    0.581217
  801.000000    0.599226
  811.000000    0.605915
  821.000000    0.651297
  831.000000    0.694883
  841.000000    0.723797
  851.000000    0.711876
  861.000000    0.731799
  871.000000    0.696898
  881.000000    0.726090
  891.000000    0.726094
  901.000000    0.741781
  911.000000    0.755147
  921.000000    0.722863
  931.000000    0.678706
  941.000000    0.645321
  951.000000    0.666622
  961.000000    0.710360
  971.000000    0.732450
  981.000000    0.788241
  991.000000    0.805410
 1001.000000    0.786960
 1011.000000    0.744244
 1021.000000    0.746699
 1031.000000    0.782343
 1041.000000    0.744021
 1051.000000    0.688220
 1061.000000    0.598512
 1071.000000    0.614071
 1081.000000    0.628579
 1091.000000    0.614590
 1101.000000    0.673366
 1111.000000    0.745320
 1121.000000    0.738972
 1131.000000    0.719696
 1141.000000    0.691467
 1151.000000    0.700865
 1161.000000    0.766195
 1171.000000    0.822874
 1181.000000    0.814600
 1191.000000    0.805821
 1201.000000    0.807975
 1211.000000    0.758616
 1221.000000    0.769873
 1231.000000    0.749540
 1241.000000    0.699456
 1251.000000    0.642455
 1261.000000    0.538413
 1271.000000    0.509202
 1281.000000    0.518339
 1291.000000    0.543096
 1301.000000    0.551717
 1311.000000    0.583618
 1321.000000    0.646964
 1331.000000    0.669796
 1341.000000    0.676862
 1351.000000    0.626083
 1361.000000    0.644483
 1371.000000    0.661699
 1381.000000    0.656222
 1391.000000    0.660366
 1401.000000    0.672641
 1411.000000    0.672927
 1421.000000    0.667745
 1431.000000    0.730637
 1441.000000    0.730217
 1451.000000    0.730323
 1461.000000    0.694694
 1471.000000    0.680981
 1481.000000    0.688002
 1491.000000    0.655076
 1501.000000    0.592953
 1511.000000    0.609231
 1521.000000    0.650591
 1531.000000    0.664398
 1541.000000    0.690329
 1551.000000    0.737191
 1561.000000    0.784623
 1571.000000    0.762655
 1581.000000    0.761964
 1591.000000    0.771794
 1601.000000    0.701004
 1611.000000    0.694005
 1621.000000    0.741014
 1631.000000    0.717699
 1641.000000    0.663818
 1651.000000    0.647929
 1661.000000    0.688310
 1671.000000    0.644838
 1681.000000    0.703731
 1691.000000    0.695377
 1701.000000    0.653071
 1711.000000    0.582780
 1721.000000    0.619555
 1731.000000    0.623043
 1741.000000    0.613386
 1751.000000    0.626845
 1761.000000    0.648492
 1771.000000    0.704396
 1781.000000    0.709535
 1791.000000    0.753179
 1801.000000    0.758521
 1811.000000    0.713501
 1821.000000    0.658314
 1831.000000    0.627174
 1841.000000    0.607778
 1851.000000    0.624800
 1861.000000    0.670636
 1871.000000    0.722000
