#  pixel_depth  alphabetafraction   >  Analysis of alpha beta fraction
   70.000000    0.733313
   80.000000    0.778690
   90.000000    0.782932
  100.000000    0.765699
  110.000000    0.726034
  120.000000    0.616544
  130.000000    0.620917
  140.000000    0.684952
  150.000000    0.657913
  160.000000    0.661273
  170.000000    0.646984
  180.000000    0.689903
  190.000000    0.690654
  200.000000    0.734469
  210.000000    0.769901
  220.000000    0.734674
  230.000000    0.717607
  240.000000    0.751163
  250.000000    0.784949
  260.000000    0.724059
  270.000000    0.691412
  280.000000    0.691156
  290.000000    0.667999
  300.000000    0.712292
  310.000000    0.738668
  320.000000    0.737883
  330.000000    0.705909
  340.000000    0.646179
  350.000000    0.616309
  360.000000    0.618533
  370.000000    0.691317
  380.000000    0.767874
  390.000000    0.780730
  400.000000    0.741034
  410.000000    0.740286
  420.000000    0.845619
  430.000000    0.812487
  440.000000    0.759396
  450.000000    0.768212
  460.000000    0.701125
  470.000000    0.675267
  480.000000    0.705544
  490.000000    0.701089
  500.000000    0.682735
  510.000000    0.698145
  520.000000    0.753876
  530.000000    0.782066
  540.000000    0.789240
  550.000000    0.784849
  560.000000    0.720825
  570.000000    0.756974
  580.000000    0.819772
  590.000000    0.809707
  600.000000    0.773236
  610.000000    0.690166
  620.000000    0.627045
  630.000000    0.652939
  640.000000    0.725773
  650.000000    0.776043
  660.000000    0.729907
  670.000000    0.713599
  680.000000    0.722659
  690.000000    0.732456
  700.000000    0.685902
  710.000000    0.681582
  720.000000    0.701562
  730.000000    0.726303
  740.000000    0.692509
  750.000000    0.704943
  760.000000    0.734506
  770.000000    0.720372
  780.000000    0.716234
  790.000000    0.708999
  800.000000    0.690061
  810.000000    0.663602
  820.000000    0.660706
  830.000000    0.712068
  840.000000    0.749748
  850.000000    0.744968
  860.000000    0.721184
  870.000000    0.696412
  880.000000    0.714954
  890.000000    0.721629
  900.000000    0.732275
  910.000000    0.742623
  920.000000    0.673812
  930.000000    0.643755
  940.000000    0.636572
  950.000000    0.634821
  960.000000    0.626335
  970.000000    0.629470
  980.000000    0.711514
  990.000000    0.794599
 1000.000000    0.768615
 1010.000000    0.685614
 1020.000000    0.695849
 1030.000000    0.766721
 1040.000000    0.736087
 1050.000000    0.656590
 1060.000000    0.679939
 1070.000000    0.680427
 1080.000000    0.678174
 1090.000000    0.728795
 1100.000000    0.764025
 1110.000000    0.768195
 1120.000000    0.795916
 1130.000000    0.761254
 1140.000000    0.736423
 1150.000000    0.686623
 1160.000000    0.683946
 1170.000000    0.674086
 1180.000000    0.709193
 1190.000000    0.743144
 1200.000000    0.776507
 1210.000000    0.759747
 1220.000000    0.750643
 1230.000000    0.732888
 1240.000000    0.699866
 1250.000000    0.677367
 1260.000000    0.669994
 1270.000000    0.616361
 1280.000000    0.554313
 1290.000000    0.599503
 1300.000000    0.647229
 1310.000000    0.672567
 1320.000000    0.632771
 1330.000000    0.627752
 1340.000000    0.690508
 1350.000000    0.702546
 1360.000000    0.709273
 1370.000000    0.727373
 1380.000000    0.689796
 1390.000000    0.719064
 1400.000000    0.674671
 1410.000000    0.695702
 1420.000000    0.672608
 1430.000000    0.663872
 1440.000000    0.680405
 1450.000000    0.718438
 1460.000000    0.762103
 1470.000000    0.726212
 1480.000000    0.690652
 1490.000000    0.614780
 1500.000000    0.676323
 1510.000000    0.737786
 1520.000000    0.689765
 1530.000000    0.604075
 1540.000000    0.682578
 1550.000000    0.759305
 1560.000000    0.744314
 1570.000000    0.763226
 1580.000000    0.742744
 1590.000000    0.745564
 1600.000000    0.715415
 1610.000000    0.726860
 1620.000000    0.718961
 1630.000000    0.726103
 1640.000000    0.723596
 1650.000000    0.723475
 1660.000000    0.723748
 1670.000000    0.738212
 1680.000000    0.741366
 1690.000000    0.713505
 1700.000000    0.669435
