#  pixel_depth  alphabetafraction   >  Analysis of alpha beta fraction
   51.000000    0.896500
   61.000000    0.900052
   71.000000    0.900991
   81.000000    0.895865
   91.000000    0.882480
  101.000000    0.875278
  111.000000    0.856428
  121.000000    0.832837
  131.000000    0.832026
  141.000000    0.776616
  151.000000    0.709180
  161.000000    0.694351
  171.000000    0.754628
  181.000000    0.819909
  191.000000    0.809880
  201.000000    0.791895
  211.000000    0.811913
  221.000000    0.818494
  231.000000    0.801271
  241.000000    0.772106
  251.000000    0.702402
  261.000000    0.729071
  271.000000    0.785811
  281.000000    0.792927
  291.000000    0.787695
  301.000000    0.768928
  311.000000    0.778202
  321.000000    0.795233
  331.000000    0.786573
  341.000000    0.762589
  351.000000    0.768140
  361.000000    0.797568
  371.000000    0.777251
  381.000000    0.801137
  391.000000    0.766468
  401.000000    0.793450
  411.000000    0.763174
  421.000000    0.746485
  431.000000    0.728534
  441.000000    0.757505
  451.000000    0.772323
  461.000000    0.810807
  471.000000    0.802260
  481.000000    0.727674
  491.000000    0.745570
  501.000000    0.721055
  511.000000    0.715648
  521.000000    0.699810
  531.000000    0.715671
  541.000000    0.738368
  551.000000    0.713909
  561.000000    0.740158
  571.000000    0.688067
  581.000000    0.643574
  591.000000    0.687502
  601.000000    0.726422
  611.000000    0.756004
  621.000000    0.758403
  631.000000    0.794154
  641.000000    0.814358
  651.000000    0.846652
  661.000000    0.842180
  671.000000    0.838852
  681.000000    0.857098
  691.000000    0.872067
  701.000000    0.822505
  711.000000    0.786878
  721.000000    0.749966
  731.000000    0.774846
  741.000000    0.724400
  751.000000    0.731917
  761.000000    0.798562
  771.000000    0.762851
  781.000000    0.728324
  791.000000    0.722848
  801.000000    0.749396
  811.000000    0.736768
  821.000000    0.750383
  831.000000    0.738401
  841.000000    0.705146
  851.000000    0.724544
  861.000000    0.757740
  871.000000    0.737326
  881.000000    0.714407
  891.000000    0.701822
  901.000000    0.720015
  911.000000    0.724877
  921.000000    0.728145
  931.000000    0.735691
  941.000000    0.701938
  951.000000    0.683380
  961.000000    0.692947
  971.000000    0.705703
  981.000000    0.736312
  991.000000    0.776605
 1001.000000    0.798909
 1011.000000    0.818955
 1021.000000    0.819884
 1031.000000    0.833264
 1041.000000    0.832212
 1051.000000    0.881053
 1061.000000    0.892348
 1071.000000    0.882528
 1081.000000    0.824190
 1091.000000    0.776480
 1101.000000    0.723966
 1111.000000    0.756320
 1121.000000    0.801348
 1131.000000    0.789431
 1141.000000    0.751944
 1151.000000    0.702977
 1161.000000    0.733203
 1171.000000    0.730977
 1181.000000    0.691296
 1191.000000    0.700450
 1201.000000    0.675632
 1211.000000    0.696868
 1221.000000    0.743817
 1231.000000    0.781065
 1241.000000    0.804371
 1251.000000    0.782905
 1261.000000    0.719775
 1271.000000    0.768809
 1281.000000    0.814937
 1291.000000    0.816711
 1301.000000    0.846317
 1311.000000    0.836826
 1321.000000    0.857581
 1331.000000    0.861684
 1341.000000    0.802396
 1351.000000    0.804591
 1361.000000    0.794821
 1371.000000    0.792494
 1381.000000    0.753822
 1391.000000    0.767700
 1401.000000    0.740732
 1411.000000    0.745440
 1421.000000    0.700545
 1431.000000    0.665033
 1441.000000    0.704337
 1451.000000    0.716526
 1461.000000    0.775403
 1471.000000    0.778604
 1481.000000    0.782407
 1491.000000    0.799512
 1501.000000    0.820143
 1511.000000    0.824307
 1521.000000    0.798437
 1531.000000    0.769636
 1541.000000    0.736015
 1551.000000    0.762775
 1561.000000    0.802766
 1571.000000    0.781809
 1581.000000    0.778418
 1591.000000    0.718519
 1601.000000    0.687357
 1611.000000    0.621842
 1621.000000    0.607576
 1631.000000    0.609803
 1641.000000    0.599528
 1651.000000    0.657677
 1661.000000    0.698221
 1671.000000    0.729888
 1681.000000    0.775994
 1691.000000    0.761211
 1701.000000    0.769588
 1711.000000    0.807596
 1721.000000    0.820770
 1731.000000    0.791885
 1741.000000    0.760799
 1751.000000    0.745438
 1761.000000    0.745317
 1771.000000    0.723312
 1781.000000    0.754691
 1791.000000    0.717331
 1801.000000    0.739765
 1811.000000    0.765326
 1821.000000    0.708633
 1831.000000    0.745266
 1841.000000    0.717349
