#  pixel_depth  alphabetafraction   >  Analysis of alpha beta fraction
   71.000000    0.915839
   81.000000    0.879112
   91.000000    0.866783
  101.000000    0.866934
  111.000000    0.849731
  121.000000    0.800319
  131.000000    0.791313
  141.000000    0.840272
  151.000000    0.859878
  161.000000    0.862664
  171.000000    0.886627
  181.000000    0.887534
  191.000000    0.854087
  201.000000    0.801352
  211.000000    0.818778
  221.000000    0.796723
  231.000000    0.783146
  241.000000    0.774817
  251.000000    0.767218
  261.000000    0.775891
  271.000000    0.803157
  281.000000    0.890320
  291.000000    0.905428
  301.000000    0.912549
  311.000000    0.939174
  321.000000    0.913932
  331.000000    0.805228
  341.000000    0.788494
  351.000000    0.797787
  361.000000    0.850650
  371.000000    0.873888
  381.000000    0.831293
  391.000000    0.791696
  401.000000    0.776942
  411.000000    0.756674
  421.000000    0.737185
  431.000000    0.757665
  441.000000    0.783874
  451.000000    0.776154
  461.000000    0.740741
  471.000000    0.780227
  481.000000    0.859107
  491.000000    0.851759
  501.000000    0.836372
  511.000000    0.747174
  521.000000    0.777103
  531.000000    0.803141
  541.000000    0.820008
  551.000000    0.839086
  561.000000    0.807056
  571.000000    0.863220
  581.000000    0.838690
  591.000000    0.791577
  601.000000    0.755107
  611.000000    0.774148
  621.000000    0.777391
  631.000000    0.777589
  641.000000    0.724602
  651.000000    0.736721
  661.000000    0.754568
  671.000000    0.789293
  681.000000    0.755352
  691.000000    0.741114
  701.000000    0.714166
  711.000000    0.730407
  721.000000    0.765531
  731.000000    0.810943
  741.000000    0.827617
  751.000000    0.846368
  761.000000    0.827295
  771.000000    0.815382
  781.000000    0.781971
  791.000000    0.749188
  801.000000    0.804204
  811.000000    0.795975
  821.000000    0.792101
  831.000000    0.779680
  841.000000    0.812654
  851.000000    0.816739
  861.000000    0.810852
  871.000000    0.802829
  881.000000    0.769336
  891.000000    0.698048
  901.000000    0.690561
  911.000000    0.782452
  921.000000    0.835673
  931.000000    0.818659
  941.000000    0.795563
  951.000000    0.766260
  961.000000    0.808264
  971.000000    0.795733
  981.000000    0.768110
  991.000000    0.832695
 1001.000000    0.809378
 1011.000000    0.813315
 1021.000000    0.803292
 1031.000000    0.796368
 1041.000000    0.765185
 1051.000000    0.736701
 1061.000000    0.745307
 1071.000000    0.770627
 1081.000000    0.805465
 1091.000000    0.861007
 1101.000000    0.833643
 1111.000000    0.808409
 1121.000000    0.781821
 1131.000000    0.725755
 1141.000000    0.689495
 1151.000000    0.675583
 1161.000000    0.658402
 1171.000000    0.716156
 1181.000000    0.711770
 1191.000000    0.762639
 1201.000000    0.823760
 1211.000000    0.824778
 1221.000000    0.853824
 1231.000000    0.780211
 1241.000000    0.739639
 1251.000000    0.766418
 1261.000000    0.761983
 1271.000000    0.794473
 1281.000000    0.789186
 1291.000000    0.793268
 1301.000000    0.801953
 1311.000000    0.771347
 1321.000000    0.718353
 1331.000000    0.699458
 1341.000000    0.686571
 1351.000000    0.692464
 1361.000000    0.734231
 1371.000000    0.779985
 1381.000000    0.848886
 1391.000000    0.878489
 1401.000000    0.881903
 1411.000000    0.853078
 1421.000000    0.814323
 1431.000000    0.713135
 1441.000000    0.673593
 1451.000000    0.661403
 1461.000000    0.766922
 1471.000000    0.771683
 1481.000000    0.813230
 1491.000000    0.793838
 1501.000000    0.837577
 1511.000000    0.796463
 1521.000000    0.792099
 1531.000000    0.790327
 1541.000000    0.731876
 1551.000000    0.789412
 1561.000000    0.798938
 1571.000000    0.805420
 1581.000000    0.773573
 1591.000000    0.790904
 1601.000000    0.831304
 1611.000000    0.833279
 1621.000000    0.848528
 1631.000000    0.865330
 1641.000000    0.843251
 1651.000000    0.795485
 1661.000000    0.734074
 1671.000000    0.701504
 1681.000000    0.712898
 1691.000000    0.787048
 1701.000000    0.828700
 1711.000000    0.810524
 1721.000000    0.761057
 1731.000000    0.758607
