#  pixel_depth  alphabetafraction   >  Analysis of alpha beta fraction
   10.000000    0.782049
   20.000000    0.738085
   30.000000    0.743689
   40.000000    0.862522
   50.000000    0.894234
   60.000000    0.894032
   70.000000    0.884267
   80.000000    0.861286
   90.000000    0.874633
  100.000000    0.841346
  110.000000    0.816847
  120.000000    0.844397
  130.000000    0.800758
  140.000000    0.793879
  150.000000    0.712003
  160.000000    0.728248
  170.000000    0.795302
  180.000000    0.813756
  190.000000    0.809159
  200.000000    0.815408
  210.000000    0.785603
  220.000000    0.786772
  230.000000    0.733738
  240.000000    0.724736
  250.000000    0.722498
  260.000000    0.744560
  270.000000    0.736200
  280.000000    0.794464
  290.000000    0.820467
  300.000000    0.838329
  310.000000    0.860299
  320.000000    0.855455
  330.000000    0.816139
  340.000000    0.771690
  350.000000    0.762855
  360.000000    0.800399
  370.000000    0.781021
  380.000000    0.773727
  390.000000    0.802576
  400.000000    0.832428
  410.000000    0.808299
  420.000000    0.778862
  430.000000    0.748118
  440.000000    0.737375
  450.000000    0.723933
  460.000000    0.819815
  470.000000    0.851942
  480.000000    0.843007
  490.000000    0.809583
  500.000000    0.787867
  510.000000    0.762380
  520.000000    0.757932
  530.000000    0.709642
  540.000000    0.789397
  550.000000    0.849611
  560.000000    0.824754
  570.000000    0.813174
  580.000000    0.789259
  590.000000    0.727737
  600.000000    0.713714
  610.000000    0.738371
  620.000000    0.757513
  630.000000    0.803437
  640.000000    0.776081
  650.000000    0.775037
  660.000000    0.769193
  670.000000    0.791803
  680.000000    0.777202
  690.000000    0.747840
  700.000000    0.736158
  710.000000    0.783062
  720.000000    0.775421
  730.000000    0.816279
  740.000000    0.827263
  750.000000    0.808330
  760.000000    0.754914
  770.000000    0.792902
  780.000000    0.836772
  790.000000    0.839742
  800.000000    0.803687
  810.000000    0.769473
  820.000000    0.739722
  830.000000    0.720436
  840.000000    0.781872
  850.000000    0.759425
  860.000000    0.754057
  870.000000    0.754057
  880.000000    0.785605
  890.000000    0.813048
  900.000000    0.836178
  910.000000    0.853034
  920.000000    0.867471
  930.000000    0.819102
  940.000000    0.778618
  950.000000    0.774982
  960.000000    0.748916
  970.000000    0.778355
  980.000000    0.785217
  990.000000    0.788505
 1000.000000    0.775463
 1010.000000    0.775140
 1020.000000    0.786470
 1030.000000    0.817611
 1040.000000    0.803487
 1050.000000    0.831506
 1060.000000    0.819674
 1070.000000    0.847787
 1080.000000    0.817693
 1090.000000    0.812163
 1100.000000    0.778032
 1110.000000    0.745906
 1120.000000    0.742681
 1130.000000    0.796969
 1140.000000    0.868212
 1150.000000    0.853043
 1160.000000    0.821773
 1170.000000    0.799741
 1180.000000    0.785123
 1190.000000    0.766061
 1200.000000    0.807642
 1210.000000    0.781701
 1220.000000    0.789005
 1230.000000    0.768124
 1240.000000    0.756602
 1250.000000    0.765052
 1260.000000    0.761102
 1270.000000    0.722756
 1280.000000    0.725513
 1290.000000    0.793548
