#  pixel_depth  alphabetafraction   >  Analysis of alpha beta fraction
  204.000000    0.680212
  214.000000    0.700720
  224.000000    0.705312
  234.000000    0.709597
  244.000000    0.700323
  254.000000    0.737559
  264.000000    0.791405
  274.000000    0.753717
  284.000000    0.735494
  294.000000    0.762890
  304.000000    0.780581
  314.000000    0.633089
  324.000000    0.594851
  334.000000    0.667674
  344.000000    0.701331
  354.000000    0.765939
  364.000000    0.779302
  374.000000    0.749804
  384.000000    0.652954
  394.000000    0.618301
  404.000000    0.590801
  414.000000    0.639371
  424.000000    0.693867
  434.000000    0.683262
  444.000000    0.643398
  454.000000    0.655250
  464.000000    0.647107
  474.000000    0.647778
  484.000000    0.680302
  494.000000    0.619455
  504.000000    0.598340
  514.000000    0.583928
  524.000000    0.566494
  534.000000    0.582381
  544.000000    0.651747
  554.000000    0.708583
  564.000000    0.770714
  574.000000    0.779343
  584.000000    0.738419
  594.000000    0.738206
  604.000000    0.704162
  614.000000    0.595875
  624.000000    0.598501
  634.000000    0.635676
  644.000000    0.654930
  654.000000    0.701593
  664.000000    0.684260
  674.000000    0.692506
  684.000000    0.684425
  694.000000    0.629540
  704.000000    0.593822
  714.000000    0.648051
  724.000000    0.689736
  734.000000    0.675879
  744.000000    0.726852
  754.000000    0.702224
  764.000000    0.732802
  774.000000    0.730231
  784.000000    0.721205
  794.000000    0.706242
  804.000000    0.634074
  814.000000    0.569785
  824.000000    0.545952
  834.000000    0.611926
  844.000000    0.663193
  854.000000    0.674729
  864.000000    0.693735
  874.000000    0.682331
  884.000000    0.631507
  894.000000    0.614381
  904.000000    0.618271
  914.000000    0.600237
  924.000000    0.615040
  934.000000    0.648222
  944.000000    0.628699
  954.000000    0.695022
  964.000000    0.704470
  974.000000    0.666895
  984.000000    0.674869
  994.000000    0.686897
 1004.000000    0.700462
 1014.000000    0.684353
 1024.000000    0.713185
 1034.000000    0.747261
 1044.000000    0.779564
 1054.000000    0.722052
 1064.000000    0.703701
 1074.000000    0.670446
 1084.000000    0.665877
 1094.000000    0.621348
 1104.000000    0.692101
 1114.000000    0.704891
 1124.000000    0.685499
 1134.000000    0.657768
 1144.000000    0.618960
 1154.000000    0.679194
 1164.000000    0.679623
 1174.000000    0.684476
 1184.000000    0.665842
 1194.000000    0.671067
 1204.000000    0.678205
 1214.000000    0.696117
 1224.000000    0.639794
 1234.000000    0.610611
 1244.000000    0.602139
 1254.000000    0.641678
 1264.000000    0.693196
 1274.000000    0.686999
 1284.000000    0.725441
 1294.000000    0.719194
 1304.000000    0.709945
 1314.000000    0.714572
 1324.000000    0.700226
 1334.000000    0.683190
 1344.000000    0.663024
 1354.000000    0.643409
 1364.000000    0.593931
 1374.000000    0.564020
 1384.000000    0.569865
 1394.000000    0.610390
 1404.000000    0.680196
 1414.000000    0.691799
 1424.000000    0.701742
 1434.000000    0.737127
 1444.000000    0.758009
 1454.000000    0.762667
 1464.000000    0.722459
 1474.000000    0.732180
 1484.000000    0.730643
 1494.000000    0.698747
 1504.000000    0.735095
 1514.000000    0.752086
 1524.000000    0.741850
 1534.000000    0.759128
 1544.000000    0.768234
 1554.000000    0.747481
 1564.000000    0.751385
 1574.000000    0.659886
 1584.000000    0.683690
 1594.000000    0.703762
 1604.000000    0.694387
 1614.000000    0.729633
 1624.000000    0.733048
 1634.000000    0.678517
 1644.000000    0.668668
 1654.000000    0.664301
 1664.000000    0.649732
 1674.000000    0.642493
 1684.000000    0.660975
 1694.000000    0.662338
 1704.000000    0.686903
 1714.000000    0.703862
 1724.000000    0.744223
 1734.000000    0.721529
 1744.000000    0.702502
 1754.000000    0.707692
 1764.000000    0.739864
 1774.000000    0.719113
 1784.000000    0.734211
 1794.000000    0.696751
 1804.000000    0.694411
 1814.000000    0.695615
 1824.000000    0.722121
 1834.000000    0.733770
 1844.000000    0.762590
 1854.000000    0.714813
 1864.000000    0.706108
 1874.000000    0.687009
 1884.000000    0.693976
 1894.000000    0.736668
 1904.000000    0.717642
 1914.000000    0.671230
 1924.000000    0.610817
 1934.000000    0.632088
