#  pixel_depth  alphabetafraction   >  Analysis of alpha beta fraction
  147.000000    0.841683
  157.000000    0.864158
  167.000000    0.869221
  177.000000    0.859528
  187.000000    0.841087
  197.000000    0.793441
  207.000000    0.800435
  217.000000    0.825655
  227.000000    0.826733
  237.000000    0.852510
  247.000000    0.863874
  257.000000    0.880086
  267.000000    0.875991
  277.000000    0.850877
  287.000000    0.799671
  297.000000    0.838223
  307.000000    0.869937
  317.000000    0.868928
  327.000000    0.851232
  337.000000    0.862283
  347.000000    0.847282
  357.000000    0.799714
  367.000000    0.795892
  377.000000    0.792635
  387.000000    0.799052
  397.000000    0.813319
  407.000000    0.855422
  417.000000    0.815880
  427.000000    0.805087
  437.000000    0.793466
  447.000000    0.784978
  457.000000    0.804084
  467.000000    0.838471
  477.000000    0.858537
  487.000000    0.834927
  497.000000    0.867422
  507.000000    0.839997
  517.000000    0.799208
  527.000000    0.779367
  537.000000    0.794031
  547.000000    0.794266
  557.000000    0.817562
  567.000000    0.835230
  577.000000    0.843209
  587.000000    0.850756
  597.000000    0.842233
  607.000000    0.841881
  617.000000    0.769401
  627.000000    0.747481
  637.000000    0.785140
  647.000000    0.785387
  657.000000    0.804900
  667.000000    0.841972
  677.000000    0.879280
  687.000000    0.919527
  697.000000    0.903676
  707.000000    0.879321
  717.000000    0.842325
  727.000000    0.811721
  737.000000    0.827270
  747.000000    0.819037
  757.000000    0.846867
  767.000000    0.827462
  777.000000    0.788961
  787.000000    0.775071
  797.000000    0.721640
  807.000000    0.770415
  817.000000    0.796313
  827.000000    0.866355
  837.000000    0.904807
  847.000000    0.852701
  857.000000    0.818268
  867.000000    0.825728
  877.000000    0.824446
  887.000000    0.810272
  897.000000    0.790535
  907.000000    0.725467
  917.000000    0.713504
  927.000000    0.742574
  937.000000    0.780753
  947.000000    0.820776
  957.000000    0.848852
  967.000000    0.869258
  977.000000    0.859333
  987.000000    0.857074
  997.000000    0.807439
 1007.000000    0.792596
 1017.000000    0.780407
 1027.000000    0.797436
 1037.000000    0.809203
 1047.000000    0.830139
 1057.000000    0.804079
 1067.000000    0.786218
 1077.000000    0.780679
 1087.000000    0.772479
 1097.000000    0.802209
 1107.000000    0.827347
 1117.000000    0.848241
 1127.000000    0.844319
 1137.000000    0.806942
 1147.000000    0.785442
 1157.000000    0.766525
 1167.000000    0.855495
 1177.000000    0.860955
 1187.000000    0.817563
 1197.000000    0.827124
 1207.000000    0.831146
 1217.000000    0.847915
 1227.000000    0.831014
 1237.000000    0.846575
 1247.000000    0.880222
 1257.000000    0.905893
 1267.000000    0.895401
 1277.000000    0.877509
 1287.000000    0.825189
 1297.000000    0.836298
 1307.000000    0.831344
 1317.000000    0.815346
 1327.000000    0.818357
 1337.000000    0.820484
 1347.000000    0.867313
 1357.000000    0.877554
 1367.000000    0.871882
 1377.000000    0.851321
 1387.000000    0.847527
 1397.000000    0.860014
 1407.000000    0.831380
 1417.000000    0.795612
 1427.000000    0.793243
 1437.000000    0.832339
 1447.000000    0.870233
 1457.000000    0.862934
 1467.000000    0.855826
 1477.000000    0.860515
 1487.000000    0.817588
 1497.000000    0.786835
 1507.000000    0.809140
 1517.000000    0.836287
 1527.000000    0.820366
 1537.000000    0.830024
 1547.000000    0.871594
 1557.000000    0.877563
 1567.000000    0.863934
 1577.000000    0.864648
 1587.000000    0.791375
 1597.000000    0.733866
 1607.000000    0.727225
 1617.000000    0.800206
 1627.000000    0.847169
 1637.000000    0.846078
 1647.000000    0.838535
 1657.000000    0.801541
 1667.000000    0.816235
 1677.000000    0.800330
 1687.000000    0.824671
 1697.000000    0.847500
 1707.000000    0.855270
 1717.000000    0.860962
 1727.000000    0.870834
 1737.000000    0.863138
 1747.000000    0.836494
 1757.000000    0.779771
 1767.000000    0.795835
 1777.000000    0.820512
 1787.000000    0.869856
 1797.000000    0.887117
 1807.000000    0.918856
 1817.000000    0.916392
