#  pixel_depth  alphabetafraction   >  Analysis of alpha beta fraction
  172.000000    0.853311
  182.000000    0.826950
  192.000000    0.787953
  202.000000    0.744449
  212.000000    0.700446
  222.000000    0.687836
  232.000000    0.715716
  242.000000    0.672925
  252.000000    0.706259
  262.000000    0.746012
  272.000000    0.761634
  282.000000    0.775800
  292.000000    0.784124
  302.000000    0.729428
  312.000000    0.731082
  322.000000    0.734422
  332.000000    0.674975
  342.000000    0.627213
  352.000000    0.668727
  362.000000    0.699278
  372.000000    0.705952
  382.000000    0.696187
  392.000000    0.709256
  402.000000    0.688136
  412.000000    0.687845
  422.000000    0.715470
  432.000000    0.674941
  442.000000    0.645824
  452.000000    0.647836
  462.000000    0.687936
  472.000000    0.693190
  482.000000    0.733440
  492.000000    0.775519
  502.000000    0.786551
  512.000000    0.753475
  522.000000    0.712565
  532.000000    0.665822
  542.000000    0.662636
  552.000000    0.667967
  562.000000    0.671870
  572.000000    0.683832
  582.000000    0.753142
  592.000000    0.800647
  602.000000    0.820718
  612.000000    0.746224
  622.000000    0.714675
  632.000000    0.662865
  642.000000    0.691908
  652.000000    0.697782
  662.000000    0.685097
  672.000000    0.692824
  682.000000    0.692920
  692.000000    0.736158
  702.000000    0.684628
  712.000000    0.653958
  722.000000    0.672889
  732.000000    0.641035
  742.000000    0.668489
  752.000000    0.662897
  762.000000    0.664597
  772.000000    0.689479
  782.000000    0.669144
  792.000000    0.644476
  802.000000    0.606290
  812.000000    0.669937
  822.000000    0.684640
  832.000000    0.726407
  842.000000    0.728461
  852.000000    0.775412
  862.000000    0.767786
  872.000000    0.749054
  882.000000    0.789512
  892.000000    0.785516
  902.000000    0.740084
  912.000000    0.755564
  922.000000    0.722692
  932.000000    0.720538
  942.000000    0.681665
  952.000000    0.655978
  962.000000    0.658983
  972.000000    0.646590
  982.000000    0.688045
  992.000000    0.752935
 1002.000000    0.807414
 1012.000000    0.823700
 1022.000000    0.809975
 1032.000000    0.800677
 1042.000000    0.821864
 1052.000000    0.809863
 1062.000000    0.737984
 1072.000000    0.670727
 1082.000000    0.659286
 1092.000000    0.634894
 1102.000000    0.670611
 1112.000000    0.639430
 1122.000000    0.607125
 1132.000000    0.738446
 1142.000000    0.797002
 1152.000000    0.756719
 1162.000000    0.772637
 1172.000000    0.759574
 1182.000000    0.756501
 1192.000000    0.713963
 1202.000000    0.678039
 1212.000000    0.681357
 1222.000000    0.646329
 1232.000000    0.645004
 1242.000000    0.678600
 1252.000000    0.715861
 1262.000000    0.723471
 1272.000000    0.718002
 1282.000000    0.759931
 1292.000000    0.771210
 1302.000000    0.760272
 1312.000000    0.747532
 1322.000000    0.715135
 1332.000000    0.673163
 1342.000000    0.642479
 1352.000000    0.653854
 1362.000000    0.686504
 1372.000000    0.668407
 1382.000000    0.638117
 1392.000000    0.632644
 1402.000000    0.648498
 1412.000000    0.659529
 1422.000000    0.658136
 1432.000000    0.631221
 1442.000000    0.620424
 1452.000000    0.607305
 1462.000000    0.605256
 1472.000000    0.643948
 1482.000000    0.657668
 1492.000000    0.681319
 1502.000000    0.683392
 1512.000000    0.701835
 1522.000000    0.698445
 1532.000000    0.690927
 1542.000000    0.650353
 1552.000000    0.602388
 1562.000000    0.529447
 1572.000000    0.553098
 1582.000000    0.589577
 1592.000000    0.641571
 1602.000000    0.660629
 1612.000000    0.740302
 1622.000000    0.759253
 1632.000000    0.777937
 1642.000000    0.713866
 1652.000000    0.711541
 1662.000000    0.701616
 1672.000000    0.740877
 1682.000000    0.732276
 1692.000000    0.755851
 1702.000000    0.728576
 1712.000000    0.690885
 1722.000000    0.663993
 1732.000000    0.671088
 1742.000000    0.711517
 1752.000000    0.685011
 1762.000000    0.657909
 1772.000000    0.670195
 1782.000000    0.745614
 1792.000000    0.772101
 1802.000000    0.772792
 1812.000000    0.804844
 1822.000000    0.798564
 1832.000000    0.786577
 1842.000000    0.752805
 1852.000000    0.743156
 1862.000000    0.704941
 1872.000000    0.652580
 1882.000000    0.646277
 1892.000000    0.706240
 1902.000000    0.724189
 1912.000000    0.774573
 1922.000000    0.818072
 1932.000000    0.791092
 1942.000000    0.788893
