#  pixel_depth  alphabetafraction   >  Analysis of alpha beta fraction
   40.000000    0.941606
   50.000000    0.910116
   60.000000    0.836274
   70.000000    0.769064
   80.000000    0.712771
   90.000000    0.728685
  100.000000    0.734588
  110.000000    0.726032
  120.000000    0.738948
  130.000000    0.786748
  140.000000    0.786714
  150.000000    0.793034
  160.000000    0.756772
  170.000000    0.776069
  180.000000    0.725153
  190.000000    0.703255
  200.000000    0.719788
  210.000000    0.737475
  220.000000    0.780350
  230.000000    0.782752
  240.000000    0.783802
  250.000000    0.727477
  260.000000    0.699039
  270.000000    0.670317
  280.000000    0.719713
  290.000000    0.751084
  300.000000    0.783602
  310.000000    0.768751
  320.000000    0.726715
  330.000000    0.728187
  340.000000    0.693976
  350.000000    0.667246
  360.000000    0.682798
  370.000000    0.658862
  380.000000    0.660584
  390.000000    0.602251
  400.000000    0.560753
  410.000000    0.659710
  420.000000    0.748511
  430.000000    0.793231
  440.000000    0.819082
  450.000000    0.814305
  460.000000    0.742968
  470.000000    0.786485
  480.000000    0.773770
  490.000000    0.777518
  500.000000    0.753217
  510.000000    0.709381
  520.000000    0.724774
  530.000000    0.765007
  540.000000    0.793345
  550.000000    0.778077
  560.000000    0.745646
  570.000000    0.766045
  580.000000    0.753986
  590.000000    0.732832
  600.000000    0.750098
  610.000000    0.749461
  620.000000    0.761544
  630.000000    0.777744
  640.000000    0.810925
  650.000000    0.780275
  660.000000    0.755796
  670.000000    0.666070
  680.000000    0.637126
  690.000000    0.645264
  700.000000    0.588914
  710.000000    0.642508
  720.000000    0.725021
  730.000000    0.810071
  740.000000    0.820729
  750.000000    0.781121
  760.000000    0.742763
  770.000000    0.734503
  780.000000    0.707711
  790.000000    0.718409
  800.000000    0.713562
  810.000000    0.726460
  820.000000    0.714445
  830.000000    0.723597
  840.000000    0.734337
  850.000000    0.759916
  860.000000    0.783284
  870.000000    0.763360
  880.000000    0.736111
  890.000000    0.793171
  900.000000    0.774216
  910.000000    0.772161
  920.000000    0.735939
  930.000000    0.754341
  940.000000    0.769017
  950.000000    0.781826
  960.000000    0.802738
  970.000000    0.806010
  980.000000    0.761456
  990.000000    0.745049
 1000.000000    0.743069
 1010.000000    0.745703
 1020.000000    0.763084
 1030.000000    0.797391
 1040.000000    0.834340
 1050.000000    0.802780
 1060.000000    0.762630
 1070.000000    0.758790
 1080.000000    0.751222
 1090.000000    0.785158
 1100.000000    0.827990
 1110.000000    0.829851
 1120.000000    0.818113
 1130.000000    0.834300
 1140.000000    0.822166
 1150.000000    0.776762
 1160.000000    0.741417
 1170.000000    0.736643
 1180.000000    0.685855
 1190.000000    0.670382
 1200.000000    0.703325
 1210.000000    0.736563
 1220.000000    0.693110
 1230.000000    0.679816
 1240.000000    0.663559
 1250.000000    0.703453
 1260.000000    0.724558
 1270.000000    0.788890
 1280.000000    0.779983
 1290.000000    0.815925
 1300.000000    0.796447
 1310.000000    0.775416
 1320.000000    0.795326
 1330.000000    0.714064
 1340.000000    0.717049
 1350.000000    0.732809
 1360.000000    0.697310
 1370.000000    0.640500
 1380.000000    0.666052
 1390.000000    0.661900
 1400.000000    0.708548
 1410.000000    0.754326
 1420.000000    0.723857
 1430.000000    0.671250
 1440.000000    0.659226
 1450.000000    0.644463
 1460.000000    0.666974
 1470.000000    0.675068
 1480.000000    0.721598
 1490.000000    0.771200
 1500.000000    0.807041
 1510.000000    0.748303
 1520.000000    0.693050
 1530.000000    0.740141
 1540.000000    0.766474
 1550.000000    0.746650
 1560.000000    0.750300
 1570.000000    0.767964
 1580.000000    0.788418
 1590.000000    0.743992
 1600.000000    0.735176
 1610.000000    0.815537
 1620.000000    0.786636
 1630.000000    0.731987
 1640.000000    0.683952
 1650.000000    0.662953
 1660.000000    0.660963
 1670.000000    0.667159
 1680.000000    0.719117
 1690.000000    0.685520
 1700.000000    0.709993
 1710.000000    0.731119
 1720.000000    0.650526
 1730.000000    0.666031
 1740.000000    0.699994
 1750.000000    0.726518
 1760.000000    0.734174
 1770.000000    0.690776
 1780.000000    0.786180
 1790.000000    0.764219
 1800.000000    0.770119
 1810.000000    0.720024
 1820.000000    0.753394
 1830.000000    0.755013
 1840.000000    0.752125
 1850.000000    0.742153
 1860.000000    0.795749
 1870.000000    0.815644
 1880.000000    0.755561
 1890.000000    0.747583
