#  pixel_depth  alphabetafraction   >  Analysis of alpha beta fraction
   10.000000    0.423829
   20.000000    0.399298
   30.000000    0.454645
   40.000000    0.473627
   50.000000    0.592048
   60.000000    0.620085
   70.000000    0.597761
   80.000000    0.645317
   90.000000    0.693164
  100.000000    0.707296
  110.000000    0.729721
  120.000000    0.694675
  130.000000    0.698789
  140.000000    0.681265
  150.000000    0.649787
  160.000000    0.705440
  170.000000    0.778676
  180.000000    0.728520
  190.000000    0.715416
  200.000000    0.746277
  210.000000    0.802233
  220.000000    0.790700
  230.000000    0.752957
  240.000000    0.728612
  250.000000    0.661295
  260.000000    0.637386
  270.000000    0.657801
  280.000000    0.646280
  290.000000    0.635201
  300.000000    0.610037
  310.000000    0.659747
  320.000000    0.656279
  330.000000    0.673711
  340.000000    0.663610
  350.000000    0.693251
  360.000000    0.709976
  370.000000    0.691143
  380.000000    0.685904
  390.000000    0.615909
  400.000000    0.617329
  410.000000    0.634818
  420.000000    0.647493
  430.000000    0.622627
  440.000000    0.651488
  450.000000    0.682529
  460.000000    0.679622
  470.000000    0.713265
  480.000000    0.747834
  490.000000    0.764467
  500.000000    0.799483
  510.000000    0.773083
  520.000000    0.775083
  530.000000    0.755915
  540.000000    0.746295
  550.000000    0.693043
  560.000000    0.742093
  570.000000    0.738338
  580.000000    0.736048
  590.000000    0.751123
  600.000000    0.707523
  610.000000    0.688453
  620.000000    0.702813
  630.000000    0.687149
  640.000000    0.689479
  650.000000    0.648383
  660.000000    0.611487
  670.000000    0.610711
  680.000000    0.625847
  690.000000    0.716945
  700.000000    0.673602
  710.000000    0.688567
  720.000000    0.667980
  730.000000    0.635476
  740.000000    0.629539
  750.000000    0.634494
  760.000000    0.677937
  770.000000    0.701672
  780.000000    0.615358
  790.000000    0.603747
  800.000000    0.642156
  810.000000    0.675836
  820.000000    0.723667
  830.000000    0.719160
  840.000000    0.694181
  850.000000    0.728798
  860.000000    0.727260
  870.000000    0.667001
  880.000000    0.595638
  890.000000    0.588175
  900.000000    0.643371
  910.000000    0.664425
  920.000000    0.683451
  930.000000    0.687065
  940.000000    0.680948
  950.000000    0.748718
  960.000000    0.689593
  970.000000    0.696795
  980.000000    0.726237
  990.000000    0.673871
 1000.000000    0.703338
 1010.000000    0.729473
 1020.000000    0.731729
 1030.000000    0.777119
 1040.000000    0.805171
 1050.000000    0.811898
 1060.000000    0.785217
 1070.000000    0.754870
 1080.000000    0.823641
 1090.000000    0.823909
 1100.000000    0.856305
 1110.000000    0.806400
 1120.000000    0.777198
 1130.000000    0.762050
 1140.000000    0.783314
 1150.000000    0.811667
 1160.000000    0.808992
 1170.000000    0.833632
 1180.000000    0.851914
 1190.000000    0.810383
 1200.000000    0.822271
 1210.000000    0.848847
 1220.000000    0.767788
 1230.000000    0.750543
 1240.000000    0.743336
 1250.000000    0.753918
 1260.000000    0.784736
 1270.000000    0.824296
 1280.000000    0.815719
 1290.000000    0.803335
 1300.000000    0.784564
 1310.000000    0.739403
 1320.000000    0.748421
 1330.000000    0.765317
 1340.000000    0.671075
 1350.000000    0.714070
 1360.000000    0.725282
 1370.000000    0.715512
 1380.000000    0.752700
 1390.000000    0.827179
 1400.000000    0.824271
 1410.000000    0.838937
 1420.000000    0.807084
 1430.000000    0.802921
 1440.000000    0.756230
 1450.000000    0.720934
 1460.000000    0.675878
 1470.000000    0.657153
 1480.000000    0.699778
 1490.000000    0.688405
 1500.000000    0.645635
 1510.000000    0.616991
 1520.000000    0.594928
 1530.000000    0.639830
 1540.000000    0.626520
 1550.000000    0.646695
 1560.000000    0.694449
 1570.000000    0.739161
 1580.000000    0.728347
 1590.000000    0.730587
 1600.000000    0.666514
 1610.000000    0.692139
 1620.000000    0.653488
 1630.000000    0.604224
 1640.000000    0.592820
 1650.000000    0.645597
 1660.000000    0.703851
 1670.000000    0.741768
 1680.000000    0.737718
 1690.000000    0.727245
 1700.000000    0.609131
 1710.000000    0.575974
 1720.000000    0.535974
 1730.000000    0.567533
 1740.000000    0.610287
 1750.000000    0.619839
 1760.000000    0.630258
 1770.000000    0.606482
 1780.000000    0.616725
 1790.000000    0.621667
 1800.000000    0.680772
