#  pixel_depth  alphabetafraction   >  Analysis of alpha beta fraction
   10.000000    0.708930
   20.000000    0.771036
   30.000000    0.762516
   40.000000    0.726040
   50.000000    0.748466
   60.000000    0.771701
   70.000000    0.748446
   80.000000    0.748632
   90.000000    0.690594
  100.000000    0.689353
  110.000000    0.715573
  120.000000    0.787500
  130.000000    0.822100
  140.000000    0.767948
  150.000000    0.740126
  160.000000    0.771630
  170.000000    0.756431
  180.000000    0.698296
  190.000000    0.694584
  200.000000    0.710247
  210.000000    0.731662
  220.000000    0.726694
  230.000000    0.696940
  240.000000    0.663698
  250.000000    0.699263
  260.000000    0.722436
  270.000000    0.748985
  280.000000    0.818821
  290.000000    0.791640
  300.000000    0.755813
  310.000000    0.743930
  320.000000    0.769148
  330.000000    0.777827
  340.000000    0.841111
  350.000000    0.858543
  360.000000    0.852523
  370.000000    0.823141
  380.000000    0.769101
  390.000000    0.715825
  400.000000    0.753649
  410.000000    0.811640
  420.000000    0.814989
  430.000000    0.773929
  440.000000    0.754080
  450.000000    0.756975
  460.000000    0.781799
  470.000000    0.761959
  480.000000    0.756871
  490.000000    0.803687
  500.000000    0.805325
  510.000000    0.765421
  520.000000    0.764941
  530.000000    0.765937
  540.000000    0.769798
  550.000000    0.718510
  560.000000    0.675430
  570.000000    0.630700
  580.000000    0.630915
  590.000000    0.528470
  600.000000    0.606100
  610.000000    0.659770
  620.000000    0.704637
  630.000000    0.775201
  640.000000    0.800668
  650.000000    0.817315
  660.000000    0.866293
  670.000000    0.900579
  680.000000    0.916978
  690.000000    0.922955
  700.000000    0.895817
  710.000000    0.891032
  720.000000    0.835701
  730.000000    0.768391
  740.000000    0.712132
  750.000000    0.678216
  760.000000    0.676019
  770.000000    0.685276
  780.000000    0.791992
  790.000000    0.839572
  800.000000    0.852235
  810.000000    0.810923
  820.000000    0.777965
  830.000000    0.818594
  840.000000    0.842327
  850.000000    0.862604
  860.000000    0.868767
  870.000000    0.869721
  880.000000    0.863146
  890.000000    0.821496
  900.000000    0.813186
  910.000000    0.769549
  920.000000    0.742601
  930.000000    0.795066
  940.000000    0.828498
  950.000000    0.823215
  960.000000    0.838475
  970.000000    0.846919
  980.000000    0.839500
  990.000000    0.832336
 1000.000000    0.807536
 1010.000000    0.783962
 1020.000000    0.772449
 1030.000000    0.747583
 1040.000000    0.722951
 1050.000000    0.635101
 1060.000000    0.589426
 1070.000000    0.561574
 1080.000000    0.612744
 1090.000000    0.635438
 1100.000000    0.657497
 1110.000000    0.734417
 1120.000000    0.745486
 1130.000000    0.770475
 1140.000000    0.804156
 1150.000000    0.794330
 1160.000000    0.808298
 1170.000000    0.793734
 1180.000000    0.764560
 1190.000000    0.741431
 1200.000000    0.712074
 1210.000000    0.606314
 1220.000000    0.567006
 1230.000000    0.619378
 1240.000000    0.700846
 1250.000000    0.765052
 1260.000000    0.734664
 1270.000000    0.753197
 1280.000000    0.760382
 1290.000000    0.757780
