#  pixel_depth  alphabetafraction   >  Analysis of alpha beta fraction
   52.000000    0.737585
   62.000000    0.717720
   72.000000    0.703911
   82.000000    0.734694
   92.000000    0.776026
  102.000000    0.797626
  112.000000    0.834538
  122.000000    0.849410
  132.000000    0.837112
  142.000000    0.805661
  152.000000    0.761450
  162.000000    0.740573
  172.000000    0.764679
  182.000000    0.746939
  192.000000    0.711306
  202.000000    0.722167
  212.000000    0.711673
  222.000000    0.752438
  232.000000    0.752396
  242.000000    0.734034
  252.000000    0.682361
  262.000000    0.693068
  272.000000    0.689378
  282.000000    0.705602
  292.000000    0.697670
  302.000000    0.725593
  312.000000    0.750117
  322.000000    0.706549
  332.000000    0.712227
  342.000000    0.743484
  352.000000    0.725647
  362.000000    0.720820
  372.000000    0.724281
  382.000000    0.697103
  392.000000    0.681350
  402.000000    0.697114
  412.000000    0.738335
  422.000000    0.767445
  432.000000    0.762547
  442.000000    0.760109
  452.000000    0.758190
  462.000000    0.756024
  472.000000    0.733049
  482.000000    0.752310
  492.000000    0.737317
  502.000000    0.728484
  512.000000    0.727276
  522.000000    0.742915
  532.000000    0.746385
  542.000000    0.757568
  552.000000    0.739874
  562.000000    0.723492
  572.000000    0.705355
  582.000000    0.675154
  592.000000    0.678589
  602.000000    0.729756
  612.000000    0.727551
  622.000000    0.718851
  632.000000    0.700240
  642.000000    0.731146
  652.000000    0.766446
  662.000000    0.786668
  672.000000    0.760003
  682.000000    0.691600
  692.000000    0.638501
  702.000000    0.667673
  712.000000    0.656253
  722.000000    0.644453
  732.000000    0.641465
  742.000000    0.682698
  752.000000    0.680871
  762.000000    0.670193
  772.000000    0.686353
  782.000000    0.737522
  792.000000    0.776695
  802.000000    0.738743
  812.000000    0.725934
  822.000000    0.751769
  832.000000    0.757171
  842.000000    0.773274
  852.000000    0.736540
  862.000000    0.722138
  872.000000    0.733869
  882.000000    0.752614
  892.000000    0.785557
  902.000000    0.752357
  912.000000    0.689887
  922.000000    0.689934
  932.000000    0.744262
  942.000000    0.749628
  952.000000    0.760059
  962.000000    0.740692
  972.000000    0.762801
  982.000000    0.749292
  992.000000    0.776515
 1002.000000    0.756695
 1012.000000    0.727965
 1022.000000    0.657155
 1032.000000    0.588415
 1042.000000    0.622964
 1052.000000    0.627759
 1062.000000    0.664842
 1072.000000    0.719998
 1082.000000    0.722814
 1092.000000    0.712508
 1102.000000    0.725309
 1112.000000    0.750411
 1122.000000    0.745725
 1132.000000    0.735252
 1142.000000    0.752890
 1152.000000    0.780149
 1162.000000    0.757313
 1172.000000    0.740937
 1182.000000    0.756623
 1192.000000    0.755973
 1202.000000    0.795319
 1212.000000    0.819307
 1222.000000    0.830988
 1232.000000    0.812342
 1242.000000    0.788213
 1252.000000    0.791403
 1262.000000    0.762649
 1272.000000    0.721817
 1282.000000    0.663638
 1292.000000    0.654504
 1302.000000    0.715525
 1312.000000    0.735710
 1322.000000    0.778573
 1332.000000    0.773917
 1342.000000    0.775114
 1352.000000    0.753613
 1362.000000    0.803040
 1372.000000    0.772327
 1382.000000    0.744594
 1392.000000    0.686339
 1402.000000    0.674247
 1412.000000    0.687072
 1422.000000    0.708437
 1432.000000    0.720079
 1442.000000    0.738262
 1452.000000    0.780871
 1462.000000    0.774941
 1472.000000    0.768719
 1482.000000    0.748289
 1492.000000    0.765972
 1502.000000    0.778341
 1512.000000    0.737694
 1522.000000    0.749883
 1532.000000    0.768581
 1542.000000    0.763076
 1552.000000    0.736821
 1562.000000    0.740250
 1572.000000    0.751405
 1582.000000    0.757901
 1592.000000    0.755134
 1602.000000    0.725964
 1612.000000    0.654430
 1622.000000    0.657390
 1632.000000    0.684622
 1642.000000    0.742055
 1652.000000    0.727596
 1662.000000    0.779297
 1672.000000    0.824461
 1682.000000    0.807845
 1692.000000    0.826636
 1702.000000    0.784004
 1712.000000    0.760653
 1722.000000    0.753882
 1732.000000    0.745578
 1742.000000    0.770168
 1752.000000    0.765501
 1762.000000    0.734462
 1772.000000    0.679742
 1782.000000    0.632072
 1792.000000    0.683472
 1802.000000    0.773920
 1812.000000    0.794018
 1822.000000    0.768006
