#  pixel_depth  alphabetafraction   >  Analysis of alpha beta fraction
   44.000000    0.861617
   54.000000    0.859752
   64.000000    0.813133
   74.000000    0.802627
   84.000000    0.796053
   94.000000    0.792195
  104.000000    0.753380
  114.000000    0.740075
  124.000000    0.695283
  134.000000    0.701224
  144.000000    0.803680
  154.000000    0.816477
  164.000000    0.782640
  174.000000    0.732009
  184.000000    0.731935
  194.000000    0.739989
  204.000000    0.750845
  214.000000    0.762552
  224.000000    0.752601
  234.000000    0.736143
  244.000000    0.748107
  254.000000    0.723382
  264.000000    0.687600
  274.000000    0.668239
  284.000000    0.689826
  294.000000    0.733027
  304.000000    0.785125
  314.000000    0.781421
  324.000000    0.732782
  334.000000    0.734853
  344.000000    0.741865
  354.000000    0.774280
  364.000000    0.754734
  374.000000    0.729446
  384.000000    0.737442
  394.000000    0.764923
  404.000000    0.770595
  414.000000    0.769022
  424.000000    0.743651
  434.000000    0.711254
  444.000000    0.679873
  454.000000    0.684714
  464.000000    0.751765
  474.000000    0.786175
  484.000000    0.794096
  494.000000    0.805671
  504.000000    0.747233
  514.000000    0.756816
  524.000000    0.759831
  534.000000    0.676203
  544.000000    0.672345
  554.000000    0.683533
  564.000000    0.704927
  574.000000    0.718893
  584.000000    0.705300
  594.000000    0.774646
  604.000000    0.763141
  614.000000    0.744492
  624.000000    0.703687
  634.000000    0.679180
  644.000000    0.658395
  654.000000    0.694850
  664.000000    0.759884
  674.000000    0.786260
  684.000000    0.809482
  694.000000    0.782691
  704.000000    0.805394
  714.000000    0.824644
  724.000000    0.819211
  734.000000    0.805621
  744.000000    0.783986
  754.000000    0.735548
  764.000000    0.695665
  774.000000    0.726429
  784.000000    0.775871
  794.000000    0.788304
  804.000000    0.782466
  814.000000    0.760337
  824.000000    0.732446
  834.000000    0.694398
  844.000000    0.671294
  854.000000    0.703800
  864.000000    0.705942
  874.000000    0.714567
  884.000000    0.710218
  894.000000    0.720224
  904.000000    0.729078
  914.000000    0.744396
  924.000000    0.744983
  934.000000    0.748241
  944.000000    0.752149
  954.000000    0.742013
  964.000000    0.749820
  974.000000    0.765718
  984.000000    0.773748
  994.000000    0.776061
 1004.000000    0.806297
 1014.000000    0.794543
 1024.000000    0.739725
 1034.000000    0.658519
 1044.000000    0.657551
 1054.000000    0.631169
 1064.000000    0.618568
 1074.000000    0.709960
 1084.000000    0.665398
 1094.000000    0.657414
 1104.000000    0.724835
 1114.000000    0.750044
 1124.000000    0.774575
 1134.000000    0.827863
 1144.000000    0.836306
 1154.000000    0.815763
 1164.000000    0.778520
 1174.000000    0.779930
 1184.000000    0.769052
 1194.000000    0.729672
 1204.000000    0.746116
 1214.000000    0.712870
 1224.000000    0.755894
 1234.000000    0.744001
 1244.000000    0.785461
 1254.000000    0.774683
 1264.000000    0.729003
 1274.000000    0.741638
 1284.000000    0.761884
 1294.000000    0.766811
 1304.000000    0.759608
 1314.000000    0.751067
 1324.000000    0.813904
 1334.000000    0.811121
 1344.000000    0.788101
 1354.000000    0.765329
 1364.000000    0.777704
 1374.000000    0.748722
 1384.000000    0.708005
 1394.000000    0.700509
 1404.000000    0.685052
 1414.000000    0.723265
 1424.000000    0.705362
 1434.000000    0.697509
 1444.000000    0.757517
 1454.000000    0.724682
 1464.000000    0.723121
 1474.000000    0.756504
 1484.000000    0.802129
 1494.000000    0.864407
 1504.000000    0.867878
 1514.000000    0.816519
 1524.000000    0.794092
 1534.000000    0.761493
 1544.000000    0.683665
 1554.000000    0.603421
 1564.000000    0.646021
 1574.000000    0.682246
 1584.000000    0.716866
 1594.000000    0.758344
 1604.000000    0.777457
 1614.000000    0.779278
 1624.000000    0.792022
 1634.000000    0.790484
 1644.000000    0.820932
 1654.000000    0.778757
 1664.000000    0.761682
 1674.000000    0.712827
 1684.000000    0.729152
 1694.000000    0.741800
 1704.000000    0.711708
 1714.000000    0.709565
 1724.000000    0.700948
 1734.000000    0.756286
 1744.000000    0.757639
 1754.000000    0.755117
 1764.000000    0.751680
 1774.000000    0.722236
 1784.000000    0.695684
 1794.000000    0.759401
 1804.000000    0.745659
