#  pixel_depth  alphabetafraction   >  Analysis of alpha beta fraction
   10.000000    0.650945
   20.000000    0.592389
   30.000000    0.556784
   40.000000    0.555866
   50.000000    0.563108
   60.000000    0.511412
   70.000000    0.542610
   80.000000    0.566166
   90.000000    0.565766
  100.000000    0.561416
  110.000000    0.608840
  120.000000    0.581884
  130.000000    0.605298
  140.000000    0.571950
  150.000000    0.527117
  160.000000    0.509394
  170.000000    0.548472
  180.000000    0.518670
  190.000000    0.537842
  200.000000    0.550644
  210.000000    0.534929
  220.000000    0.519822
  230.000000    0.511145
  240.000000    0.512299
  250.000000    0.537632
  260.000000    0.537800
  270.000000    0.479005
  280.000000    0.477938
  290.000000    0.480140
  300.000000    0.483133
  310.000000    0.497825
  320.000000    0.557322
  330.000000    0.542460
  340.000000    0.606062
  350.000000    0.592170
  360.000000    0.604994
  370.000000    0.658043
  380.000000    0.658521
  390.000000    0.625133
  400.000000    0.600018
  410.000000    0.561712
  420.000000    0.476417
  430.000000    0.458093
  440.000000    0.511407
  450.000000    0.526041
  460.000000    0.592185
  470.000000    0.614489
  480.000000    0.677320
  490.000000    0.698649
  500.000000    0.642041
  510.000000    0.616286
  520.000000    0.574316
  530.000000    0.599286
  540.000000    0.558203
  550.000000    0.557176
  560.000000    0.524114
  570.000000    0.421107
  580.000000    0.428452
  590.000000    0.467897
  600.000000    0.526857
  610.000000    0.566938
  620.000000    0.647391
  630.000000    0.683774
  640.000000    0.654831
  650.000000    0.593675
  660.000000    0.553376
  670.000000    0.530086
  680.000000    0.494870
  690.000000    0.562039
  700.000000    0.564020
  710.000000    0.573216
  720.000000    0.587484
  730.000000    0.599797
  740.000000    0.640161
  750.000000    0.656859
  760.000000    0.652602
  770.000000    0.688686
  780.000000    0.679585
  790.000000    0.620777
  800.000000    0.602123
  810.000000    0.596716
  820.000000    0.620409
  830.000000    0.653544
  840.000000    0.597989
  850.000000    0.588192
  860.000000    0.564606
  870.000000    0.592835
  880.000000    0.574155
  890.000000    0.572251
  900.000000    0.578027
  910.000000    0.578681
  920.000000    0.565274
  930.000000    0.524915
  940.000000    0.481410
  950.000000    0.448120
  960.000000    0.447609
  970.000000    0.417801
  980.000000    0.459166
  990.000000    0.489019
 1000.000000    0.496138
 1010.000000    0.502836
 1020.000000    0.545690
 1030.000000    0.538053
 1040.000000    0.585231
 1050.000000    0.579945
 1060.000000    0.559186
 1070.000000    0.551404
 1080.000000    0.524354
 1090.000000    0.524809
 1100.000000    0.515565
 1110.000000    0.565387
 1120.000000    0.580524
 1130.000000    0.581252
 1140.000000    0.618915
 1150.000000    0.604612
 1160.000000    0.602832
 1170.000000    0.537848
 1180.000000    0.569367
 1190.000000    0.556950
 1200.000000    0.555915
 1210.000000    0.540935
 1220.000000    0.546946
 1230.000000    0.542171
 1240.000000    0.593993
 1250.000000    0.553629
 1260.000000    0.518753
 1270.000000    0.520112
 1280.000000    0.575100
 1290.000000    0.641390
