#  pixel_depth  alphabetafraction   >  Analysis of alpha beta fraction
   10.000000    0.857288
   20.000000    0.812072
   30.000000    0.834604
   40.000000    0.818713
   50.000000    0.771379
   60.000000    0.706491
   70.000000    0.652509
   80.000000    0.712983
   90.000000    0.733868
  100.000000    0.726794
  110.000000    0.678646
  120.000000    0.655984
  130.000000    0.684288
  140.000000    0.725780
  150.000000    0.745529
  160.000000    0.744042
  170.000000    0.727987
  180.000000    0.731491
  190.000000    0.716792
  200.000000    0.720394
  210.000000    0.709354
  220.000000    0.712070
  230.000000    0.684786
  240.000000    0.657982
  250.000000    0.643816
  260.000000    0.623522
  270.000000    0.635288
  280.000000    0.633058
  290.000000    0.613636
  300.000000    0.636486
  310.000000    0.629551
  320.000000    0.628311
  330.000000    0.631955
  340.000000    0.683730
  350.000000    0.819135
  360.000000    0.862145
  370.000000    0.835723
  380.000000    0.830032
  390.000000    0.815759
  400.000000    0.759772
  410.000000    0.742720
  420.000000    0.736207
  430.000000    0.670133
  440.000000    0.634557
  450.000000    0.676216
  460.000000    0.634349
  470.000000    0.660959
  480.000000    0.655225
  490.000000    0.614530
  500.000000    0.576689
  510.000000    0.575048
  520.000000    0.580503
  530.000000    0.574541
  540.000000    0.660629
  550.000000    0.765845
  560.000000    0.829394
  570.000000    0.850535
  580.000000    0.876638
  590.000000    0.868243
  600.000000    0.879803
  610.000000    0.806894
  620.000000    0.753159
  630.000000    0.729755
  640.000000    0.737377
  650.000000    0.768665
  660.000000    0.789466
  670.000000    0.765565
  680.000000    0.719549
  690.000000    0.673555
  700.000000    0.753866
  710.000000    0.774112
  720.000000    0.758957
  730.000000    0.786305
  740.000000    0.810554
  750.000000    0.762062
  760.000000    0.708575
  770.000000    0.723446
  780.000000    0.760773
  790.000000    0.741189
  800.000000    0.711685
  810.000000    0.704206
  820.000000    0.677851
  830.000000    0.662617
  840.000000    0.692664
  850.000000    0.720158
  860.000000    0.759692
  870.000000    0.784992
  880.000000    0.803783
  890.000000    0.749326
  900.000000    0.737352
  910.000000    0.708648
  920.000000    0.675424
  930.000000    0.658556
  940.000000    0.661848
  950.000000    0.697213
  960.000000    0.653014
  970.000000    0.628357
  980.000000    0.581046
  990.000000    0.633754
 1000.000000    0.691224
 1010.000000    0.727301
 1020.000000    0.696947
 1030.000000    0.724061
 1040.000000    0.739540
 1050.000000    0.808771
 1060.000000    0.792761
 1070.000000    0.790136
 1080.000000    0.776705
 1090.000000    0.753428
 1100.000000    0.718870
 1110.000000    0.773218
 1120.000000    0.687967
 1130.000000    0.618326
 1140.000000    0.587095
 1150.000000    0.591733
 1160.000000    0.558532
 1170.000000    0.546062
 1180.000000    0.585451
 1190.000000    0.570997
 1200.000000    0.709422
 1210.000000    0.675000
 1220.000000    0.708479
 1230.000000    0.745280
 1240.000000    0.716984
 1250.000000    0.742136
 1260.000000    0.595728
 1270.000000    0.606732
 1280.000000    0.590342
 1290.000000    0.523397
