#  pixel_depth  alphabetafraction   >  Analysis of alpha beta fraction
  219.000000    0.707012
  229.000000    0.684565
  239.000000    0.726726
  249.000000    0.766442
  259.000000    0.749494
  269.000000    0.731774
  279.000000    0.741699
  289.000000    0.704103
  299.000000    0.660419
  309.000000    0.614968
  319.000000    0.578233
  329.000000    0.583120
  339.000000    0.625136
  349.000000    0.672163
  359.000000    0.769072
  369.000000    0.833375
  379.000000    0.855399
  389.000000    0.862082
  399.000000    0.810399
  409.000000    0.793859
  419.000000    0.803877
  429.000000    0.736787
  439.000000    0.735261
  449.000000    0.744465
  459.000000    0.689036
  469.000000    0.721586
  479.000000    0.710562
  489.000000    0.740777
  499.000000    0.734519
  509.000000    0.743769
  519.000000    0.783628
  529.000000    0.789105
  539.000000    0.756199
  549.000000    0.771099
  559.000000    0.810749
  569.000000    0.817222
  579.000000    0.808751
  589.000000    0.716493
  599.000000    0.656858
  609.000000    0.665651
  619.000000    0.675343
  629.000000    0.691482
  639.000000    0.715309
  649.000000    0.751193
  659.000000    0.783896
  669.000000    0.784563
  679.000000    0.769091
  689.000000    0.735975
  699.000000    0.739946
  709.000000    0.740405
  719.000000    0.802986
  729.000000    0.772585
  739.000000    0.785880
  749.000000    0.824840
  759.000000    0.822902
  769.000000    0.808010
  779.000000    0.849479
  789.000000    0.847803
  799.000000    0.807635
  809.000000    0.783390
  819.000000    0.737907
  829.000000    0.776348
  839.000000    0.783170
  849.000000    0.790878
  859.000000    0.794843
  869.000000    0.802491
  879.000000    0.815024
  889.000000    0.815502
  899.000000    0.823810
  909.000000    0.776816
  919.000000    0.739723
  929.000000    0.704419
  939.000000    0.699761
  949.000000    0.715980
  959.000000    0.697849
  969.000000    0.651964
  979.000000    0.684725
  989.000000    0.730956
  999.000000    0.764226
 1009.000000    0.786177
 1019.000000    0.719770
 1029.000000    0.699024
 1039.000000    0.702716
 1049.000000    0.713017
 1059.000000    0.743756
 1069.000000    0.731223
 1079.000000    0.716909
 1089.000000    0.758049
 1099.000000    0.753293
 1109.000000    0.796297
 1119.000000    0.798583
 1129.000000    0.839681
 1139.000000    0.837670
 1149.000000    0.782747
 1159.000000    0.783976
 1169.000000    0.800428
 1179.000000    0.764185
 1189.000000    0.738280
 1199.000000    0.678414
 1209.000000    0.670899
 1219.000000    0.678018
 1229.000000    0.755018
 1239.000000    0.785438
 1249.000000    0.798842
 1259.000000    0.817098
 1269.000000    0.829959
 1279.000000    0.814932
 1289.000000    0.764219
 1299.000000    0.742553
 1309.000000    0.724107
 1319.000000    0.720890
 1329.000000    0.721971
 1339.000000    0.746076
 1349.000000    0.796561
 1359.000000    0.759927
 1369.000000    0.709284
 1379.000000    0.650581
 1389.000000    0.626077
 1399.000000    0.689623
 1409.000000    0.623486
 1419.000000    0.598803
 1429.000000    0.604343
 1439.000000    0.688316
 1449.000000    0.740668
 1459.000000    0.761704
 1469.000000    0.708979
 1479.000000    0.684674
 1489.000000    0.706914
 1499.000000    0.740345
 1509.000000    0.768896
 1519.000000    0.744659
 1529.000000    0.724947
 1539.000000    0.786227
 1549.000000    0.797947
 1559.000000    0.829850
 1569.000000    0.822296
 1579.000000    0.778407
 1589.000000    0.738067
 1599.000000    0.757354
 1609.000000    0.750600
 1619.000000    0.727288
 1629.000000    0.741483
 1639.000000    0.694696
 1649.000000    0.736064
 1659.000000    0.740122
 1669.000000    0.715539
 1679.000000    0.720717
 1689.000000    0.723103
 1699.000000    0.712436
 1709.000000    0.717011
 1719.000000    0.680796
 1729.000000    0.740780
 1739.000000    0.769111
 1749.000000    0.755161
 1759.000000    0.699751
 1769.000000    0.627812
 1779.000000    0.649288
 1789.000000    0.712092
 1799.000000    0.729384
 1809.000000    0.777258
 1819.000000    0.779677
 1829.000000    0.797040
 1839.000000    0.784425
 1849.000000    0.760956
 1859.000000    0.804852
 1869.000000    0.793363
 1879.000000    0.796610
 1889.000000    0.803375
 1899.000000    0.778959
 1909.000000    0.745149
