#  pixel_depth  alphabetafraction   >  Analysis of alpha beta fraction
   10.000000    0.725159
   20.000000    0.704556
   30.000000    0.681730
   40.000000    0.635230
   50.000000    0.718858
   60.000000    0.742246
   70.000000    0.719795
   80.000000    0.657487
   90.000000    0.693396
  100.000000    0.705134
  110.000000    0.715680
  120.000000    0.768195
  130.000000    0.750404
  140.000000    0.729626
  150.000000    0.699438
  160.000000    0.740155
  170.000000    0.778710
  180.000000    0.779744
  190.000000    0.778291
  200.000000    0.774493
  210.000000    0.695004
  220.000000    0.681447
  230.000000    0.643848
  240.000000    0.710407
  250.000000    0.709816
  260.000000    0.653128
  270.000000    0.681040
  280.000000    0.681335
  290.000000    0.674369
  300.000000    0.684837
  310.000000    0.721062
  320.000000    0.711825
  330.000000    0.742920
  340.000000    0.755348
  350.000000    0.728574
  360.000000    0.679153
  370.000000    0.693922
  380.000000    0.780637
  390.000000    0.817736
  400.000000    0.835470
  410.000000    0.808545
  420.000000    0.845636
  430.000000    0.843969
  440.000000    0.842019
  450.000000    0.807915
  460.000000    0.660616
  470.000000    0.633030
  480.000000    0.589028
  490.000000    0.564044
  500.000000    0.611590
  510.000000    0.653411
  520.000000    0.723926
  530.000000    0.716104
  540.000000    0.737129
  550.000000    0.804720
  560.000000    0.805415
  570.000000    0.805929
  580.000000    0.773523
  590.000000    0.712211
  600.000000    0.677493
  610.000000    0.687479
  620.000000    0.702331
  630.000000    0.719861
  640.000000    0.720207
  650.000000    0.714338
  660.000000    0.700246
  670.000000    0.704690
  680.000000    0.701185
  690.000000    0.696950
  700.000000    0.694824
  710.000000    0.698850
  720.000000    0.692424
  730.000000    0.626544
  740.000000    0.645973
  750.000000    0.663104
  760.000000    0.675344
  770.000000    0.675279
  780.000000    0.690781
  790.000000    0.681034
  800.000000    0.734292
  810.000000    0.783831
  820.000000    0.723371
  830.000000    0.679731
  840.000000    0.675251
  850.000000    0.687861
  860.000000    0.721234
  870.000000    0.695299
  880.000000    0.636395
  890.000000    0.646277
  900.000000    0.647325
  910.000000    0.761388
  920.000000    0.798265
  930.000000    0.774041
  940.000000    0.727310
  950.000000    0.718192
  960.000000    0.735596
  970.000000    0.739832
  980.000000    0.698929
  990.000000    0.717429
 1000.000000    0.695957
 1010.000000    0.641518
 1020.000000    0.662092
 1030.000000    0.618397
 1040.000000    0.531933
 1050.000000    0.586495
 1060.000000    0.628090
 1070.000000    0.642043
 1080.000000    0.645841
 1090.000000    0.669808
 1100.000000    0.719758
 1110.000000    0.736406
 1120.000000    0.767068
 1130.000000    0.771950
 1140.000000    0.750777
 1150.000000    0.778296
 1160.000000    0.776916
 1170.000000    0.755750
 1180.000000    0.716043
 1190.000000    0.688131
 1200.000000    0.658479
 1210.000000    0.610537
 1220.000000    0.570205
 1230.000000    0.575059
 1240.000000    0.578066
 1250.000000    0.576012
 1260.000000    0.595193
 1270.000000    0.645832
 1280.000000    0.655472
 1290.000000    0.635788
