#  pixel_depth  alphabetafraction   >  Analysis of alpha beta fraction
  263.000000    0.714735
  273.000000    0.675484
  283.000000    0.698908
  293.000000    0.698886
  303.000000    0.719850
  313.000000    0.725123
  323.000000    0.788900
  333.000000    0.796275
  343.000000    0.751732
  353.000000    0.671006
  363.000000    0.654288
  373.000000    0.668488
  383.000000    0.641977
  393.000000    0.644996
  403.000000    0.731049
  413.000000    0.752527
  423.000000    0.806600
  433.000000    0.835852
  443.000000    0.779044
  453.000000    0.739122
  463.000000    0.722921
  473.000000    0.706749
  483.000000    0.715937
  493.000000    0.709920
  503.000000    0.700254
  513.000000    0.618240
  523.000000    0.604713
  533.000000    0.585210
  543.000000    0.623486
  553.000000    0.659490
  563.000000    0.712248
  573.000000    0.744138
  583.000000    0.744938
  593.000000    0.729240
  603.000000    0.715376
  613.000000    0.763206
  623.000000    0.715631
  633.000000    0.678259
  643.000000    0.649053
  653.000000    0.658722
  663.000000    0.711712
  673.000000    0.712185
  683.000000    0.640538
  693.000000    0.602997
  703.000000    0.623428
  713.000000    0.697802
  723.000000    0.696471
  733.000000    0.718090
  743.000000    0.697985
  753.000000    0.671612
  763.000000    0.626310
  773.000000    0.655504
  783.000000    0.701827
  793.000000    0.703393
  803.000000    0.709598
  813.000000    0.695786
  823.000000    0.726706
  833.000000    0.737445
  843.000000    0.747027
  853.000000    0.717082
  863.000000    0.680021
  873.000000    0.695403
  883.000000    0.738205
  893.000000    0.716408
  903.000000    0.680841
  913.000000    0.674519
  923.000000    0.687448
  933.000000    0.684056
  943.000000    0.681848
  953.000000    0.731598
  963.000000    0.759326
  973.000000    0.755749
  983.000000    0.726245
  993.000000    0.734600
 1003.000000    0.714128
 1013.000000    0.697556
 1023.000000    0.686578
 1033.000000    0.741947
 1043.000000    0.700109
 1053.000000    0.705600
 1063.000000    0.679658
 1073.000000    0.631446
 1083.000000    0.653732
 1093.000000    0.599795
 1103.000000    0.578395
 1113.000000    0.618654
 1123.000000    0.673055
 1133.000000    0.684817
 1143.000000    0.727030
 1153.000000    0.706577
 1163.000000    0.701958
 1173.000000    0.694760
 1183.000000    0.725295
 1193.000000    0.735453
 1203.000000    0.750204
 1213.000000    0.702356
 1223.000000    0.640784
 1233.000000    0.597605
 1243.000000    0.592091
 1253.000000    0.682483
 1263.000000    0.656035
 1273.000000    0.692449
 1283.000000    0.694961
 1293.000000    0.634106
 1303.000000    0.571528
 1313.000000    0.567101
 1323.000000    0.583021
 1333.000000    0.666764
 1343.000000    0.670351
 1353.000000    0.663190
 1363.000000    0.666150
 1373.000000    0.684616
 1383.000000    0.714653
 1393.000000    0.719553
 1403.000000    0.716956
 1413.000000    0.729314
 1423.000000    0.744586
 1433.000000    0.780191
 1443.000000    0.770403
 1453.000000    0.720585
 1463.000000    0.683675
 1473.000000    0.718914
 1483.000000    0.685600
 1493.000000    0.667758
 1503.000000    0.639708
 1513.000000    0.670654
 1523.000000    0.695405
 1533.000000    0.713311
 1543.000000    0.636879
 1553.000000    0.641667
 1563.000000    0.672739
 1573.000000    0.650920
 1583.000000    0.698490
 1593.000000    0.731195
 1603.000000    0.699329
 1613.000000    0.693379
 1623.000000    0.695398
 1633.000000    0.637695
 1643.000000    0.633702
 1653.000000    0.668200
 1663.000000    0.656008
 1673.000000    0.732628
 1683.000000    0.703830
 1693.000000    0.648875
 1703.000000    0.655850
 1713.000000    0.643124
 1723.000000    0.627876
 1733.000000    0.609956
 1743.000000    0.639551
 1753.000000    0.669101
 1763.000000    0.663643
 1773.000000    0.721100
 1783.000000    0.782912
 1793.000000    0.783840
 1803.000000    0.727242
 1813.000000    0.675696
 1823.000000    0.664468
 1833.000000    0.641558
 1843.000000    0.667931
 1853.000000    0.671574
 1863.000000    0.703747
 1873.000000    0.750404
 1883.000000    0.757499
 1893.000000    0.764783
 1903.000000    0.780100
 1913.000000    0.713918
 1923.000000    0.663909
 1933.000000    0.577078
 1943.000000    0.600587
