#  pixel_depth  alphabetafraction   >  Analysis of alpha beta fraction
   86.000000    0.683415
   96.000000    0.659193
  106.000000    0.671252
  116.000000    0.693952
  126.000000    0.697456
  136.000000    0.666087
  146.000000    0.653073
  156.000000    0.661857
  166.000000    0.703179
  176.000000    0.749807
  186.000000    0.744366
  196.000000    0.753209
  206.000000    0.687545
  216.000000    0.618503
  226.000000    0.553804
  236.000000    0.528664
  246.000000    0.523100
  256.000000    0.551305
  266.000000    0.523816
  276.000000    0.628360
  286.000000    0.723302
  296.000000    0.747582
  306.000000    0.718839
  316.000000    0.676402
  326.000000    0.672223
  336.000000    0.671826
  346.000000    0.681943
  356.000000    0.702292
  366.000000    0.713454
  376.000000    0.695613
  386.000000    0.659046
  396.000000    0.650237
  406.000000    0.618341
  416.000000    0.606004
  426.000000    0.573956
  436.000000    0.606724
  446.000000    0.617768
  456.000000    0.603579
  466.000000    0.627515
  476.000000    0.654313
  486.000000    0.709670
  496.000000    0.675315
  506.000000    0.659190
  516.000000    0.630224
  526.000000    0.613774
  536.000000    0.592316
  546.000000    0.571458
  556.000000    0.541708
  566.000000    0.545568
  576.000000    0.528355
  586.000000    0.584269
  596.000000    0.602128
  606.000000    0.606899
  616.000000    0.616558
  626.000000    0.590139
  636.000000    0.622401
  646.000000    0.628461
  656.000000    0.587576
  666.000000    0.539743
  676.000000    0.606210
  686.000000    0.636904
  696.000000    0.636615
  706.000000    0.655695
  716.000000    0.687034
  726.000000    0.645650
  736.000000    0.620509
  746.000000    0.567293
  756.000000    0.502282
  766.000000    0.541588
  776.000000    0.501211
  786.000000    0.486020
  796.000000    0.454928
  806.000000    0.518082
  816.000000    0.547685
  826.000000    0.612658
  836.000000    0.647310
  846.000000    0.758127
  856.000000    0.786637
  866.000000    0.821101
  876.000000    0.798462
  886.000000    0.776616
  896.000000    0.724219
  906.000000    0.643891
  916.000000    0.632060
  926.000000    0.707079
  936.000000    0.760817
  946.000000    0.761578
  956.000000    0.744305
  966.000000    0.741290
  976.000000    0.715448
  986.000000    0.684090
  996.000000    0.607036
 1006.000000    0.608683
 1016.000000    0.593577
 1026.000000    0.623453
 1036.000000    0.622959
 1046.000000    0.556906
 1056.000000    0.550662
 1066.000000    0.573210
 1076.000000    0.594691
 1086.000000    0.633001
 1096.000000    0.607285
 1106.000000    0.612585
 1116.000000    0.591314
 1126.000000    0.564120
 1136.000000    0.552302
 1146.000000    0.562521
 1156.000000    0.530245
 1166.000000    0.553951
 1176.000000    0.597663
 1186.000000    0.609243
 1196.000000    0.613307
 1206.000000    0.653717
 1216.000000    0.631986
 1226.000000    0.589801
 1236.000000    0.568322
 1246.000000    0.583122
 1256.000000    0.542500
 1266.000000    0.490750
 1276.000000    0.440545
 1286.000000    0.401040
 1296.000000    0.461233
 1306.000000    0.541303
 1316.000000    0.587583
 1326.000000    0.580883
 1336.000000    0.590125
 1346.000000    0.579840
 1356.000000    0.582436
 1366.000000    0.612128
 1376.000000    0.566208
 1386.000000    0.550154
 1396.000000    0.569286
 1406.000000    0.589376
 1416.000000    0.587307
 1426.000000    0.564463
 1436.000000    0.595804
 1446.000000    0.571606
 1456.000000    0.527832
 1466.000000    0.507932
 1476.000000    0.505588
 1486.000000    0.519899
 1496.000000    0.590842
 1506.000000    0.601353
 1516.000000    0.602200
 1526.000000    0.634737
 1536.000000    0.639210
 1546.000000    0.663273
 1556.000000    0.667016
 1566.000000    0.705248
 1576.000000    0.728263
 1586.000000    0.739788
 1596.000000    0.702059
 1606.000000    0.657046
 1616.000000    0.643227
 1626.000000    0.654254
 1636.000000    0.623280
 1646.000000    0.592290
 1656.000000    0.539708
 1666.000000    0.509266
 1676.000000    0.530190
 1686.000000    0.596223
 1696.000000    0.621480
 1706.000000    0.577138
 1716.000000    0.596366
 1726.000000    0.675939
 1736.000000    0.750988
 1746.000000    0.727962
 1756.000000    0.707534
 1766.000000    0.701400
