#  pixel_depth  alphabetafraction   >  Analysis of alpha beta fraction
   10.000000    0.763401
   20.000000    0.739289
   30.000000    0.668291
   40.000000    0.642202
   50.000000    0.645907
   60.000000    0.695201
   70.000000    0.721680
   80.000000    0.772337
   90.000000    0.779397
  100.000000    0.787055
  110.000000    0.780609
  120.000000    0.768447
  130.000000    0.755523
  140.000000    0.717595
  150.000000    0.677870
  160.000000    0.723298
  170.000000    0.777334
  180.000000    0.763614
  190.000000    0.802612
  200.000000    0.813749
  210.000000    0.808145
  220.000000    0.759501
  230.000000    0.718518
  240.000000    0.701335
  250.000000    0.675780
  260.000000    0.669581
  270.000000    0.646403
  280.000000    0.654177
  290.000000    0.669341
  300.000000    0.696363
  310.000000    0.745236
  320.000000    0.707517
  330.000000    0.703142
  340.000000    0.721465
  350.000000    0.707749
  360.000000    0.713793
  370.000000    0.661617
  380.000000    0.658717
  390.000000    0.684384
  400.000000    0.743181
  410.000000    0.763659
  420.000000    0.750674
  430.000000    0.731326
  440.000000    0.738245
  450.000000    0.741492
  460.000000    0.733763
  470.000000    0.759543
  480.000000    0.766312
  490.000000    0.732936
  500.000000    0.733186
  510.000000    0.721692
  520.000000    0.743995
  530.000000    0.715712
  540.000000    0.701705
  550.000000    0.664903
  560.000000    0.645747
  570.000000    0.669518
  580.000000    0.672127
  590.000000    0.671846
  600.000000    0.716582
  610.000000    0.728274
  620.000000    0.732389
  630.000000    0.779145
  640.000000    0.738166
  650.000000    0.748903
  660.000000    0.760846
  670.000000    0.741195
  680.000000    0.718331
  690.000000    0.658631
  700.000000    0.689041
  710.000000    0.673494
  720.000000    0.687272
  730.000000    0.679793
  740.000000    0.662127
  750.000000    0.636408
  760.000000    0.624856
  770.000000    0.633947
  780.000000    0.667841
  790.000000    0.694468
  800.000000    0.684734
  810.000000    0.704074
  820.000000    0.730016
  830.000000    0.743576
  840.000000    0.763458
  850.000000    0.732699
  860.000000    0.729563
  870.000000    0.761361
  880.000000    0.734344
  890.000000    0.751254
  900.000000    0.756105
  910.000000    0.807030
  920.000000    0.835116
  930.000000    0.799315
  940.000000    0.732005
  950.000000    0.724093
  960.000000    0.666515
  970.000000    0.682412
  980.000000    0.641805
  990.000000    0.658396
 1000.000000    0.695517
 1010.000000    0.673335
 1020.000000    0.642149
 1030.000000    0.633965
 1040.000000    0.674806
 1050.000000    0.700294
 1060.000000    0.694746
 1070.000000    0.614450
 1080.000000    0.636478
 1090.000000    0.641795
 1100.000000    0.640036
 1110.000000    0.621981
 1120.000000    0.602372
 1130.000000    0.645036
 1140.000000    0.688784
 1150.000000    0.689696
 1160.000000    0.658843
 1170.000000    0.643703
 1180.000000    0.727750
 1190.000000    0.742170
 1200.000000    0.729540
 1210.000000    0.743764
 1220.000000    0.724384
 1230.000000    0.692671
 1240.000000    0.698694
 1250.000000    0.699014
 1260.000000    0.727212
 1270.000000    0.729693
 1280.000000    0.733068
 1290.000000    0.754421
