#  pixel_depth  alphabetafraction   >  Analysis of alpha beta fraction
   37.000000    0.730377
   47.000000    0.667469
   57.000000    0.684363
   67.000000    0.700670
   77.000000    0.720476
   87.000000    0.705037
   97.000000    0.732422
  107.000000    0.745400
  117.000000    0.786245
  127.000000    0.785761
  137.000000    0.750996
  147.000000    0.744847
  157.000000    0.684397
  167.000000    0.672945
  177.000000    0.646759
  187.000000    0.656298
  197.000000    0.660571
  207.000000    0.655783
  217.000000    0.679060
  227.000000    0.714784
  237.000000    0.750168
  247.000000    0.764961
  257.000000    0.781727
  267.000000    0.784501
  277.000000    0.761073
  287.000000    0.700621
  297.000000    0.687437
  307.000000    0.677883
  317.000000    0.643977
  327.000000    0.612158
  337.000000    0.604825
  347.000000    0.633860
  357.000000    0.676897
  367.000000    0.688117
  377.000000    0.749041
  387.000000    0.690413
  397.000000    0.685628
  407.000000    0.698618
  417.000000    0.663627
  427.000000    0.663875
  437.000000    0.703529
  447.000000    0.733752
  457.000000    0.741665
  467.000000    0.822288
  477.000000    0.800978
  487.000000    0.761039
  497.000000    0.747717
  507.000000    0.722136
  517.000000    0.735477
  527.000000    0.734227
  537.000000    0.712731
  547.000000    0.686602
  557.000000    0.657883
  567.000000    0.734572
  577.000000    0.716312
  587.000000    0.725940
  597.000000    0.703405
  607.000000    0.674770
  617.000000    0.688454
  627.000000    0.722225
  637.000000    0.715923
  647.000000    0.717702
  657.000000    0.680887
  667.000000    0.593269
  677.000000    0.548915
  687.000000    0.512030
  697.000000    0.578987
  707.000000    0.635117
  717.000000    0.631680
  727.000000    0.620423
  737.000000    0.679498
  747.000000    0.700964
  757.000000    0.730698
  767.000000    0.707038
  777.000000    0.731740
  787.000000    0.744731
  797.000000    0.754223
  807.000000    0.738535
  817.000000    0.791513
  827.000000    0.776898
  837.000000    0.752075
  847.000000    0.653005
  857.000000    0.619181
  867.000000    0.580878
  877.000000    0.588051
  887.000000    0.628578
  897.000000    0.647248
  907.000000    0.619229
  917.000000    0.613181
  927.000000    0.607978
  937.000000    0.653874
  947.000000    0.634452
  957.000000    0.590030
  967.000000    0.611754
  977.000000    0.664010
  987.000000    0.675430
  997.000000    0.651701
 1007.000000    0.731847
 1017.000000    0.737328
 1027.000000    0.690903
 1037.000000    0.654129
 1047.000000    0.650150
 1057.000000    0.650575
 1067.000000    0.638651
 1077.000000    0.589817
 1087.000000    0.579567
 1097.000000    0.654128
 1107.000000    0.680350
 1117.000000    0.643373
 1127.000000    0.698534
 1137.000000    0.657092
 1147.000000    0.636655
 1157.000000    0.688299
 1167.000000    0.715074
 1177.000000    0.653139
 1187.000000    0.671784
 1197.000000    0.723496
 1207.000000    0.757049
 1217.000000    0.725263
 1227.000000    0.736435
 1237.000000    0.743231
 1247.000000    0.797106
 1257.000000    0.792083
 1267.000000    0.746360
 1277.000000    0.698474
 1287.000000    0.651051
 1297.000000    0.664166
 1307.000000    0.651398
 1317.000000    0.684521
 1327.000000    0.766832
 1337.000000    0.753319
 1347.000000    0.792491
 1357.000000    0.776419
 1367.000000    0.779181
 1377.000000    0.739809
 1387.000000    0.717483
 1397.000000    0.733805
 1407.000000    0.734470
 1417.000000    0.708303
 1427.000000    0.697909
 1437.000000    0.643365
 1447.000000    0.662424
 1457.000000    0.629226
 1467.000000    0.624860
 1477.000000    0.658128
 1487.000000    0.667843
 1497.000000    0.647544
 1507.000000    0.667042
 1517.000000    0.685636
 1527.000000    0.665683
 1537.000000    0.731021
 1547.000000    0.783906
 1557.000000    0.770747
 1567.000000    0.787590
 1577.000000    0.781646
 1587.000000    0.796804
 1597.000000    0.788417
 1607.000000    0.762256
 1617.000000    0.726150
 1627.000000    0.710231
 1637.000000    0.663934
 1647.000000    0.614377
 1657.000000    0.668357
 1667.000000    0.637311
 1677.000000    0.627451
 1687.000000    0.553738
 1697.000000    0.484554
 1707.000000    0.532004
 1717.000000    0.596602
 1727.000000    0.643169
 1737.000000    0.607635
 1747.000000    0.663807
 1757.000000    0.726868
 1767.000000    0.760412
 1777.000000    0.761327
 1787.000000    0.759258
 1797.000000    0.775473
 1807.000000    0.744400
 1817.000000    0.748029
 1827.000000    0.679468
 1837.000000    0.626829
 1847.000000    0.613083
 1857.000000    0.640849
 1867.000000    0.642829
