#  pixel_depth  alphabetafraction   >  Analysis of alpha beta fraction
   48.000000    0.746503
   58.000000    0.724617
   68.000000    0.743214
   78.000000    0.741113
   88.000000    0.715318
   98.000000    0.630824
  108.000000    0.598348
  118.000000    0.669662
  128.000000    0.687286
  138.000000    0.685221
  148.000000    0.715113
  158.000000    0.732869
  168.000000    0.708456
  178.000000    0.719947
  188.000000    0.738534
  198.000000    0.702291
  208.000000    0.668010
  218.000000    0.707139
  228.000000    0.697923
  238.000000    0.713005
  248.000000    0.670471
  258.000000    0.666789
  268.000000    0.633084
  278.000000    0.635271
  288.000000    0.699057
  298.000000    0.703236
  308.000000    0.646994
  318.000000    0.617731
  328.000000    0.599958
  338.000000    0.624903
  348.000000    0.596718
  358.000000    0.613085
  368.000000    0.661262
  378.000000    0.694026
  388.000000    0.633232
  398.000000    0.649048
  408.000000    0.699932
  418.000000    0.687376
  428.000000    0.722418
  438.000000    0.700090
  448.000000    0.744189
  458.000000    0.689310
  468.000000    0.678895
  478.000000    0.650792
  488.000000    0.663359
  498.000000    0.693150
  508.000000    0.707673
  518.000000    0.725524
  528.000000    0.719804
  538.000000    0.732876
  548.000000    0.683223
  558.000000    0.656224
  568.000000    0.706419
  578.000000    0.703376
  588.000000    0.686186
  598.000000    0.683067
  608.000000    0.650613
  618.000000    0.685175
  628.000000    0.695212
  638.000000    0.698063
  648.000000    0.711444
  658.000000    0.692707
  668.000000    0.699563
  678.000000    0.679161
  688.000000    0.649632
  698.000000    0.645373
  708.000000    0.718026
  718.000000    0.707855
  728.000000    0.657164
  738.000000    0.695460
  748.000000    0.719615
  758.000000    0.755622
  768.000000    0.725656
  778.000000    0.691651
  788.000000    0.691225
  798.000000    0.681843
  808.000000    0.691342
  818.000000    0.683053
  828.000000    0.670624
  838.000000    0.667346
  848.000000    0.670537
  858.000000    0.644213
  868.000000    0.666630
  878.000000    0.738547
  888.000000    0.737661
  898.000000    0.759582
  908.000000    0.749484
  918.000000    0.746484
  928.000000    0.716506
  938.000000    0.714356
  948.000000    0.719518
  958.000000    0.755021
  968.000000    0.748056
  978.000000    0.744638
  988.000000    0.733850
  998.000000    0.715213
 1008.000000    0.725231
 1018.000000    0.683580
 1028.000000    0.700601
 1038.000000    0.697187
 1048.000000    0.668056
 1058.000000    0.657983
 1068.000000    0.754988
 1078.000000    0.782668
 1088.000000    0.787208
 1098.000000    0.755374
 1108.000000    0.710387
 1118.000000    0.675725
 1128.000000    0.605434
 1138.000000    0.618408
 1148.000000    0.640551
 1158.000000    0.657886
 1168.000000    0.695579
 1178.000000    0.762964
 1188.000000    0.787592
 1198.000000    0.805201
 1208.000000    0.821824
 1218.000000    0.812400
 1228.000000    0.780625
 1238.000000    0.793931
 1248.000000    0.738236
 1258.000000    0.657877
 1268.000000    0.624332
 1278.000000    0.586070
 1288.000000    0.572040
 1298.000000    0.566543
 1308.000000    0.582241
 1318.000000    0.597190
 1328.000000    0.644914
 1338.000000    0.661997
 1348.000000    0.689031
 1358.000000    0.680836
 1368.000000    0.663258
 1378.000000    0.618458
 1388.000000    0.681671
 1398.000000    0.713509
 1408.000000    0.725160
 1418.000000    0.755852
 1428.000000    0.764701
 1438.000000    0.753939
 1448.000000    0.732604
 1458.000000    0.696957
 1468.000000    0.714941
 1478.000000    0.725845
 1488.000000    0.685429
 1498.000000    0.658881
 1508.000000    0.693880
 1518.000000    0.674893
 1528.000000    0.673111
 1538.000000    0.742112
 1548.000000    0.733740
 1558.000000    0.744024
 1568.000000    0.778319
 1578.000000    0.777572
 1588.000000    0.739770
 1598.000000    0.737926
 1608.000000    0.743985
 1618.000000    0.706430
 1628.000000    0.698836
 1638.000000    0.724911
 1648.000000    0.750826
 1658.000000    0.773020
 1668.000000    0.780241
 1678.000000    0.772029
 1688.000000    0.767894
 1698.000000    0.772926
 1708.000000    0.734522
 1718.000000    0.698749
 1728.000000    0.679009
 1738.000000    0.747050
 1748.000000    0.778068
 1758.000000    0.779362
 1768.000000    0.731031
 1778.000000    0.697476
 1788.000000    0.697466
 1798.000000    0.697604
 1808.000000    0.697082
