#  pixel_depth  alphabetafraction   >  Analysis of alpha beta fraction
  274.000000    0.646797
  284.000000    0.654368
  294.000000    0.686434
  304.000000    0.658505
  314.000000    0.667310
  324.000000    0.714508
  334.000000    0.738911
  344.000000    0.767109
  354.000000    0.799082
  364.000000    0.760358
  374.000000    0.734162
  384.000000    0.753510
  394.000000    0.770465
  404.000000    0.742875
  414.000000    0.732204
  424.000000    0.741616
  434.000000    0.705822
  444.000000    0.692092
  454.000000    0.740287
  464.000000    0.787638
  474.000000    0.795190
  484.000000    0.776475
  494.000000    0.752472
  504.000000    0.739405
  514.000000    0.748323
  524.000000    0.755610
  534.000000    0.708323
  544.000000    0.708439
  554.000000    0.737155
  564.000000    0.707765
  574.000000    0.718679
  584.000000    0.744362
  594.000000    0.716326
  604.000000    0.710571
  614.000000    0.700053
  624.000000    0.760270
  634.000000    0.808942
  644.000000    0.812639
  654.000000    0.825160
  664.000000    0.815038
  674.000000    0.819313
  684.000000    0.816084
  694.000000    0.747815
  704.000000    0.723497
  714.000000    0.690544
  724.000000    0.732552
  734.000000    0.757290
  744.000000    0.784315
  754.000000    0.828294
  764.000000    0.799806
  774.000000    0.805038
  784.000000    0.844502
  794.000000    0.819743
  804.000000    0.804432
  814.000000    0.805771
  824.000000    0.762782
  834.000000    0.764151
  844.000000    0.752617
  854.000000    0.769849
  864.000000    0.757421
  874.000000    0.788425
  884.000000    0.797653
  894.000000    0.771276
  904.000000    0.753845
  914.000000    0.686182
  924.000000    0.664313
  934.000000    0.727424
  944.000000    0.742189
  954.000000    0.718573
  964.000000    0.663820
  974.000000    0.616269
  984.000000    0.674472
  994.000000    0.751329
 1004.000000    0.803798
 1014.000000    0.812230
 1024.000000    0.756510
 1034.000000    0.729213
 1044.000000    0.699411
 1054.000000    0.710093
 1064.000000    0.728067
 1074.000000    0.737935
 1084.000000    0.670296
 1094.000000    0.663936
 1104.000000    0.629468
 1114.000000    0.634729
 1124.000000    0.712527
 1134.000000    0.701417
 1144.000000    0.670283
 1154.000000    0.674095
 1164.000000    0.674143
 1174.000000    0.665833
 1184.000000    0.672254
 1194.000000    0.640113
 1204.000000    0.661699
 1214.000000    0.682096
 1224.000000    0.771583
 1234.000000    0.778171
 1244.000000    0.756113
 1254.000000    0.714688
 1264.000000    0.698409
 1274.000000    0.668660
 1284.000000    0.715343
 1294.000000    0.714208
 1304.000000    0.715824
 1314.000000    0.712299
 1324.000000    0.725139
 1334.000000    0.815113
 1344.000000    0.820948
 1354.000000    0.815947
 1364.000000    0.821433
 1374.000000    0.816043
 1384.000000    0.739620
 1394.000000    0.765519
 1404.000000    0.713207
 1414.000000    0.721314
 1424.000000    0.746975
 1434.000000    0.751228
 1444.000000    0.728697
 1454.000000    0.704411
 1464.000000    0.704538
 1474.000000    0.721649
 1484.000000    0.641813
 1494.000000    0.624761
 1504.000000    0.609233
 1514.000000    0.597011
 1524.000000    0.603893
 1534.000000    0.590546
 1544.000000    0.577314
 1554.000000    0.559055
 1564.000000    0.608742
 1574.000000    0.672658
 1584.000000    0.697375
 1594.000000    0.680910
 1604.000000    0.673534
 1614.000000    0.697989
 1624.000000    0.672192
 1634.000000    0.681457
 1644.000000    0.717888
 1654.000000    0.722455
 1664.000000    0.735730
 1674.000000    0.749938
 1684.000000    0.798890
 1694.000000    0.803346
 1704.000000    0.823130
 1714.000000    0.765716
 1724.000000    0.754117
 1734.000000    0.753802
 1744.000000    0.738979
 1754.000000    0.718765
 1764.000000    0.736143
 1774.000000    0.703744
 1784.000000    0.655507
 1794.000000    0.608421
 1804.000000    0.635433
 1814.000000    0.698593
 1824.000000    0.727625
 1834.000000    0.744781
 1844.000000    0.748922
 1854.000000    0.774770
 1864.000000    0.750707
 1874.000000    0.771040
 1884.000000    0.730523
 1894.000000    0.668003
 1904.000000    0.655575
 1914.000000    0.712525
 1924.000000    0.739707
 1934.000000    0.815709
