#  pixel_depth  alphabetafraction   >  Analysis of alpha beta fraction
   60.000000    0.925801
   70.000000    0.891789
   80.000000    0.883002
   90.000000    0.885467
  100.000000    0.869248
  110.000000    0.883025
  120.000000    0.877124
  130.000000    0.914535
  140.000000    0.927744
  150.000000    0.908480
  160.000000    0.888810
  170.000000    0.869128
  180.000000    0.834453
  190.000000    0.813639
  200.000000    0.826097
  210.000000    0.839334
  220.000000    0.837118
  230.000000    0.881974
  240.000000    0.886727
  250.000000    0.894759
  260.000000    0.882968
  270.000000    0.833216
  280.000000    0.800180
  290.000000    0.818041
  300.000000    0.820487
  310.000000    0.828513
  320.000000    0.895600
  330.000000    0.876118
  340.000000    0.839295
  350.000000    0.809753
  360.000000    0.835574
  370.000000    0.818345
  380.000000    0.868478
  390.000000    0.877905
  400.000000    0.861559
  410.000000    0.840016
  420.000000    0.816608
  430.000000    0.871680
  440.000000    0.866724
  450.000000    0.867632
  460.000000    0.886485
  470.000000    0.870932
  480.000000    0.874406
  490.000000    0.869126
  500.000000    0.862050
  510.000000    0.837021
  520.000000    0.805062
  530.000000    0.831161
  540.000000    0.813920
  550.000000    0.844314
  560.000000    0.838728
  570.000000    0.777203
  580.000000    0.767490
  590.000000    0.754466
  600.000000    0.769388
  610.000000    0.782960
  620.000000    0.769649
  630.000000    0.805049
  640.000000    0.815495
  650.000000    0.793782
  660.000000    0.751750
  670.000000    0.727355
  680.000000    0.706191
  690.000000    0.750569
  700.000000    0.803992
  710.000000    0.829457
  720.000000    0.840045
  730.000000    0.838421
  740.000000    0.833578
  750.000000    0.809766
  760.000000    0.787399
  770.000000    0.771726
  780.000000    0.755182
  790.000000    0.753455
  800.000000    0.738467
  810.000000    0.737855
  820.000000    0.776371
  830.000000    0.800779
  840.000000    0.764888
  850.000000    0.729465
  860.000000    0.735961
  870.000000    0.767332
  880.000000    0.773543
  890.000000    0.820698
  900.000000    0.874261
  910.000000    0.866451
  920.000000    0.826371
  930.000000    0.801951
  940.000000    0.795913
  950.000000    0.781374
  960.000000    0.782888
  970.000000    0.809345
  980.000000    0.788080
  990.000000    0.740979
 1000.000000    0.754827
 1010.000000    0.707575
 1020.000000    0.764634
 1030.000000    0.818413
 1040.000000    0.794307
 1050.000000    0.816104
 1060.000000    0.822747
 1070.000000    0.798575
 1080.000000    0.734311
 1090.000000    0.731360
 1100.000000    0.751332
 1110.000000    0.779831
 1120.000000    0.844586
 1130.000000    0.822809
 1140.000000    0.789769
 1150.000000    0.774117
 1160.000000    0.711887
 1170.000000    0.682291
 1180.000000    0.728604
 1190.000000    0.686121
 1200.000000    0.717396
 1210.000000    0.769451
 1220.000000    0.808809
 1230.000000    0.832576
 1240.000000    0.856080
 1250.000000    0.854814
 1260.000000    0.843850
 1270.000000    0.874421
 1280.000000    0.845433
 1290.000000    0.830990
 1300.000000    0.817303
 1310.000000    0.810553
 1320.000000    0.806463
 1330.000000    0.790653
 1340.000000    0.785589
 1350.000000    0.754073
 1360.000000    0.669270
 1370.000000    0.713703
 1380.000000    0.743936
 1390.000000    0.776789
 1400.000000    0.801225
 1410.000000    0.755497
 1420.000000    0.742903
 1430.000000    0.760063
 1440.000000    0.727218
 1450.000000    0.758038
 1460.000000    0.793381
 1470.000000    0.850726
 1480.000000    0.883937
 1490.000000    0.830639
 1500.000000    0.808024
 1510.000000    0.754154
 1520.000000    0.686603
 1530.000000    0.678098
 1540.000000    0.731906
 1550.000000    0.738393
 1560.000000    0.740413
 1570.000000    0.764796
 1580.000000    0.733754
 1590.000000    0.728858
 1600.000000    0.738334
 1610.000000    0.791390
 1620.000000    0.797584
 1630.000000    0.823006
 1640.000000    0.843445
 1650.000000    0.848680
 1660.000000    0.830929
 1670.000000    0.828971
 1680.000000    0.835546
 1690.000000    0.820117
 1700.000000    0.804291
