#  pixel_depth  alphabetafraction   >  Analysis of alpha beta fraction
  156.000000    0.809041
  166.000000    0.830185
  176.000000    0.878995
  186.000000    0.863722
  196.000000    0.854139
  206.000000    0.871969
  216.000000    0.892720
  226.000000    0.861595
  236.000000    0.834241
  246.000000    0.788069
  256.000000    0.784271
  266.000000    0.785764
  276.000000    0.823085
  286.000000    0.773814
  296.000000    0.785013
  306.000000    0.780660
  316.000000    0.775030
  326.000000    0.757673
  336.000000    0.736109
  346.000000    0.789332
  356.000000    0.785595
  366.000000    0.863584
  376.000000    0.863832
  386.000000    0.890974
  396.000000    0.867819
  406.000000    0.868781
  416.000000    0.816571
  426.000000    0.806994
  436.000000    0.842710
  446.000000    0.855521
  456.000000    0.836558
  466.000000    0.777412
  476.000000    0.830194
  486.000000    0.850977
  496.000000    0.834318
  506.000000    0.851319
  516.000000    0.843785
  526.000000    0.776578
  536.000000    0.782780
  546.000000    0.816162
  556.000000    0.826330
  566.000000    0.816658
  576.000000    0.791168
  586.000000    0.812671
  596.000000    0.790595
  606.000000    0.806255
  616.000000    0.773665
  626.000000    0.758473
  636.000000    0.805719
  646.000000    0.826045
  656.000000    0.855174
  666.000000    0.837504
  676.000000    0.830313
  686.000000    0.783982
  696.000000    0.770427
  706.000000    0.747374
  716.000000    0.712138
  726.000000    0.690478
  736.000000    0.688392
  746.000000    0.718478
  756.000000    0.779811
  766.000000    0.847601
  776.000000    0.844690
  786.000000    0.829135
  796.000000    0.815026
  806.000000    0.796753
  816.000000    0.806347
  826.000000    0.796032
  836.000000    0.757935
  846.000000    0.713915
  856.000000    0.753330
  866.000000    0.769314
  876.000000    0.787667
  886.000000    0.798437
  896.000000    0.836890
  906.000000    0.848892
  916.000000    0.850893
  926.000000    0.853648
  936.000000    0.828380
  946.000000    0.828349
  956.000000    0.769377
  966.000000    0.750601
  976.000000    0.775534
  986.000000    0.801942
  996.000000    0.786208
 1006.000000    0.808319
 1016.000000    0.814978
 1026.000000    0.828167
 1036.000000    0.825698
 1046.000000    0.844000
 1056.000000    0.819442
 1066.000000    0.772277
 1076.000000    0.758121
 1086.000000    0.701388
 1096.000000    0.742373
 1106.000000    0.756292
 1116.000000    0.769674
 1126.000000    0.800569
 1136.000000    0.799861
 1146.000000    0.825848
 1156.000000    0.841844
 1166.000000    0.824532
 1176.000000    0.813601
 1186.000000    0.815999
 1196.000000    0.775223
 1206.000000    0.768059
 1216.000000    0.821499
 1226.000000    0.855780
 1236.000000    0.876369
 1246.000000    0.869539
 1256.000000    0.847377
 1266.000000    0.806911
 1276.000000    0.801683
 1286.000000    0.783173
 1296.000000    0.820948
 1306.000000    0.838374
 1316.000000    0.845515
 1326.000000    0.825876
 1336.000000    0.826728
 1346.000000    0.840125
 1356.000000    0.795280
 1366.000000    0.801717
 1376.000000    0.797111
 1386.000000    0.765412
 1396.000000    0.738591
 1406.000000    0.748787
 1416.000000    0.810876
 1426.000000    0.846827
 1436.000000    0.869793
 1446.000000    0.873430
 1456.000000    0.863820
 1466.000000    0.817879
 1476.000000    0.791397
 1486.000000    0.749474
 1496.000000    0.761512
 1506.000000    0.778549
 1516.000000    0.819672
 1526.000000    0.831005
 1536.000000    0.818264
 1546.000000    0.837635
 1556.000000    0.864188
 1566.000000    0.846802
 1576.000000    0.831408
 1586.000000    0.787544
 1596.000000    0.833899
 1606.000000    0.809679
 1616.000000    0.781136
 1626.000000    0.827873
 1636.000000    0.866176
 1646.000000    0.808163
 1656.000000    0.785784
 1666.000000    0.761049
 1676.000000    0.800994
 1686.000000    0.851356
 1696.000000    0.860057
 1706.000000    0.850817
 1716.000000    0.860519
 1726.000000    0.895126
 1736.000000    0.877065
 1746.000000    0.864172
 1756.000000    0.853856
 1766.000000    0.818107
 1776.000000    0.808137
 1786.000000    0.807507
 1796.000000    0.784813
 1806.000000    0.811222
 1816.000000    0.831547
 1826.000000    0.793078
 1836.000000    0.792349
