#  pixel_depth  alphabetafraction   >  Analysis of alpha beta fraction
  106.000000    0.631318
  116.000000    0.608715
  126.000000    0.648763
  136.000000    0.650321
  146.000000    0.665689
  156.000000    0.698854
  166.000000    0.742910
  176.000000    0.723796
  186.000000    0.660519
  196.000000    0.613779
  206.000000    0.629193
  216.000000    0.621924
  226.000000    0.666238
  236.000000    0.699693
  246.000000    0.725213
  256.000000    0.753824
  266.000000    0.719345
  276.000000    0.690547
  286.000000    0.644395
  296.000000    0.726632
  306.000000    0.810267
  316.000000    0.804674
  326.000000    0.733965
  336.000000    0.702201
  346.000000    0.710030
  356.000000    0.686988
  366.000000    0.662365
  376.000000    0.689446
  386.000000    0.702137
  396.000000    0.705759
  406.000000    0.679804
  416.000000    0.725682
  426.000000    0.770338
  436.000000    0.790913
  446.000000    0.749152
  456.000000    0.753944
  466.000000    0.764390
  476.000000    0.793675
  486.000000    0.786417
  496.000000    0.759686
  506.000000    0.702749
  516.000000    0.732787
  526.000000    0.805709
  536.000000    0.811058
  546.000000    0.792487
  556.000000    0.730002
  566.000000    0.683630
  576.000000    0.570583
  586.000000    0.583007
  596.000000    0.629721
  606.000000    0.703844
  616.000000    0.754655
  626.000000    0.767138
  636.000000    0.735427
  646.000000    0.701824
  656.000000    0.693124
  666.000000    0.671238
  676.000000    0.716480
  686.000000    0.734958
  696.000000    0.711078
  706.000000    0.715098
  716.000000    0.675947
  726.000000    0.615320
  736.000000    0.634182
  746.000000    0.652357
  756.000000    0.698217
  766.000000    0.705597
  776.000000    0.704252
  786.000000    0.745135
  796.000000    0.757630
  806.000000    0.764251
  816.000000    0.782398
  826.000000    0.752028
  836.000000    0.788162
  846.000000    0.786883
  856.000000    0.693510
  866.000000    0.618243
  876.000000    0.559693
  886.000000    0.617073
  896.000000    0.725608
  906.000000    0.749673
  916.000000    0.693417
  926.000000    0.696643
  936.000000    0.787835
  946.000000    0.778187
  956.000000    0.757206
  966.000000    0.737599
  976.000000    0.765937
  986.000000    0.774717
  996.000000    0.775900
 1006.000000    0.725414
 1016.000000    0.693935
 1026.000000    0.716777
 1036.000000    0.714799
 1046.000000    0.672695
 1056.000000    0.655598
 1066.000000    0.660720
 1076.000000    0.637278
 1086.000000    0.668588
 1096.000000    0.669761
 1106.000000    0.670483
 1116.000000    0.709859
 1126.000000    0.723354
 1136.000000    0.711819
 1146.000000    0.763921
 1156.000000    0.782476
 1166.000000    0.790363
 1176.000000    0.745574
 1186.000000    0.711901
 1196.000000    0.739109
 1206.000000    0.741935
 1216.000000    0.758691
 1226.000000    0.716898
 1236.000000    0.743838
 1246.000000    0.718279
 1256.000000    0.688293
 1266.000000    0.720438
 1276.000000    0.719991
 1286.000000    0.737758
 1296.000000    0.790518
 1306.000000    0.769830
 1316.000000    0.781989
 1326.000000    0.750841
 1336.000000    0.644575
 1346.000000    0.609028
 1356.000000    0.589668
 1366.000000    0.620876
 1376.000000    0.648402
 1386.000000    0.767188
 1396.000000    0.749932
 1406.000000    0.756795
 1416.000000    0.775629
 1426.000000    0.788053
 1436.000000    0.789708
 1446.000000    0.747879
 1456.000000    0.734984
 1466.000000    0.716047
 1476.000000    0.644387
 1486.000000    0.582384
 1496.000000    0.662728
 1506.000000    0.730786
 1516.000000    0.796921
 1526.000000    0.867266
 1536.000000    0.861942
 1546.000000    0.753695
 1556.000000    0.699011
 1566.000000    0.649112
 1576.000000    0.673722
 1586.000000    0.693011
 1596.000000    0.690914
 1606.000000    0.776039
 1616.000000    0.801278
 1626.000000    0.753873
 1636.000000    0.700021
 1646.000000    0.667033
 1656.000000    0.620393
 1666.000000    0.576336
 1676.000000    0.577489
 1686.000000    0.634883
 1696.000000    0.687733
 1706.000000    0.676714
 1716.000000    0.708116
 1726.000000    0.732477
 1736.000000    0.709010
 1746.000000    0.706450
 1756.000000    0.634800
 1766.000000    0.629278
 1776.000000    0.701164
 1786.000000    0.715986
 1796.000000    0.684251
 1806.000000    0.719248
 1816.000000    0.727726
 1826.000000    0.681474
 1836.000000    0.591346
 1846.000000    0.590039
 1856.000000    0.653284
 1866.000000    0.663529
 1876.000000    0.716116
 1886.000000    0.687267
