#  pixel_depth  alphabetafraction   >  Analysis of alpha beta fraction
   60.000000    0.710983
   70.000000    0.692076
   80.000000    0.653659
   90.000000    0.677381
  100.000000    0.727401
  110.000000    0.737809
  120.000000    0.706357
  130.000000    0.691916
  140.000000    0.637036
  150.000000    0.642500
  160.000000    0.684550
  170.000000    0.691724
  180.000000    0.644498
  190.000000    0.606460
  200.000000    0.606095
  210.000000    0.613167
  220.000000    0.647868
  230.000000    0.622406
  240.000000    0.613605
  250.000000    0.602335
  260.000000    0.611984
  270.000000    0.642806
  280.000000    0.654429
  290.000000    0.621175
  300.000000    0.636037
  310.000000    0.668863
  320.000000    0.657930
  330.000000    0.679875
  340.000000    0.723250
  350.000000    0.688692
  360.000000    0.648788
  370.000000    0.645777
  380.000000    0.616333
  390.000000    0.637366
  400.000000    0.620646
  410.000000    0.593265
  420.000000    0.651342
  430.000000    0.677029
  440.000000    0.685624
  450.000000    0.658911
  460.000000    0.623720
  470.000000    0.586665
  480.000000    0.642122
  490.000000    0.654239
  500.000000    0.657741
  510.000000    0.648042
  520.000000    0.631277
  530.000000    0.617446
  540.000000    0.607808
  550.000000    0.581759
  560.000000    0.586446
  570.000000    0.609523
  580.000000    0.613865
  590.000000    0.656328
  600.000000    0.665573
  610.000000    0.676743
  620.000000    0.668354
  630.000000    0.609943
  640.000000    0.615494
  650.000000    0.617696
  660.000000    0.607088
  670.000000    0.590632
  680.000000    0.571566
  690.000000    0.565671
  700.000000    0.524310
  710.000000    0.570306
  720.000000    0.563509
  730.000000    0.563914
  740.000000    0.564146
  750.000000    0.536455
  760.000000    0.582186
  770.000000    0.598482
  780.000000    0.608902
  790.000000    0.599658
  800.000000    0.608001
  810.000000    0.568860
  820.000000    0.548537
  830.000000    0.544631
  840.000000    0.634912
  850.000000    0.725094
  860.000000    0.728046
  870.000000    0.743848
  880.000000    0.703779
  890.000000    0.691384
  900.000000    0.638127
  910.000000    0.555254
  920.000000    0.543377
  930.000000    0.561762
  940.000000    0.599566
  950.000000    0.642563
  960.000000    0.658885
  970.000000    0.642934
  980.000000    0.606932
  990.000000    0.607498
 1000.000000    0.552600
 1010.000000    0.494494
 1020.000000    0.487802
 1030.000000    0.512548
 1040.000000    0.514181
 1050.000000    0.537569
 1060.000000    0.554189
 1070.000000    0.567896
 1080.000000    0.586284
 1090.000000    0.570342
 1100.000000    0.559295
 1110.000000    0.500443
 1120.000000    0.607038
 1130.000000    0.649805
 1140.000000    0.650930
 1150.000000    0.634656
 1160.000000    0.556866
 1170.000000    0.540080
 1180.000000    0.464614
 1190.000000    0.481313
 1200.000000    0.478873
 1210.000000    0.525943
 1220.000000    0.582158
 1230.000000    0.654424
 1240.000000    0.654455
 1250.000000    0.650923
 1260.000000    0.645534
 1270.000000    0.619768
 1280.000000    0.641618
 1290.000000    0.658181
 1300.000000    0.679256
 1310.000000    0.648184
 1320.000000    0.664541
 1330.000000    0.601908
 1340.000000    0.608504
 1350.000000    0.643547
 1360.000000    0.623671
 1370.000000    0.605268
 1380.000000    0.610614
 1390.000000    0.617588
 1400.000000    0.676108
 1410.000000    0.646776
 1420.000000    0.654300
 1430.000000    0.655074
 1440.000000    0.671516
 1450.000000    0.586918
 1460.000000    0.597641
 1470.000000    0.627623
 1480.000000    0.589414
 1490.000000    0.597154
 1500.000000    0.610955
 1510.000000    0.633184
 1520.000000    0.634848
 1530.000000    0.669417
 1540.000000    0.648186
 1550.000000    0.668283
 1560.000000    0.650326
 1570.000000    0.634979
 1580.000000    0.650870
 1590.000000    0.629069
 1600.000000    0.602795
 1610.000000    0.583129
 1620.000000    0.600874
 1630.000000    0.618644
 1640.000000    0.555887
 1650.000000    0.503028
 1660.000000    0.488250
 1670.000000    0.481764
 1680.000000    0.519138
 1690.000000    0.580807
 1700.000000    0.602743
 1710.000000    0.582335
 1720.000000    0.626403
 1730.000000    0.650360
