#  pixel_depth  alphabetafraction   >  Analysis of alpha beta fraction
  114.000000    0.543840
  124.000000    0.654181
  134.000000    0.702498
  144.000000    0.666156
  154.000000    0.679487
  164.000000    0.694896
  174.000000    0.685081
  184.000000    0.667814
  194.000000    0.708794
  204.000000    0.683896
  214.000000    0.689935
  224.000000    0.627334
  234.000000    0.608909
  244.000000    0.585723
  254.000000    0.595627
  264.000000    0.647759
  274.000000    0.623472
  284.000000    0.610492
  294.000000    0.579220
  304.000000    0.578695
  314.000000    0.606175
  324.000000    0.641475
  334.000000    0.670477
  344.000000    0.734465
  354.000000    0.752497
  364.000000    0.728892
  374.000000    0.703102
  384.000000    0.652750
  394.000000    0.687836
  404.000000    0.687529
  414.000000    0.691887
  424.000000    0.739228
  434.000000    0.747823
  444.000000    0.764304
  454.000000    0.798620
  464.000000    0.794509
  474.000000    0.789299
  484.000000    0.762884
  494.000000    0.681295
  504.000000    0.651898
  514.000000    0.726593
  524.000000    0.751646
  534.000000    0.761856
  544.000000    0.754539
  554.000000    0.719973
  564.000000    0.710412
  574.000000    0.737310
  584.000000    0.742001
  594.000000    0.746226
  604.000000    0.760382
  614.000000    0.678855
  624.000000    0.593401
  634.000000    0.501679
  644.000000    0.551260
  654.000000    0.553627
  664.000000    0.572259
  674.000000    0.603300
  684.000000    0.652554
  694.000000    0.697940
  704.000000    0.731116
  714.000000    0.717668
  724.000000    0.719799
  734.000000    0.680590
  744.000000    0.674435
  754.000000    0.686064
  764.000000    0.707658
  774.000000    0.700663
  784.000000    0.745404
  794.000000    0.727438
  804.000000    0.741534
  814.000000    0.767613
  824.000000    0.755879
  834.000000    0.745272
  844.000000    0.721594
  854.000000    0.717167
  864.000000    0.697662
  874.000000    0.695918
  884.000000    0.668118
  894.000000    0.695700
  904.000000    0.688461
  914.000000    0.710797
  924.000000    0.730570
  934.000000    0.698521
  944.000000    0.639362
  954.000000    0.619423
  964.000000    0.585131
  974.000000    0.612509
  984.000000    0.642679
  994.000000    0.607912
 1004.000000    0.688190
 1014.000000    0.768084
 1024.000000    0.747653
 1034.000000    0.783124
 1044.000000    0.798205
 1054.000000    0.784553
 1064.000000    0.712516
 1074.000000    0.689788
 1084.000000    0.544860
 1094.000000    0.528836
 1104.000000    0.560760
 1114.000000    0.636949
 1124.000000    0.693812
 1134.000000    0.709647
 1144.000000    0.713501
 1154.000000    0.713016
 1164.000000    0.692712
 1174.000000    0.678776
 1184.000000    0.690866
 1194.000000    0.705670
 1204.000000    0.710066
 1214.000000    0.702504
 1224.000000    0.680140
 1234.000000    0.652281
 1244.000000    0.670189
 1254.000000    0.698177
 1264.000000    0.732113
 1274.000000    0.742181
 1284.000000    0.717975
 1294.000000    0.748107
 1304.000000    0.746398
 1314.000000    0.748238
 1324.000000    0.700066
 1334.000000    0.667271
 1344.000000    0.604603
 1354.000000    0.607661
 1364.000000    0.604607
 1374.000000    0.659818
 1384.000000    0.710114
 1394.000000    0.693716
 1404.000000    0.697628
 1414.000000    0.694215
 1424.000000    0.673803
 1434.000000    0.685117
 1444.000000    0.709211
 1454.000000    0.729596
 1464.000000    0.688781
 1474.000000    0.617021
 1484.000000    0.607547
 1494.000000    0.611937
 1504.000000    0.583031
 1514.000000    0.627855
 1524.000000    0.718210
 1534.000000    0.750309
 1544.000000    0.754166
 1554.000000    0.740254
 1564.000000    0.718484
 1574.000000    0.677791
 1584.000000    0.658925
 1594.000000    0.667044
 1604.000000    0.651389
 1614.000000    0.711387
 1624.000000    0.758034
 1634.000000    0.766926
 1644.000000    0.755828
 1654.000000    0.717985
 1664.000000    0.711602
 1674.000000    0.682206
 1684.000000    0.652918
 1694.000000    0.725394
 1704.000000    0.715668
 1714.000000    0.742774
 1724.000000    0.739186
 1734.000000    0.744069
 1744.000000    0.743449
 1754.000000    0.714250
 1764.000000    0.738587
 1774.000000    0.748738
 1784.000000    0.764980
 1794.000000    0.697653
 1804.000000    0.568967
 1814.000000    0.574020
 1824.000000    0.575994
 1834.000000    0.571669
 1844.000000    0.585380
 1854.000000    0.617896
 1864.000000    0.671118
