#  pixel_depth  alphabetafraction   >  Analysis of alpha beta fraction
   67.000000    0.640801
   77.000000    0.612892
   87.000000    0.645562
   97.000000    0.623834
  107.000000    0.634449
  117.000000    0.654650
  127.000000    0.645361
  137.000000    0.690389
  147.000000    0.729377
  157.000000    0.749197
  167.000000    0.742674
  177.000000    0.678782
  187.000000    0.606156
  197.000000    0.626987
  207.000000    0.664575
  217.000000    0.671868
  227.000000    0.674486
  237.000000    0.696102
  247.000000    0.677886
  257.000000    0.663929
  267.000000    0.665307
  277.000000    0.620862
  287.000000    0.572537
  297.000000    0.546660
  307.000000    0.581113
  317.000000    0.585833
  327.000000    0.631408
  337.000000    0.581993
  347.000000    0.604825
  357.000000    0.639094
  367.000000    0.625827
  377.000000    0.592237
  387.000000    0.634090
  397.000000    0.646127
  407.000000    0.660091
  417.000000    0.685003
  427.000000    0.688085
  437.000000    0.638852
  447.000000    0.616718
  457.000000    0.577188
  467.000000    0.536852
  477.000000    0.533317
  487.000000    0.554006
  497.000000    0.516853
  507.000000    0.597594
  517.000000    0.551399
  527.000000    0.586802
  537.000000    0.612260
  547.000000    0.567303
  557.000000    0.604383
  567.000000    0.605952
  577.000000    0.646670
  587.000000    0.636411
  597.000000    0.548175
  607.000000    0.505398
  617.000000    0.532380
  627.000000    0.513682
  637.000000    0.575594
  647.000000    0.619627
  657.000000    0.625089
  667.000000    0.641303
  677.000000    0.679201
  687.000000    0.761890
  697.000000    0.798839
  707.000000    0.837480
  717.000000    0.790777
  727.000000    0.765466
  737.000000    0.752943
  747.000000    0.740997
  757.000000    0.727530
  767.000000    0.668838
  777.000000    0.651752
  787.000000    0.662605
  797.000000    0.635140
  807.000000    0.628081
  817.000000    0.640580
  827.000000    0.654740
  837.000000    0.713066
  847.000000    0.710564
  857.000000    0.671907
  867.000000    0.669345
  877.000000    0.658225
  887.000000    0.710313
  897.000000    0.699426
  907.000000    0.678949
  917.000000    0.653606
  927.000000    0.614734
  937.000000    0.635036
  947.000000    0.591582
  957.000000    0.627992
  967.000000    0.668667
  977.000000    0.649588
  987.000000    0.640459
  997.000000    0.654884
 1007.000000    0.656517
 1017.000000    0.631507
 1027.000000    0.572178
 1037.000000    0.594753
 1047.000000    0.600268
 1057.000000    0.642680
 1067.000000    0.628281
 1077.000000    0.649431
 1087.000000    0.688631
 1097.000000    0.670655
 1107.000000    0.640682
 1117.000000    0.609579
 1127.000000    0.579099
 1137.000000    0.600282
 1147.000000    0.568673
 1157.000000    0.567256
 1167.000000    0.575671
 1177.000000    0.584983
 1187.000000    0.555362
 1197.000000    0.559084
 1207.000000    0.603967
 1217.000000    0.592437
 1227.000000    0.606908
 1237.000000    0.576474
 1247.000000    0.535136
 1257.000000    0.565380
 1267.000000    0.593624
 1277.000000    0.654349
 1287.000000    0.657585
 1297.000000    0.625096
 1307.000000    0.615189
 1317.000000    0.598759
 1327.000000    0.520218
 1337.000000    0.617633
 1347.000000    0.588597
 1357.000000    0.628892
 1367.000000    0.640264
 1377.000000    0.603568
 1387.000000    0.551120
 1397.000000    0.613031
 1407.000000    0.643974
 1417.000000    0.513181
 1427.000000    0.590960
 1437.000000    0.633331
 1447.000000    0.658490
 1457.000000    0.636004
 1467.000000    0.635290
 1477.000000    0.640855
 1487.000000    0.666870
 1497.000000    0.674226
 1507.000000    0.700021
 1517.000000    0.772882
 1527.000000    0.781083
 1537.000000    0.739938
 1547.000000    0.718649
 1557.000000    0.632396
 1567.000000    0.600724
 1577.000000    0.627454
 1587.000000    0.633475
 1597.000000    0.616783
 1607.000000    0.641459
 1617.000000    0.633661
 1627.000000    0.621899
 1637.000000    0.628298
 1647.000000    0.637681
 1657.000000    0.666951
 1667.000000    0.632214
 1677.000000    0.636818
 1687.000000    0.624364
 1697.000000    0.664869
 1707.000000    0.671572
