#  pixel_depth  alphabetafraction   >  Analysis of alpha beta fraction
   42.000000    0.708022
   52.000000    0.698632
   62.000000    0.755853
   72.000000    0.734599
   82.000000    0.700298
   92.000000    0.692924
  102.000000    0.678913
  112.000000    0.691074
  122.000000    0.773413
  132.000000    0.777523
  142.000000    0.708079
  152.000000    0.713122
  162.000000    0.653965
  172.000000    0.650861
  182.000000    0.673225
  192.000000    0.656260
  202.000000    0.701017
  212.000000    0.691894
  222.000000    0.661814
  232.000000    0.667286
  242.000000    0.660966
  252.000000    0.648504
  262.000000    0.666150
  272.000000    0.669914
  282.000000    0.716454
  292.000000    0.738938
  302.000000    0.750326
  312.000000    0.741740
  322.000000    0.748575
  332.000000    0.662018
  342.000000    0.657756
  352.000000    0.634596
  362.000000    0.666121
  372.000000    0.625587
  382.000000    0.590850
  392.000000    0.610193
  402.000000    0.620473
  412.000000    0.648791
  422.000000    0.661875
  432.000000    0.665573
  442.000000    0.637375
  452.000000    0.616142
  462.000000    0.580880
  472.000000    0.555727
  482.000000    0.601745
  492.000000    0.584011
  502.000000    0.616843
  512.000000    0.683344
  522.000000    0.750578
  532.000000    0.804268
  542.000000    0.825831
  552.000000    0.813577
  562.000000    0.719438
  572.000000    0.628050
  582.000000    0.648072
  592.000000    0.622654
  602.000000    0.626639
  612.000000    0.661998
  622.000000    0.659056
  632.000000    0.615361
  642.000000    0.585222
  652.000000    0.580300
  662.000000    0.612677
  672.000000    0.715385
  682.000000    0.736677
  692.000000    0.756488
  702.000000    0.756490
  712.000000    0.695019
  722.000000    0.663286
  732.000000    0.596210
  742.000000    0.571675
  752.000000    0.612749
  762.000000    0.677008
  772.000000    0.744447
  782.000000    0.766233
  792.000000    0.709717
  802.000000    0.649217
  812.000000    0.664410
  822.000000    0.587351
  832.000000    0.592007
  842.000000    0.572640
  852.000000    0.571519
  862.000000    0.638712
  872.000000    0.644934
  882.000000    0.606816
  892.000000    0.582145
  902.000000    0.658851
  912.000000    0.679179
  922.000000    0.666042
  932.000000    0.647551
  942.000000    0.663057
  952.000000    0.673038
  962.000000    0.772857
  972.000000    0.770124
  982.000000    0.720732
  992.000000    0.688721
 1002.000000    0.635721
 1012.000000    0.661174
 1022.000000    0.632032
 1032.000000    0.638514
 1042.000000    0.621821
 1052.000000    0.653349
 1062.000000    0.744953
 1072.000000    0.768174
 1082.000000    0.699920
 1092.000000    0.707912
 1102.000000    0.659412
 1112.000000    0.632203
 1122.000000    0.598077
 1132.000000    0.583172
 1142.000000    0.574476
 1152.000000    0.606810
 1162.000000    0.604068
 1172.000000    0.644473
 1182.000000    0.685215
 1192.000000    0.685655
 1202.000000    0.628395
 1212.000000    0.611036
 1222.000000    0.640855
 1232.000000    0.627368
 1242.000000    0.637808
 1252.000000    0.688736
 1262.000000    0.689792
 1272.000000    0.651335
 1282.000000    0.644022
 1292.000000    0.640717
 1302.000000    0.606769
 1312.000000    0.663491
 1322.000000    0.702584
 1332.000000    0.712554
 1342.000000    0.701645
 1352.000000    0.733955
 1362.000000    0.712439
 1372.000000    0.650847
 1382.000000    0.697894
 1392.000000    0.731414
 1402.000000    0.712527
 1412.000000    0.675803
 1422.000000    0.660110
 1432.000000    0.614342
 1442.000000    0.612617
 1452.000000    0.626420
 1462.000000    0.618258
 1472.000000    0.630991
 1482.000000    0.644787
 1492.000000    0.676135
 1502.000000    0.680742
 1512.000000    0.671064
 1522.000000    0.649849
 1532.000000    0.667280
 1542.000000    0.668732
 1552.000000    0.653951
 1562.000000    0.655876
 1572.000000    0.678592
 1582.000000    0.663452
 1592.000000    0.633415
 1602.000000    0.601681
 1612.000000    0.596573
 1622.000000    0.607469
 1632.000000    0.603199
 1642.000000    0.641646
 1652.000000    0.697304
 1662.000000    0.744651
 1672.000000    0.744052
 1682.000000    0.725073
 1692.000000    0.729187
 1702.000000    0.779125
 1712.000000    0.809865
 1722.000000    0.762766
 1732.000000    0.725926
 1742.000000    0.733452
 1752.000000    0.692936
