#  pixel_depth  alphabetafraction   >  Analysis of alpha beta fraction
   85.000000    0.616902
   95.000000    0.619914
  105.000000    0.630323
  115.000000    0.674456
  125.000000    0.742126
  135.000000    0.703353
  145.000000    0.666317
  155.000000    0.581189
  165.000000    0.597867
  175.000000    0.626747
  185.000000    0.676433
  195.000000    0.741170
  205.000000    0.732526
  215.000000    0.701349
  225.000000    0.724123
  235.000000    0.762337
  245.000000    0.764007
  255.000000    0.745576
  265.000000    0.701497
  275.000000    0.706600
  285.000000    0.721252
  295.000000    0.699066
  305.000000    0.703485
  315.000000    0.658079
  325.000000    0.649206
  335.000000    0.635450
  345.000000    0.618116
  355.000000    0.612888
  365.000000    0.638461
  375.000000    0.657897
  385.000000    0.641751
  395.000000    0.670356
  405.000000    0.664521
  415.000000    0.641324
  425.000000    0.609293
  435.000000    0.614356
  445.000000    0.678562
  455.000000    0.676191
  465.000000    0.647332
  475.000000    0.614317
  485.000000    0.644935
  495.000000    0.694412
  505.000000    0.707060
  515.000000    0.692663
  525.000000    0.696621
  535.000000    0.684337
  545.000000    0.704648
  555.000000    0.668012
  565.000000    0.649661
  575.000000    0.641735
  585.000000    0.630400
  595.000000    0.642339
  605.000000    0.611783
  615.000000    0.617448
  625.000000    0.678100
  635.000000    0.663746
  645.000000    0.659789
  655.000000    0.647168
  665.000000    0.673369
  675.000000    0.659607
  685.000000    0.647074
  695.000000    0.625202
  705.000000    0.647169
  715.000000    0.627093
  725.000000    0.591542
  735.000000    0.638036
  745.000000    0.672439
  755.000000    0.637068
  765.000000    0.656787
  775.000000    0.657526
  785.000000    0.630885
  795.000000    0.643598
  805.000000    0.659682
  815.000000    0.649393
  825.000000    0.659041
  835.000000    0.698432
  845.000000    0.735998
  855.000000    0.720414
  865.000000    0.750114
  875.000000    0.702351
  885.000000    0.668270
  895.000000    0.741162
  905.000000    0.750465
  915.000000    0.713646
  925.000000    0.699604
  935.000000    0.676473
  945.000000    0.690097
  955.000000    0.678102
  965.000000    0.652880
  975.000000    0.660846
  985.000000    0.609956
  995.000000    0.551856
 1005.000000    0.575957
 1015.000000    0.535803
 1025.000000    0.579099
 1035.000000    0.609221
 1045.000000    0.641019
 1055.000000    0.654305
 1065.000000    0.659595
 1075.000000    0.673098
 1085.000000    0.659398
 1095.000000    0.623684
 1105.000000    0.668325
 1115.000000    0.642625
 1125.000000    0.614911
 1135.000000    0.572958
 1145.000000    0.590090
 1155.000000    0.596734
 1165.000000    0.610746
 1175.000000    0.668111
 1185.000000    0.631863
 1195.000000    0.639596
 1205.000000    0.629833
 1215.000000    0.609063
 1225.000000    0.606000
 1235.000000    0.578869
 1245.000000    0.606297
 1255.000000    0.621862
 1265.000000    0.668876
 1275.000000    0.641392
 1285.000000    0.646129
 1295.000000    0.615378
 1305.000000    0.662353
 1315.000000    0.683320
 1325.000000    0.612466
 1335.000000    0.562501
 1345.000000    0.588261
 1355.000000    0.595120
 1365.000000    0.586830
 1375.000000    0.613658
 1385.000000    0.651630
 1395.000000    0.651666
 1405.000000    0.639061
 1415.000000    0.656968
 1425.000000    0.709913
 1435.000000    0.738807
 1445.000000    0.761626
 1455.000000    0.726590
 1465.000000    0.622919
 1475.000000    0.573375
 1485.000000    0.576769
 1495.000000    0.632573
 1505.000000    0.657813
 1515.000000    0.704852
 1525.000000    0.743882
 1535.000000    0.763749
 1545.000000    0.758875
 1555.000000    0.736191
 1565.000000    0.702142
 1575.000000    0.674099
 1585.000000    0.674663
 1595.000000    0.685008
 1605.000000    0.632456
 1615.000000    0.582845
 1625.000000    0.564932
 1635.000000    0.607014
 1645.000000    0.594421
 1655.000000    0.593566
 1665.000000    0.589225
 1675.000000    0.607769
 1685.000000    0.638010
 1695.000000    0.628059
 1705.000000    0.637738
 1715.000000    0.640191
 1725.000000    0.600360
 1735.000000    0.596134
 1745.000000    0.627608
 1755.000000    0.694501
 1765.000000    0.756838
 1775.000000    0.727447
 1785.000000    0.712310
 1795.000000    0.692496
