#  pixel_depth  alphabetafraction   >  Analysis of alpha beta fraction
  121.000000    0.804310
  131.000000    0.842625
  141.000000    0.821791
  151.000000    0.770632
  161.000000    0.748533
  171.000000    0.732693
  181.000000    0.724686
  191.000000    0.742061
  201.000000    0.781688
  211.000000    0.803883
  221.000000    0.838938
  231.000000    0.834036
  241.000000    0.817538
  251.000000    0.782400
  261.000000    0.767392
  271.000000    0.782839
  281.000000    0.820465
  291.000000    0.855472
  301.000000    0.858269
  311.000000    0.810535
  321.000000    0.770222
  331.000000    0.751930
  341.000000    0.695870
  351.000000    0.669166
  361.000000    0.736408
  371.000000    0.775456
  381.000000    0.777818
  391.000000    0.806160
  401.000000    0.791177
  411.000000    0.783947
  421.000000    0.795721
  431.000000    0.823100
  441.000000    0.826247
  451.000000    0.831368
  461.000000    0.826839
  471.000000    0.792267
  481.000000    0.762295
  491.000000    0.775404
  501.000000    0.801987
  511.000000    0.812303
  521.000000    0.824942
  531.000000    0.818211
  541.000000    0.819104
  551.000000    0.790146
  561.000000    0.737604
  571.000000    0.725233
  581.000000    0.719902
  591.000000    0.727796
  601.000000    0.695068
  611.000000    0.717362
  621.000000    0.713551
  631.000000    0.673659
  641.000000    0.728768
  651.000000    0.774669
  661.000000    0.809244
  671.000000    0.817939
  681.000000    0.773990
  691.000000    0.821632
  701.000000    0.844101
  711.000000    0.775383
  721.000000    0.776273
  731.000000    0.781650
  741.000000    0.779693
  751.000000    0.719498
  761.000000    0.725916
  771.000000    0.750339
  781.000000    0.766242
  791.000000    0.787465
  801.000000    0.791262
  811.000000    0.790904
  821.000000    0.757490
  831.000000    0.765863
  841.000000    0.821967
  851.000000    0.850005
  861.000000    0.766834
  871.000000    0.725078
  881.000000    0.727368
  891.000000    0.697377
  901.000000    0.701567
  911.000000    0.752875
  921.000000    0.792123
  931.000000    0.790719
  941.000000    0.756479
  951.000000    0.733354
  961.000000    0.753227
  971.000000    0.755453
  981.000000    0.796252
  991.000000    0.784438
 1001.000000    0.762753
 1011.000000    0.740817
 1021.000000    0.752280
 1031.000000    0.790873
 1041.000000    0.757161
 1051.000000    0.678848
 1061.000000    0.658633
 1071.000000    0.744035
 1081.000000    0.842861
 1091.000000    0.813397
 1101.000000    0.813551
 1111.000000    0.842242
 1121.000000    0.854171
 1131.000000    0.815601
 1141.000000    0.804001
 1151.000000    0.796770
 1161.000000    0.761553
 1171.000000    0.727524
 1181.000000    0.762932
 1191.000000    0.781566
 1201.000000    0.823731
 1211.000000    0.811048
 1221.000000    0.817608
 1231.000000    0.792255
 1241.000000    0.775602
 1251.000000    0.742612
 1261.000000    0.750599
 1271.000000    0.790754
 1281.000000    0.814224
 1291.000000    0.814576
 1301.000000    0.737725
 1311.000000    0.747000
 1321.000000    0.794202
 1331.000000    0.839119
 1341.000000    0.814533
 1351.000000    0.811440
 1361.000000    0.824063
 1371.000000    0.821144
 1381.000000    0.824897
 1391.000000    0.784634
 1401.000000    0.797974
 1411.000000    0.864477
 1421.000000    0.823797
 1431.000000    0.799918
 1441.000000    0.741789
 1451.000000    0.697771
 1461.000000    0.706747
 1471.000000    0.690217
 1481.000000    0.707136
 1491.000000    0.738133
 1501.000000    0.726010
 1511.000000    0.707580
 1521.000000    0.705574
 1531.000000    0.725553
 1541.000000    0.734139
 1551.000000    0.755593
 1561.000000    0.801633
 1571.000000    0.830169
 1581.000000    0.839717
 1591.000000    0.817277
 1601.000000    0.720685
 1611.000000    0.695351
 1621.000000    0.732083
 1631.000000    0.831230
 1641.000000    0.813094
 1651.000000    0.760723
 1661.000000    0.739641
 1671.000000    0.727171
 1681.000000    0.734059
 1691.000000    0.795151
 1701.000000    0.820930
 1711.000000    0.828837
 1721.000000    0.838478
 1731.000000    0.780796
 1741.000000    0.767299
 1751.000000    0.739060
 1761.000000    0.733664
 1771.000000    0.736583
 1781.000000    0.736452
 1791.000000    0.715968
 1801.000000    0.689455
 1811.000000    0.692999
 1821.000000    0.701457
 1831.000000    0.756493
 1841.000000    0.785268
 1851.000000    0.799390
 1861.000000    0.819666
 1871.000000    0.821533
 1881.000000    0.844333
 1891.000000    0.838023
 1901.000000    0.755144
 1911.000000    0.704497
 1921.000000    0.683260
 1931.000000    0.751513
 1941.000000    0.800046
