#  pixel_depth  alphabetafraction   >  Analysis of alpha beta fraction
  235.000000    0.595296
  245.000000    0.606859
  255.000000    0.604238
  265.000000    0.551493
  275.000000    0.533874
  285.000000    0.529355
  295.000000    0.608434
  305.000000    0.642305
  315.000000    0.680931
  325.000000    0.706176
  335.000000    0.718980
  345.000000    0.680559
  355.000000    0.640367
  365.000000    0.624105
  375.000000    0.575490
  385.000000    0.545144
  395.000000    0.560665
  405.000000    0.576124
  415.000000    0.568412
  425.000000    0.533748
  435.000000    0.529552
  445.000000    0.519665
  455.000000    0.552481
  465.000000    0.573670
  475.000000    0.580994
  485.000000    0.578949
  495.000000    0.567379
  505.000000    0.569282
  515.000000    0.537605
  525.000000    0.537575
  535.000000    0.573174
  545.000000    0.659805
  555.000000    0.673113
  565.000000    0.662615
  575.000000    0.657430
  585.000000    0.668148
  595.000000    0.652297
  605.000000    0.625878
  615.000000    0.609856
  625.000000    0.615327
  635.000000    0.581865
  645.000000    0.572890
  655.000000    0.666083
  665.000000    0.719167
  675.000000    0.734398
  685.000000    0.699816
  695.000000    0.640719
  705.000000    0.603995
  715.000000    0.587652
  725.000000    0.601736
  735.000000    0.645757
  745.000000    0.592070
  755.000000    0.637180
  765.000000    0.642238
  775.000000    0.639858
  785.000000    0.664493
  795.000000    0.665032
  805.000000    0.672693
  815.000000    0.642425
  825.000000    0.624822
  835.000000    0.654001
  845.000000    0.632742
  855.000000    0.621278
  865.000000    0.590777
  875.000000    0.545943
  885.000000    0.521194
  895.000000    0.555673
  905.000000    0.642700
  915.000000    0.648399
  925.000000    0.570073
  935.000000    0.548419
  945.000000    0.564035
  955.000000    0.576831
  965.000000    0.616190
  975.000000    0.618935
  985.000000    0.592478
  995.000000    0.595866
 1005.000000    0.588577
 1015.000000    0.626103
 1025.000000    0.626865
 1035.000000    0.643822
 1045.000000    0.634242
 1055.000000    0.661037
 1065.000000    0.686614
 1075.000000    0.698711
 1085.000000    0.661583
 1095.000000    0.645952
 1105.000000    0.658373
 1115.000000    0.665187
 1125.000000    0.614491
 1135.000000    0.566770
 1145.000000    0.581563
 1155.000000    0.596441
 1165.000000    0.641560
 1175.000000    0.622454
 1185.000000    0.618550
 1195.000000    0.664769
 1205.000000    0.767042
 1215.000000    0.804150
 1225.000000    0.804712
 1235.000000    0.762450
 1245.000000    0.700058
 1255.000000    0.683719
 1265.000000    0.658264
 1275.000000    0.658244
 1285.000000    0.717847
 1295.000000    0.722294
 1305.000000    0.670212
 1315.000000    0.606796
 1325.000000    0.598613
 1335.000000    0.582834
 1345.000000    0.544392
 1355.000000    0.621905
 1365.000000    0.620741
 1375.000000    0.557219
 1385.000000    0.528897
 1395.000000    0.560247
 1405.000000    0.482275
 1415.000000    0.494945
 1425.000000    0.550396
 1435.000000    0.594453
 1445.000000    0.603406
 1455.000000    0.609396
 1465.000000    0.603289
 1475.000000    0.626149
 1485.000000    0.620072
 1495.000000    0.611423
 1505.000000    0.591632
 1515.000000    0.593012
 1525.000000    0.508466
 1535.000000    0.467383
 1545.000000    0.508564
 1555.000000    0.547046
 1565.000000    0.540664
 1575.000000    0.556379
 1585.000000    0.580906
 1595.000000    0.528908
 1605.000000    0.508296
 1615.000000    0.508561
 1625.000000    0.464212
 1635.000000    0.543833
 1645.000000    0.571637
 1655.000000    0.594555
 1665.000000    0.626317
 1675.000000    0.655389
 1685.000000    0.629370
 1695.000000    0.590691
 1705.000000    0.510797
 1715.000000    0.554175
 1725.000000    0.593494
 1735.000000    0.687101
 1745.000000    0.713505
