#  pixel_depth  alphabetafraction   >  Analysis of alpha beta fraction
   10.000000    0.682860
   20.000000    0.661743
   30.000000    0.645810
   40.000000    0.694820
   50.000000    0.727627
   60.000000    0.691686
   70.000000    0.680587
   80.000000    0.692728
   90.000000    0.676670
  100.000000    0.643739
  110.000000    0.643160
  120.000000    0.679840
  130.000000    0.733257
  140.000000    0.771890
  150.000000    0.778874
  160.000000    0.798121
  170.000000    0.814621
  180.000000    0.748103
  190.000000    0.669093
  200.000000    0.675795
  210.000000    0.684096
  220.000000    0.725833
  230.000000    0.725904
  240.000000    0.735749
  250.000000    0.733903
  260.000000    0.734919
  270.000000    0.737194
  280.000000    0.732012
  290.000000    0.736778
  300.000000    0.735431
  310.000000    0.711455
  320.000000    0.691947
  330.000000    0.612284
  340.000000    0.569693
  350.000000    0.623083
  360.000000    0.602431
  370.000000    0.675597
  380.000000    0.702014
  390.000000    0.734060
  400.000000    0.750697
  410.000000    0.765894
  420.000000    0.752390
  430.000000    0.736589
  440.000000    0.734677
  450.000000    0.709558
  460.000000    0.684976
  470.000000    0.666345
  480.000000    0.609699
  490.000000    0.641541
  500.000000    0.719623
  510.000000    0.752599
  520.000000    0.707885
  530.000000    0.695604
  540.000000    0.688186
  550.000000    0.697179
  560.000000    0.755772
  570.000000    0.762287
  580.000000    0.759434
  590.000000    0.754905
  600.000000    0.687880
  610.000000    0.634105
  620.000000    0.612470
  630.000000    0.634178
  640.000000    0.622653
  650.000000    0.669236
  660.000000    0.656672
  670.000000    0.663984
  680.000000    0.684207
  690.000000    0.684938
  700.000000    0.664237
  710.000000    0.689905
  720.000000    0.710693
  730.000000    0.702638
  740.000000    0.692227
  750.000000    0.725138
  760.000000    0.733621
  770.000000    0.747971
  780.000000    0.745875
  790.000000    0.720294
  800.000000    0.755115
  810.000000    0.783369
  820.000000    0.766042
  830.000000    0.784033
  840.000000    0.766366
  850.000000    0.783490
  860.000000    0.796253
  870.000000    0.785092
  880.000000    0.767355
  890.000000    0.718600
  900.000000    0.666944
  910.000000    0.701068
  920.000000    0.728707
  930.000000    0.765898
  940.000000    0.787806
  950.000000    0.773526
  960.000000    0.739559
  970.000000    0.769775
  980.000000    0.754684
  990.000000    0.709444
 1000.000000    0.662931
 1010.000000    0.656307
 1020.000000    0.664011
 1030.000000    0.679607
 1040.000000    0.699654
 1050.000000    0.693324
 1060.000000    0.715426
 1070.000000    0.687652
 1080.000000    0.668786
 1090.000000    0.642187
 1100.000000    0.663846
 1110.000000    0.621703
 1120.000000    0.673753
 1130.000000    0.701504
 1140.000000    0.756337
 1150.000000    0.756465
 1160.000000    0.791075
 1170.000000    0.789547
 1180.000000    0.782479
 1190.000000    0.774824
 1200.000000    0.754382
 1210.000000    0.732711
 1220.000000    0.690703
 1230.000000    0.714885
 1240.000000    0.715657
 1250.000000    0.693625
 1260.000000    0.658374
 1270.000000    0.688881
 1280.000000    0.700684
 1290.000000    0.770780
 1300.000000    0.753464
 1310.000000    0.765592
 1320.000000    0.764525
 1330.000000    0.665579
 1340.000000    0.611830
 1350.000000    0.596178
 1360.000000    0.619422
 1370.000000    0.668554
 1380.000000    0.623109
 1390.000000    0.696607
 1400.000000    0.734869
 1410.000000    0.715236
 1420.000000    0.704831
 1430.000000    0.756047
 1440.000000    0.753087
 1450.000000    0.692731
 1460.000000    0.673081
 1470.000000    0.689177
 1480.000000    0.750203
 1490.000000    0.807499
 1500.000000    0.823067
 1510.000000    0.820946
 1520.000000    0.784123
 1530.000000    0.782242
 1540.000000    0.746643
 1550.000000    0.753898
 1560.000000    0.707236
 1570.000000    0.652913
 1580.000000    0.673388
 1590.000000    0.696524
 1600.000000    0.721484
 1610.000000    0.722444
 1620.000000    0.721744
 1630.000000    0.741155
 1640.000000    0.732076
 1650.000000    0.722958
 1660.000000    0.680047
 1670.000000    0.670226
 1680.000000    0.651831
 1690.000000    0.665427
 1700.000000    0.636222
 1710.000000    0.628163
 1720.000000    0.680454
 1730.000000    0.691644
 1740.000000    0.715713
 1750.000000    0.735754
 1760.000000    0.746815
 1770.000000    0.755435
 1780.000000    0.780382
 1790.000000    0.752996
 1800.000000    0.698675
 1810.000000    0.688580
 1820.000000    0.716210
