#  pixel_depth  alphabetafraction   >  Analysis of alpha beta fraction
   59.000000    0.646523
   69.000000    0.643276
   79.000000    0.656226
   89.000000    0.623369
   99.000000    0.649703
  109.000000    0.624106
  119.000000    0.558059
  129.000000    0.556601
  139.000000    0.544539
  149.000000    0.541679
  159.000000    0.605177
  169.000000    0.634185
  179.000000    0.681563
  189.000000    0.689360
  199.000000    0.679208
  209.000000    0.664645
  219.000000    0.684145
  229.000000    0.676058
  239.000000    0.661489
  249.000000    0.683716
  259.000000    0.712954
  269.000000    0.735975
  279.000000    0.758204
  289.000000    0.725208
  299.000000    0.677075
  309.000000    0.614812
  319.000000    0.536411
  329.000000    0.557513
  339.000000    0.609927
  349.000000    0.647353
  359.000000    0.622197
  369.000000    0.631178
  379.000000    0.680483
  389.000000    0.685135
  399.000000    0.658087
  409.000000    0.619270
  419.000000    0.576580
  429.000000    0.590508
  439.000000    0.534207
  449.000000    0.552014
  459.000000    0.602623
  469.000000    0.632661
  479.000000    0.649538
  489.000000    0.641298
  499.000000    0.646915
  509.000000    0.597297
  519.000000    0.593978
  529.000000    0.614806
  539.000000    0.627035
  549.000000    0.613106
  559.000000    0.615360
  569.000000    0.626631
  579.000000    0.608048
  589.000000    0.607822
  599.000000    0.596459
  609.000000    0.646542
  619.000000    0.615714
  629.000000    0.622445
  639.000000    0.631922
  649.000000    0.619423
  659.000000    0.560476
  669.000000    0.628616
  679.000000    0.627033
  689.000000    0.641154
  699.000000    0.631673
  709.000000    0.637946
  719.000000    0.622441
  729.000000    0.621797
  739.000000    0.582720
  749.000000    0.550141
  759.000000    0.539418
  769.000000    0.523551
  779.000000    0.502797
  789.000000    0.521156
  799.000000    0.497033
  809.000000    0.490396
  819.000000    0.461475
  829.000000    0.464495
  839.000000    0.498231
  849.000000    0.551962
  859.000000    0.628364
  869.000000    0.662025
  879.000000    0.592918
  889.000000    0.630840
  899.000000    0.656769
  909.000000    0.628046
  919.000000    0.555412
  929.000000    0.556827
  939.000000    0.582576
  949.000000    0.608632
  959.000000    0.609697
  969.000000    0.648428
  979.000000    0.679391
  989.000000    0.717574
  999.000000    0.695078
 1009.000000    0.653468
 1019.000000    0.602869
 1029.000000    0.549630
 1039.000000    0.514265
 1049.000000    0.471844
 1059.000000    0.422978
 1069.000000    0.426447
 1079.000000    0.455883
 1089.000000    0.514656
 1099.000000    0.536773
 1109.000000    0.606537
 1119.000000    0.640088
 1129.000000    0.647479
 1139.000000    0.656411
 1149.000000    0.656434
 1159.000000    0.656594
 1169.000000    0.645884
 1179.000000    0.637254
 1189.000000    0.653737
 1199.000000    0.644969
 1209.000000    0.622439
 1219.000000    0.685070
 1229.000000    0.734444
 1239.000000    0.731635
 1249.000000    0.732810
 1259.000000    0.705953
 1269.000000    0.672632
 1279.000000    0.646512
 1289.000000    0.655503
 1299.000000    0.660060
 1309.000000    0.691537
 1319.000000    0.743950
 1329.000000    0.743637
 1339.000000    0.721600
 1349.000000    0.711047
 1359.000000    0.627398
 1369.000000    0.601657
 1379.000000    0.604471
 1389.000000    0.560033
 1399.000000    0.577400
 1409.000000    0.614610
 1419.000000    0.584553
 1429.000000    0.591015
 1439.000000    0.640238
 1449.000000    0.669147
 1459.000000    0.689250
 1469.000000    0.683747
 1479.000000    0.646145
 1489.000000    0.665078
 1499.000000    0.693412
 1509.000000    0.682569
 1519.000000    0.670421
 1529.000000    0.635713
 1539.000000    0.651977
 1549.000000    0.687633
 1559.000000    0.672319
 1569.000000    0.638593
 1579.000000    0.623751
 1589.000000    0.637392
 1599.000000    0.688726
 1609.000000    0.654052
 1619.000000    0.590364
 1629.000000    0.510889
 1639.000000    0.552546
 1649.000000    0.587584
 1659.000000    0.620316
 1669.000000    0.623756
 1679.000000    0.686678
 1689.000000    0.692350
 1699.000000    0.676022
 1709.000000    0.678401
 1719.000000    0.693806
 1729.000000    0.670048
 1739.000000    0.596914
 1749.000000    0.546921
 1759.000000    0.507569
 1769.000000    0.518163
 1779.000000    0.560092
 1789.000000    0.587717
 1799.000000    0.649479
