#  pixel_depth  alphabetafraction   >  Analysis of alpha beta fraction
   61.000000    0.607406
   71.000000    0.591466
   81.000000    0.601558
   91.000000    0.624812
  101.000000    0.595152
  111.000000    0.606253
  121.000000    0.637373
  131.000000    0.633275
  141.000000    0.565841
  151.000000    0.566600
  161.000000    0.608231
  171.000000    0.627818
  181.000000    0.642405
  191.000000    0.678532
  201.000000    0.674138
  211.000000    0.712585
  221.000000    0.706031
  231.000000    0.698673
  241.000000    0.675719
  251.000000    0.627350
  261.000000    0.609199
  271.000000    0.644725
  281.000000    0.672301
  291.000000    0.697888
  301.000000    0.705880
  311.000000    0.673260
  321.000000    0.686479
  331.000000    0.715627
  341.000000    0.759113
  351.000000    0.766363
  361.000000    0.766761
  371.000000    0.782768
  381.000000    0.775964
  391.000000    0.744999
  401.000000    0.741759
  411.000000    0.720483
  421.000000    0.706814
  431.000000    0.694716
  441.000000    0.701886
  451.000000    0.781484
  461.000000    0.778418
  471.000000    0.754595
  481.000000    0.733239
  491.000000    0.713596
  501.000000    0.702913
  511.000000    0.712445
  521.000000    0.760263
  531.000000    0.808252
  541.000000    0.780695
  551.000000    0.766662
  561.000000    0.719895
  571.000000    0.713402
  581.000000    0.698659
  591.000000    0.659361
  601.000000    0.660166
  611.000000    0.674326
  621.000000    0.697529
  631.000000    0.731981
  641.000000    0.792633
  651.000000    0.804993
  661.000000    0.755739
  671.000000    0.716262
  681.000000    0.677933
  691.000000    0.686196
  701.000000    0.691250
  711.000000    0.708024
  721.000000    0.725353
  731.000000    0.722089
  741.000000    0.662619
  751.000000    0.668315
  761.000000    0.686536
  771.000000    0.736628
  781.000000    0.727758
  791.000000    0.751428
  801.000000    0.826338
  811.000000    0.830609
  821.000000    0.832953
  831.000000    0.803941
  841.000000    0.776010
  851.000000    0.743483
  861.000000    0.729250
  871.000000    0.761593
  881.000000    0.754508
  891.000000    0.744797
  901.000000    0.686176
  911.000000    0.718987
  921.000000    0.688745
  931.000000    0.712368
  941.000000    0.750387
  951.000000    0.778500
  961.000000    0.785241
  971.000000    0.763738
  981.000000    0.754163
  991.000000    0.749549
 1001.000000    0.708026
 1011.000000    0.642449
 1021.000000    0.679154
 1031.000000    0.743011
 1041.000000    0.668665
 1051.000000    0.636695
 1061.000000    0.717993
 1071.000000    0.757572
 1081.000000    0.787230
 1091.000000    0.739071
 1101.000000    0.723123
 1111.000000    0.790958
 1121.000000    0.760006
 1131.000000    0.687600
 1141.000000    0.724415
 1151.000000    0.721504
 1161.000000    0.765465
 1171.000000    0.796086
 1181.000000    0.785638
 1191.000000    0.800648
 1201.000000    0.735375
 1211.000000    0.680480
 1221.000000    0.730256
 1231.000000    0.699745
 1241.000000    0.703543
 1251.000000    0.651417
 1261.000000    0.641396
 1271.000000    0.743909
 1281.000000    0.773989
 1291.000000    0.710686
 1301.000000    0.670643
 1311.000000    0.727346
 1321.000000    0.755432
 1331.000000    0.749039
 1341.000000    0.731985
 1351.000000    0.694832
 1361.000000    0.699835
 1371.000000    0.655085
 1381.000000    0.584463
 1391.000000    0.627065
 1401.000000    0.698796
 1411.000000    0.755977
 1421.000000    0.774167
 1431.000000    0.743709
 1441.000000    0.702777
 1451.000000    0.722936
 1461.000000    0.656514
 1471.000000    0.625831
 1481.000000    0.645303
 1491.000000    0.632427
 1501.000000    0.696481
 1511.000000    0.703221
 1521.000000    0.708154
 1531.000000    0.739184
 1541.000000    0.743103
 1551.000000    0.761908
 1561.000000    0.717192
 1571.000000    0.683335
 1581.000000    0.729687
 1591.000000    0.750597
 1601.000000    0.776917
 1611.000000    0.764542
 1621.000000    0.690983
 1631.000000    0.637997
 1641.000000    0.701076
 1651.000000    0.687638
 1661.000000    0.672587
 1671.000000    0.741625
 1681.000000    0.774340
 1691.000000    0.815426
 1701.000000    0.830038
 1711.000000    0.790442
 1721.000000    0.671531
 1731.000000    0.651350
 1741.000000    0.700135
 1751.000000    0.683133
 1761.000000    0.670038
 1771.000000    0.693212
 1781.000000    0.651421
 1791.000000    0.687194
 1801.000000    0.762585
