#  pixel_depth  alphabetafraction   >  Analysis of alpha beta fraction
  183.000000    0.835442
  193.000000    0.799359
  203.000000    0.767430
  213.000000    0.743778
  223.000000    0.739738
  233.000000    0.715820
  243.000000    0.722891
  253.000000    0.745386
  263.000000    0.749139
  273.000000    0.751962
  283.000000    0.741244
  293.000000    0.711813
  303.000000    0.665758
  313.000000    0.701287
  323.000000    0.742522
  333.000000    0.747440
  343.000000    0.767180
  353.000000    0.768915
  363.000000    0.777061
  373.000000    0.724863
  383.000000    0.716702
  393.000000    0.692485
  403.000000    0.664446
  413.000000    0.713347
  423.000000    0.710234
  433.000000    0.664957
  443.000000    0.678018
  453.000000    0.669387
  463.000000    0.656569
  473.000000    0.694396
  483.000000    0.687293
  493.000000    0.666819
  503.000000    0.658849
  513.000000    0.668904
  523.000000    0.609301
  533.000000    0.654743
  543.000000    0.668120
  553.000000    0.694539
  563.000000    0.681005
  573.000000    0.688501
  583.000000    0.719135
  593.000000    0.714004
  603.000000    0.710621
  613.000000    0.735968
  623.000000    0.725739
  633.000000    0.680519
  643.000000    0.718635
  653.000000    0.683922
  663.000000    0.652832
  673.000000    0.668498
  683.000000    0.688123
  693.000000    0.700317
  703.000000    0.680072
  713.000000    0.717928
  723.000000    0.757634
  733.000000    0.759671
  743.000000    0.754982
  753.000000    0.713297
  763.000000    0.627418
  773.000000    0.609113
  783.000000    0.614394
  793.000000    0.629810
  803.000000    0.662216
  813.000000    0.714816
  823.000000    0.717718
  833.000000    0.697176
  843.000000    0.684949
  853.000000    0.638953
  863.000000    0.645739
  873.000000    0.736651
  883.000000    0.778752
  893.000000    0.735105
  903.000000    0.711470
  913.000000    0.681818
  923.000000    0.638405
  933.000000    0.636476
  943.000000    0.631265
  953.000000    0.653361
  963.000000    0.657640
  973.000000    0.692724
  983.000000    0.687137
  993.000000    0.670368
 1003.000000    0.712611
 1013.000000    0.730829
 1023.000000    0.744755
 1033.000000    0.729671
 1043.000000    0.701037
 1053.000000    0.676868
 1063.000000    0.641655
 1073.000000    0.606321
 1083.000000    0.597117
 1093.000000    0.554160
 1103.000000    0.560935
 1113.000000    0.543057
 1123.000000    0.579932
 1133.000000    0.595430
 1143.000000    0.642218
 1153.000000    0.691453
 1163.000000    0.668610
 1173.000000    0.626510
 1183.000000    0.604723
 1193.000000    0.657554
 1203.000000    0.629349
 1213.000000    0.674350
 1223.000000    0.674593
 1233.000000    0.699114
 1243.000000    0.718174
 1253.000000    0.711472
 1263.000000    0.663170
 1273.000000    0.724014
 1283.000000    0.748442
 1293.000000    0.750966
 1303.000000    0.756670
 1313.000000    0.730456
 1323.000000    0.724023
 1333.000000    0.694989
 1343.000000    0.662980
 1353.000000    0.681492
 1363.000000    0.684061
 1373.000000    0.666073
 1383.000000    0.721837
 1393.000000    0.682584
 1403.000000    0.697166
 1413.000000    0.694384
 1423.000000    0.698463
 1433.000000    0.709507
 1443.000000    0.702729
 1453.000000    0.686579
 1463.000000    0.663616
 1473.000000    0.682691
 1483.000000    0.685533
 1493.000000    0.652433
 1503.000000    0.668710
 1513.000000    0.665753
 1523.000000    0.703865
 1533.000000    0.705989
 1543.000000    0.692456
 1553.000000    0.672881
 1563.000000    0.663186
 1573.000000    0.667784
 1583.000000    0.697414
 1593.000000    0.751887
 1603.000000    0.757494
 1613.000000    0.691515
 1623.000000    0.626085
 1633.000000    0.573236
 1643.000000    0.590727
 1653.000000    0.650836
 1663.000000    0.657249
 1673.000000    0.680055
 1683.000000    0.671229
 1693.000000    0.720179
 1703.000000    0.735280
 1713.000000    0.664919
 1723.000000    0.665512
 1733.000000    0.614268
 1743.000000    0.579453
 1753.000000    0.612453
 1763.000000    0.668917
 1773.000000    0.652462
 1783.000000    0.650927
 1793.000000    0.651399
 1803.000000    0.642644
 1813.000000    0.629702
 1823.000000    0.666884
 1833.000000    0.653601
 1843.000000    0.672792
 1853.000000    0.715021
 1863.000000    0.698979
 1873.000000    0.710722
 1883.000000    0.732942
 1893.000000    0.720575
 1903.000000    0.704382
 1913.000000    0.705679
 1923.000000    0.664109
 1933.000000    0.651761
 1943.000000    0.655841
