#  pixel_depth  alphabetafraction   >  Analysis of alpha beta fraction
   55.000000    0.748231
   65.000000    0.706238
   75.000000    0.654887
   85.000000    0.638943
   95.000000    0.691691
  105.000000    0.653202
  115.000000    0.600765
  125.000000    0.622866
  135.000000    0.673690
  145.000000    0.703677
  155.000000    0.762472
  165.000000    0.738283
  175.000000    0.711909
  185.000000    0.651967
  195.000000    0.584148
  205.000000    0.553603
  215.000000    0.575783
  225.000000    0.626193
  235.000000    0.699370
  245.000000    0.765952
  255.000000    0.792657
  265.000000    0.755092
  275.000000    0.711066
  285.000000    0.698508
  295.000000    0.677769
  305.000000    0.623320
  315.000000    0.614860
  325.000000    0.613960
  335.000000    0.581979
  345.000000    0.592832
  355.000000    0.574477
  365.000000    0.567079
  375.000000    0.537931
  385.000000    0.568265
  395.000000    0.567882
  405.000000    0.616271
  415.000000    0.688198
  425.000000    0.718650
  435.000000    0.689689
  445.000000    0.659071
  455.000000    0.624760
  465.000000    0.552681
  475.000000    0.496930
  485.000000    0.522231
  495.000000    0.570795
  505.000000    0.601202
  515.000000    0.603417
  525.000000    0.636923
  535.000000    0.677639
  545.000000    0.664153
  555.000000    0.630700
  565.000000    0.629589
  575.000000    0.575666
  585.000000    0.605337
  595.000000    0.580410
  605.000000    0.543100
  615.000000    0.580621
  625.000000    0.593906
  635.000000    0.577244
  645.000000    0.601228
  655.000000    0.623528
  665.000000    0.583658
  675.000000    0.539392
  685.000000    0.488257
  695.000000    0.522096
  705.000000    0.571792
  715.000000    0.570453
  725.000000    0.570687
  735.000000    0.662904
  745.000000    0.649917
  755.000000    0.627263
  765.000000    0.601886
  775.000000    0.623270
  785.000000    0.567621
  795.000000    0.492060
  805.000000    0.526823
  815.000000    0.555100
  825.000000    0.580749
  835.000000    0.615485
  845.000000    0.641463
  855.000000    0.661142
  865.000000    0.617530
  875.000000    0.608961
  885.000000    0.597261
  895.000000    0.617720
  905.000000    0.597701
  915.000000    0.611124
  925.000000    0.604911
  935.000000    0.589167
  945.000000    0.525125
  955.000000    0.526593
  965.000000    0.479783
  975.000000    0.503227
  985.000000    0.514656
  995.000000    0.577843
 1005.000000    0.582247
 1015.000000    0.603122
 1025.000000    0.638493
 1035.000000    0.638335
 1045.000000    0.668403
 1055.000000    0.648197
 1065.000000    0.666815
 1075.000000    0.629513
 1085.000000    0.561686
 1095.000000    0.559831
 1105.000000    0.500324
 1115.000000    0.513216
 1125.000000    0.615741
 1135.000000    0.662380
 1145.000000    0.693551
 1155.000000    0.644062
 1165.000000    0.637934
 1175.000000    0.597462
 1185.000000    0.565836
 1195.000000    0.599869
 1205.000000    0.561619
 1215.000000    0.588711
 1225.000000    0.580273
 1235.000000    0.529122
 1245.000000    0.504444
 1255.000000    0.547600
 1265.000000    0.572396
 1275.000000    0.585461
 1285.000000    0.588504
 1295.000000    0.582809
 1305.000000    0.586980
 1315.000000    0.598140
 1325.000000    0.588461
 1335.000000    0.518745
 1345.000000    0.482015
 1355.000000    0.539992
 1365.000000    0.596502
 1375.000000    0.661544
 1385.000000    0.657876
 1395.000000    0.654469
 1405.000000    0.593323
 1415.000000    0.566427
 1425.000000    0.549398
 1435.000000    0.541154
 1445.000000    0.560822
 1455.000000    0.590659
 1465.000000    0.684607
 1475.000000    0.723835
 1485.000000    0.728443
 1495.000000    0.665745
 1505.000000    0.620654
 1515.000000    0.620740
 1525.000000    0.632242
 1535.000000    0.550800
 1545.000000    0.577280
 1555.000000    0.591462
 1565.000000    0.559992
 1575.000000    0.527825
 1585.000000    0.547473
 1595.000000    0.628255
 1605.000000    0.676366
 1615.000000    0.723304
 1625.000000    0.770160
 1635.000000    0.746685
 1645.000000    0.652150
 1655.000000    0.575196
 1665.000000    0.508822
 1675.000000    0.548313
 1685.000000    0.594676
 1695.000000    0.588946
 1705.000000    0.624862
 1715.000000    0.619689
 1725.000000    0.607492
