#  pixel_depth  alphabetafraction   >  Analysis of alpha beta fraction
   93.000000    0.739298
  103.000000    0.790643
  113.000000    0.824246
  123.000000    0.829705
  133.000000    0.778716
  143.000000    0.708131
  153.000000    0.639349
  163.000000    0.589485
  173.000000    0.594363
  183.000000    0.649787
  193.000000    0.629642
  203.000000    0.647351
  213.000000    0.630823
  223.000000    0.634417
  233.000000    0.652468
  243.000000    0.641222
  253.000000    0.679536
  263.000000    0.706932
  273.000000    0.686677
  283.000000    0.739183
  293.000000    0.760868
  303.000000    0.750550
  313.000000    0.760605
  323.000000    0.772322
  333.000000    0.767356
  343.000000    0.694313
  353.000000    0.655488
  363.000000    0.642902
  373.000000    0.699932
  383.000000    0.682117
  393.000000    0.687423
  403.000000    0.666484
  413.000000    0.631335
  423.000000    0.596407
  433.000000    0.538115
  443.000000    0.582801
  453.000000    0.606002
  463.000000    0.619549
  473.000000    0.651386
  483.000000    0.659904
  493.000000    0.666126
  503.000000    0.684014
  513.000000    0.640085
  523.000000    0.639745
  533.000000    0.687483
  543.000000    0.682324
  553.000000    0.707432
  563.000000    0.692531
  573.000000    0.667061
  583.000000    0.654341
  593.000000    0.626765
  603.000000    0.655029
  613.000000    0.687791
  623.000000    0.647481
  633.000000    0.690049
  643.000000    0.737069
  653.000000    0.750938
  663.000000    0.702705
  673.000000    0.676712
  683.000000    0.662214
  693.000000    0.598790
  703.000000    0.587840
  713.000000    0.674798
  723.000000    0.708646
  733.000000    0.647119
  743.000000    0.669298
  753.000000    0.697071
  763.000000    0.681100
  773.000000    0.678210
  783.000000    0.661814
  793.000000    0.690388
  803.000000    0.685033
  813.000000    0.675621
  823.000000    0.653099
  833.000000    0.698211
  843.000000    0.703785
  853.000000    0.715537
  863.000000    0.674539
  873.000000    0.643104
  883.000000    0.567889
  893.000000    0.664250
  903.000000    0.733295
  913.000000    0.746091
  923.000000    0.739486
  933.000000    0.662163
  943.000000    0.664732
  953.000000    0.629223
  963.000000    0.562000
  973.000000    0.525547
  983.000000    0.518008
  993.000000    0.563072
 1003.000000    0.623776
 1013.000000    0.673393
 1023.000000    0.695099
 1033.000000    0.703469
 1043.000000    0.715894
 1053.000000    0.724218
 1063.000000    0.664183
 1073.000000    0.692238
 1083.000000    0.644604
 1093.000000    0.634090
 1103.000000    0.606254
 1113.000000    0.577275
 1123.000000    0.559476
 1133.000000    0.577478
 1143.000000    0.551246
 1153.000000    0.551287
 1163.000000    0.573297
 1173.000000    0.546415
 1183.000000    0.520958
 1193.000000    0.507595
 1203.000000    0.518822
 1213.000000    0.509503
 1223.000000    0.519185
 1233.000000    0.508623
 1243.000000    0.491249
 1253.000000    0.567930
 1263.000000    0.600593
 1273.000000    0.676079
 1283.000000    0.713147
 1293.000000    0.707824
 1303.000000    0.702307
 1313.000000    0.688505
 1323.000000    0.606980
 1333.000000    0.575296
 1343.000000    0.560201
 1353.000000    0.538773
 1363.000000    0.558335
 1373.000000    0.581264
 1383.000000    0.615485
 1393.000000    0.677340
 1403.000000    0.688114
 1413.000000    0.720101
 1423.000000    0.742115
 1433.000000    0.693182
 1443.000000    0.667536
 1453.000000    0.676427
 1463.000000    0.640630
 1473.000000    0.648004
 1483.000000    0.662811
 1493.000000    0.605431
 1503.000000    0.644123
 1513.000000    0.638039
 1523.000000    0.633186
 1533.000000    0.614416
 1543.000000    0.681894
 1553.000000    0.698573
 1563.000000    0.694336
 1573.000000    0.635838
 1583.000000    0.605318
 1593.000000    0.559048
 1603.000000    0.608326
 1613.000000    0.594805
 1623.000000    0.569414
 1633.000000    0.604142
 1643.000000    0.595920
 1653.000000    0.555661
 1663.000000    0.500825
 1673.000000    0.529243
 1683.000000    0.594058
 1693.000000    0.629083
 1703.000000    0.648592
 1713.000000    0.663159
 1723.000000    0.662239
 1733.000000    0.601111
 1743.000000    0.551593
 1753.000000    0.549641
 1763.000000    0.548783
 1773.000000    0.584044
 1783.000000    0.629867
 1793.000000    0.720772
