#  pixel_depth  alphabetafraction   >  Analysis of alpha beta fraction
   88.000000    0.663125
   98.000000    0.647408
  108.000000    0.618621
  118.000000    0.573070
  128.000000    0.547810
  138.000000    0.506718
  148.000000    0.453939
  158.000000    0.452975
  168.000000    0.539184
  178.000000    0.587591
  188.000000    0.572538
  198.000000    0.580279
  208.000000    0.535567
  218.000000    0.474042
  228.000000    0.497620
  238.000000    0.495781
  248.000000    0.502909
  258.000000    0.564154
  268.000000    0.605790
  278.000000    0.626757
  288.000000    0.680347
  298.000000    0.661761
  308.000000    0.660162
  318.000000    0.686932
  328.000000    0.668913
  338.000000    0.658838
  348.000000    0.576715
  358.000000    0.551982
  368.000000    0.527113
  378.000000    0.504436
  388.000000    0.498279
  398.000000    0.526720
  408.000000    0.551319
  418.000000    0.572351
  428.000000    0.559706
  438.000000    0.482347
  448.000000    0.480112
  458.000000    0.470042
  468.000000    0.480359
  478.000000    0.560116
  488.000000    0.577101
  498.000000    0.581162
  508.000000    0.583343
  518.000000    0.584556
  528.000000    0.599145
  538.000000    0.618365
  548.000000    0.618914
  558.000000    0.616599
  568.000000    0.580468
  578.000000    0.638177
  588.000000    0.625830
  598.000000    0.610829
  608.000000    0.613581
  618.000000    0.595156
  628.000000    0.557563
  638.000000    0.529911
  648.000000    0.517578
  658.000000    0.482256
  668.000000    0.480178
  678.000000    0.477963
  688.000000    0.469998
  698.000000    0.471420
  708.000000    0.441347
  718.000000    0.491667
  728.000000    0.530597
  738.000000    0.539872
  748.000000    0.590554
  758.000000    0.680217
  768.000000    0.687715
  778.000000    0.683431
  788.000000    0.664411
  798.000000    0.611420
  808.000000    0.577143
  818.000000    0.495059
  828.000000    0.458466
  838.000000    0.415474
  848.000000    0.445088
  858.000000    0.513873
  868.000000    0.579359
  878.000000    0.612552
  888.000000    0.653039
  898.000000    0.604778
  908.000000    0.570024
  918.000000    0.577531
  928.000000    0.506445
  938.000000    0.513662
  948.000000    0.520953
  958.000000    0.567911
  968.000000    0.604025
  978.000000    0.653916
  988.000000    0.597200
  998.000000    0.566285
 1008.000000    0.547237
 1018.000000    0.494274
 1028.000000    0.516338
 1038.000000    0.522528
 1048.000000    0.595381
 1058.000000    0.645668
 1068.000000    0.667388
 1078.000000    0.710092
 1088.000000    0.691373
 1098.000000    0.662074
 1108.000000    0.652690
 1118.000000    0.617722
 1128.000000    0.614957
 1138.000000    0.614893
 1148.000000    0.593531
 1158.000000    0.564243
 1168.000000    0.606668
 1178.000000    0.538857
 1188.000000    0.547033
 1198.000000    0.538669
 1208.000000    0.473434
 1218.000000    0.444198
 1228.000000    0.483443
 1238.000000    0.490296
 1248.000000    0.516596
 1258.000000    0.493125
 1268.000000    0.445047
 1278.000000    0.408912
 1288.000000    0.410406
 1298.000000    0.419053
 1308.000000    0.484191
 1318.000000    0.536743
 1328.000000    0.564881
 1338.000000    0.550307
 1348.000000    0.529145
 1358.000000    0.473759
 1368.000000    0.406099
 1378.000000    0.423093
 1388.000000    0.477726
 1398.000000    0.480484
 1408.000000    0.485653
 1418.000000    0.560786
 1428.000000    0.498399
 1438.000000    0.492609
 1448.000000    0.479650
 1458.000000    0.498768
 1468.000000    0.532193
 1478.000000    0.580948
 1488.000000    0.636023
 1498.000000    0.662056
 1508.000000    0.666730
 1518.000000    0.635980
 1528.000000    0.636984
 1538.000000    0.659127
 1548.000000    0.649962
 1558.000000    0.621593
 1568.000000    0.629283
 1578.000000    0.602899
 1588.000000    0.560143
 1598.000000    0.504249
 1608.000000    0.523292
 1618.000000    0.546049
 1628.000000    0.618117
 1638.000000    0.609227
 1648.000000    0.593109
 1658.000000    0.595659
 1668.000000    0.602918
 1678.000000    0.594824
 1688.000000    0.654844
 1698.000000    0.743016
