#  pixel_depth  alphabetafraction   >  Analysis of alpha beta fraction
   78.000000    0.892749
   88.000000    0.819520
   98.000000    0.770091
  108.000000    0.723764
  118.000000    0.722140
  128.000000    0.704517
  138.000000    0.727700
  148.000000    0.799700
  158.000000    0.775074
  168.000000    0.782264
  178.000000    0.730444
  188.000000    0.673214
  198.000000    0.606412
  208.000000    0.622640
  218.000000    0.639237
  228.000000    0.646369
  238.000000    0.641654
  248.000000    0.631230
  258.000000    0.670131
  268.000000    0.740774
  278.000000    0.758889
  288.000000    0.797261
  298.000000    0.809589
  308.000000    0.855535
  318.000000    0.827923
  328.000000    0.794635
  338.000000    0.767637
  348.000000    0.696808
  358.000000    0.691082
  368.000000    0.677559
  378.000000    0.667671
  388.000000    0.660988
  398.000000    0.744735
  408.000000    0.794679
  418.000000    0.835243
  428.000000    0.837549
  438.000000    0.811488
  448.000000    0.762834
  458.000000    0.720239
  468.000000    0.760953
  478.000000    0.762281
  488.000000    0.819427
  498.000000    0.839988
  508.000000    0.788233
  518.000000    0.710608
  528.000000    0.701513
  538.000000    0.733483
  548.000000    0.753857
  558.000000    0.788160
  568.000000    0.738324
  578.000000    0.683245
  588.000000    0.702655
  598.000000    0.723961
  608.000000    0.687748
  618.000000    0.686816
  628.000000    0.686639
  638.000000    0.688704
  648.000000    0.702105
  658.000000    0.753800
  668.000000    0.763632
  678.000000    0.830695
  688.000000    0.837214
  698.000000    0.797352
  708.000000    0.768793
  718.000000    0.753786
  728.000000    0.793947
  738.000000    0.769077
  748.000000    0.777934
  758.000000    0.751662
  768.000000    0.758559
  778.000000    0.742684
  788.000000    0.752161
  798.000000    0.717311
  808.000000    0.735926
  818.000000    0.649741
  828.000000    0.692592
  838.000000    0.732596
  848.000000    0.756446
  858.000000    0.739704
  868.000000    0.692965
  878.000000    0.696969
  888.000000    0.687749
  898.000000    0.667169
  908.000000    0.735987
  918.000000    0.846810
  928.000000    0.903421
  938.000000    0.921461
  948.000000    0.875899
  958.000000    0.847142
  968.000000    0.768706
  978.000000    0.740368
  988.000000    0.666628
  998.000000    0.714539
 1008.000000    0.698353
 1018.000000    0.769369
 1028.000000    0.768769
 1038.000000    0.796724
 1048.000000    0.774777
 1058.000000    0.799076
 1068.000000    0.774215
 1078.000000    0.747321
 1088.000000    0.727159
 1098.000000    0.715613
 1108.000000    0.739613
 1118.000000    0.764216
 1128.000000    0.801407
 1138.000000    0.781484
 1148.000000    0.747858
 1158.000000    0.713446
 1168.000000    0.667780
 1178.000000    0.679324
 1188.000000    0.718826
 1198.000000    0.701232
 1208.000000    0.755064
 1218.000000    0.784702
 1228.000000    0.817691
 1238.000000    0.826571
 1248.000000    0.877323
 1258.000000    0.865305
 1268.000000    0.820198
 1278.000000    0.749345
 1288.000000    0.699470
 1298.000000    0.719649
 1308.000000    0.658024
 1318.000000    0.697002
 1328.000000    0.745123
 1338.000000    0.756707
 1348.000000    0.834531
 1358.000000    0.865866
 1368.000000    0.845990
 1378.000000    0.824519
 1388.000000    0.788687
 1398.000000    0.777369
 1408.000000    0.719655
 1418.000000    0.750567
 1428.000000    0.703736
 1438.000000    0.673963
 1448.000000    0.694934
 1458.000000    0.711674
 1468.000000    0.756788
 1478.000000    0.812674
 1488.000000    0.809654
 1498.000000    0.774205
 1508.000000    0.748306
 1518.000000    0.719042
 1528.000000    0.713233
 1538.000000    0.706773
 1548.000000    0.738795
 1558.000000    0.778534
 1568.000000    0.787967
 1578.000000    0.799975
 1588.000000    0.805511
 1598.000000    0.779677
 1608.000000    0.750001
 1618.000000    0.726845
 1628.000000    0.741754
 1638.000000    0.752381
 1648.000000    0.790038
 1658.000000    0.805549
 1668.000000    0.817201
 1678.000000    0.774482
 1688.000000    0.761420
 1698.000000    0.822067
 1708.000000    0.805982
 1718.000000    0.779032
 1728.000000    0.795142
 1738.000000    0.828471
 1748.000000    0.806060
 1758.000000    0.758386
 1768.000000    0.765715
 1778.000000    0.756534
 1788.000000    0.751337
 1798.000000    0.748452
 1808.000000    0.747353
 1818.000000    0.750416
 1828.000000    0.788795
 1838.000000    0.734103
 1848.000000    0.776778
 1858.000000    0.744772
 1868.000000    0.760529
 1878.000000    0.729428
 1888.000000    0.761563
