#  pixel_depth  alphabetafraction   >  Analysis of alpha beta fraction
   52.000000    0.790165
   62.000000    0.852264
   72.000000    0.859662
   82.000000    0.837113
   92.000000    0.790304
  102.000000    0.747341
  112.000000    0.734060
  122.000000    0.655147
  132.000000    0.715582
  142.000000    0.720617
  152.000000    0.794947
  162.000000    0.852509
  172.000000    0.851938
  182.000000    0.788209
  192.000000    0.733077
  202.000000    0.731294
  212.000000    0.766278
  222.000000    0.787496
  232.000000    0.806580
  242.000000    0.797288
  252.000000    0.822904
  262.000000    0.789633
  272.000000    0.771650
  282.000000    0.741163
  292.000000    0.758210
  302.000000    0.796301
  312.000000    0.779972
  322.000000    0.800756
  332.000000    0.808155
  342.000000    0.791322
  352.000000    0.732936
  362.000000    0.690733
  372.000000    0.663460
  382.000000    0.642791
  392.000000    0.670158
  402.000000    0.711047
  412.000000    0.760718
  422.000000    0.807710
  432.000000    0.808931
  442.000000    0.804146
  452.000000    0.790174
  462.000000    0.729661
  472.000000    0.696233
  482.000000    0.715067
  492.000000    0.702115
  502.000000    0.739953
  512.000000    0.768341
  522.000000    0.779280
  532.000000    0.764042
  542.000000    0.767652
  552.000000    0.760110
  562.000000    0.741928
  572.000000    0.677195
  582.000000    0.645307
  592.000000    0.649529
  602.000000    0.647243
  612.000000    0.657316
  622.000000    0.645563
  632.000000    0.691203
  642.000000    0.765300
  652.000000    0.786832
  662.000000    0.811256
  672.000000    0.788949
  682.000000    0.819324
  692.000000    0.816247
  702.000000    0.819248
  712.000000    0.790477
  722.000000    0.755538
  732.000000    0.768944
  742.000000    0.809437
  752.000000    0.823201
  762.000000    0.761197
  772.000000    0.778091
  782.000000    0.832147
  792.000000    0.855667
  802.000000    0.862755
  812.000000    0.823302
  822.000000    0.786869
  832.000000    0.745278
  842.000000    0.691401
  852.000000    0.696380
  862.000000    0.702068
  872.000000    0.706037
  882.000000    0.739058
  892.000000    0.784840
  902.000000    0.791206
  912.000000    0.749743
  922.000000    0.651753
  932.000000    0.639421
  942.000000    0.665508
  952.000000    0.681621
  962.000000    0.754170
  972.000000    0.814439
  982.000000    0.833350
  992.000000    0.834916
 1002.000000    0.864044
 1012.000000    0.826998
 1022.000000    0.809720
 1032.000000    0.824122
 1042.000000    0.827980
 1052.000000    0.759862
 1062.000000    0.719448
 1072.000000    0.702697
 1082.000000    0.681064
 1092.000000    0.673377
 1102.000000    0.675999
 1112.000000    0.723140
 1122.000000    0.733722
 1132.000000    0.704552
 1142.000000    0.730763
 1152.000000    0.788185
 1162.000000    0.838711
 1172.000000    0.834105
 1182.000000    0.851922
 1192.000000    0.823211
 1202.000000    0.706877
 1212.000000    0.687282
 1222.000000    0.703891
 1232.000000    0.760114
 1242.000000    0.754642
 1252.000000    0.765833
 1262.000000    0.770651
 1272.000000    0.802431
 1282.000000    0.798413
 1292.000000    0.775620
 1302.000000    0.834614
 1312.000000    0.794940
 1322.000000    0.800893
 1332.000000    0.802407
 1342.000000    0.800744
 1352.000000    0.792048
 1362.000000    0.774210
 1372.000000    0.789914
 1382.000000    0.803350
 1392.000000    0.806434
 1402.000000    0.752610
 1412.000000    0.746787
 1422.000000    0.744660
 1432.000000    0.681925
 1442.000000    0.650155
 1452.000000    0.701936
 1462.000000    0.729935
 1472.000000    0.689704
 1482.000000    0.635044
 1492.000000    0.602824
 1502.000000    0.627268
 1512.000000    0.624409
 1522.000000    0.744484
 1532.000000    0.752862
 1542.000000    0.703187
 1552.000000    0.729010
 1562.000000    0.704432
 1572.000000    0.711722
 1582.000000    0.663226
 1592.000000    0.662433
 1602.000000    0.618597
 1612.000000    0.541540
 1622.000000    0.518005
 1632.000000    0.534137
 1642.000000    0.554605
 1652.000000    0.629875
 1662.000000    0.720236
 1672.000000    0.764886
 1682.000000    0.813284
 1692.000000    0.823221
 1702.000000    0.793892
 1712.000000    0.748217
 1722.000000    0.685345
 1732.000000    0.618004
 1742.000000    0.617595
 1752.000000    0.645468
 1762.000000    0.674742
 1772.000000    0.670828
 1782.000000    0.696990
 1792.000000    0.711966
 1802.000000    0.718510
 1812.000000    0.713605
 1822.000000    0.664014
 1832.000000    0.614946
 1842.000000    0.606750
 1852.000000    0.682594
 1862.000000    0.716068
 1872.000000    0.750197
 1882.000000    0.744290
