#  pixel_depth  alphabetafraction   >  Analysis of alpha beta fraction
  262.000000    0.614666
  272.000000    0.601115
  282.000000    0.640169
  292.000000    0.671361
  302.000000    0.727426
  312.000000    0.722389
  322.000000    0.725144
  332.000000    0.689509
  342.000000    0.716963
  352.000000    0.751715
  362.000000    0.781477
  372.000000    0.806249
  382.000000    0.753066
  392.000000    0.718763
  402.000000    0.713668
  412.000000    0.712173
  422.000000    0.705347
  432.000000    0.695462
  442.000000    0.729140
  452.000000    0.733561
  462.000000    0.736438
  472.000000    0.740841
  482.000000    0.724425
  492.000000    0.753103
  502.000000    0.793113
  512.000000    0.750404
  522.000000    0.764634
  532.000000    0.739243
  542.000000    0.725339
  552.000000    0.736746
  562.000000    0.728293
  572.000000    0.703988
  582.000000    0.714462
  592.000000    0.687274
  602.000000    0.684264
  612.000000    0.679091
  622.000000    0.668871
  632.000000    0.664240
  642.000000    0.649614
  652.000000    0.668834
  662.000000    0.655521
  672.000000    0.627875
  682.000000    0.662777
  692.000000    0.701431
  702.000000    0.706682
  712.000000    0.704017
  722.000000    0.697285
  732.000000    0.668756
  742.000000    0.623911
  752.000000    0.631420
  762.000000    0.667103
  772.000000    0.673368
  782.000000    0.666796
  792.000000    0.739410
  802.000000    0.772673
  812.000000    0.751509
  822.000000    0.731275
  832.000000    0.719158
  842.000000    0.691751
  852.000000    0.664471
  862.000000    0.658340
  872.000000    0.658207
  882.000000    0.642002
  892.000000    0.637543
  902.000000    0.641473
  912.000000    0.652169
  922.000000    0.686567
  932.000000    0.663824
  942.000000    0.662588
  952.000000    0.712485
  962.000000    0.694212
  972.000000    0.649171
  982.000000    0.700121
  992.000000    0.727438
 1002.000000    0.705973
 1012.000000    0.735222
 1022.000000    0.755744
 1032.000000    0.718361
 1042.000000    0.682320
 1052.000000    0.733688
 1062.000000    0.743089
 1072.000000    0.803837
 1082.000000    0.781498
 1092.000000    0.727987
 1102.000000    0.664423
 1112.000000    0.708410
 1122.000000    0.748921
 1132.000000    0.744250
 1142.000000    0.700942
 1152.000000    0.714688
 1162.000000    0.722692
 1172.000000    0.741657
 1182.000000    0.719288
 1192.000000    0.750497
 1202.000000    0.768528
 1212.000000    0.773481
 1222.000000    0.766087
 1232.000000    0.703086
 1242.000000    0.640822
 1252.000000    0.705337
 1262.000000    0.725502
 1272.000000    0.760298
 1282.000000    0.757649
 1292.000000    0.728522
 1302.000000    0.701054
 1312.000000    0.665476
 1322.000000    0.677568
 1332.000000    0.688975
 1342.000000    0.767219
 1352.000000    0.793304
 1362.000000    0.800132
 1372.000000    0.717912
 1382.000000    0.681582
 1392.000000    0.609155
 1402.000000    0.527227
 1412.000000    0.584802
 1422.000000    0.679669
 1432.000000    0.720633
 1442.000000    0.718242
 1452.000000    0.701695
 1462.000000    0.673595
 1472.000000    0.648158
 1482.000000    0.651215
 1492.000000    0.624285
 1502.000000    0.685968
 1512.000000    0.721970
 1522.000000    0.721656
 1532.000000    0.721411
 1542.000000    0.724824
 1552.000000    0.712692
 1562.000000    0.679710
 1572.000000    0.681334
 1582.000000    0.676708
 1592.000000    0.718425
 1602.000000    0.735276
 1612.000000    0.723442
 1622.000000    0.711870
 1632.000000    0.706771
 1642.000000    0.674446
 1652.000000    0.726447
 1662.000000    0.717885
 1672.000000    0.669929
 1682.000000    0.688992
 1692.000000    0.646421
 1702.000000    0.687548
 1712.000000    0.723350
 1722.000000    0.665799
 1732.000000    0.625280
 1742.000000    0.672248
 1752.000000    0.676435
 1762.000000    0.693798
 1772.000000    0.719860
 1782.000000    0.764623
 1792.000000    0.754112
 1802.000000    0.733470
 1812.000000    0.711034
 1822.000000    0.675329
 1832.000000    0.688264
 1842.000000    0.678472
 1852.000000    0.638469
 1862.000000    0.600090
 1872.000000    0.677804
 1882.000000    0.700148
 1892.000000    0.710669
 1902.000000    0.738440
 1912.000000    0.773025
 1922.000000    0.801547
 1932.000000    0.771143
 1942.000000    0.712912
