#  pixel_depth  alphabetafraction   >  Analysis of alpha beta fraction
   60.000000    0.808455
   70.000000    0.756150
   80.000000    0.690998
   90.000000    0.703955
  100.000000    0.609149
  110.000000    0.534977
  120.000000    0.615347
  130.000000    0.668238
  140.000000    0.701843
  150.000000    0.723346
  160.000000    0.745543
  170.000000    0.775976
  180.000000    0.821723
  190.000000    0.772523
  200.000000    0.816088
  210.000000    0.780902
  220.000000    0.745995
  230.000000    0.705657
  240.000000    0.654006
  250.000000    0.626350
  260.000000    0.668435
  270.000000    0.659095
  280.000000    0.689759
  290.000000    0.698374
  300.000000    0.732526
  310.000000    0.780123
  320.000000    0.793149
  330.000000    0.764893
  340.000000    0.770795
  350.000000    0.761508
  360.000000    0.773854
  370.000000    0.813324
  380.000000    0.790528
  390.000000    0.738848
  400.000000    0.710819
  410.000000    0.747795
  420.000000    0.813376
  430.000000    0.796626
  440.000000    0.754692
  450.000000    0.701551
  460.000000    0.697130
  470.000000    0.709058
  480.000000    0.785814
  490.000000    0.753397
  500.000000    0.731638
  510.000000    0.740031
  520.000000    0.760667
  530.000000    0.745756
  540.000000    0.732737
  550.000000    0.669275
  560.000000    0.624214
  570.000000    0.614410
  580.000000    0.645991
  590.000000    0.673683
  600.000000    0.650063
  610.000000    0.728507
  620.000000    0.700419
  630.000000    0.772599
  640.000000    0.811406
  650.000000    0.761391
  660.000000    0.706220
  670.000000    0.725237
  680.000000    0.775464
  690.000000    0.849323
  700.000000    0.798159
  710.000000    0.759177
  720.000000    0.719093
  730.000000    0.684889
  740.000000    0.674118
  750.000000    0.686678
  760.000000    0.700067
  770.000000    0.687308
  780.000000    0.669038
  790.000000    0.685042
  800.000000    0.666915
  810.000000    0.674321
  820.000000    0.700080
  830.000000    0.738132
  840.000000    0.781729
  850.000000    0.823019
  860.000000    0.829387
  870.000000    0.802402
  880.000000    0.791765
  890.000000    0.822404
  900.000000    0.811201
  910.000000    0.817959
  920.000000    0.802566
  930.000000    0.763212
  940.000000    0.683486
  950.000000    0.691903
  960.000000    0.659718
  970.000000    0.677129
  980.000000    0.706112
  990.000000    0.740943
 1000.000000    0.790779
 1010.000000    0.766784
 1020.000000    0.796929
 1030.000000    0.812683
 1040.000000    0.803526
 1050.000000    0.796996
 1060.000000    0.743966
 1070.000000    0.700196
 1080.000000    0.674275
 1090.000000    0.671187
 1100.000000    0.684647
 1110.000000    0.726621
 1120.000000    0.761165
 1130.000000    0.768786
 1140.000000    0.704883
 1150.000000    0.714335
 1160.000000    0.686990
 1170.000000    0.649827
 1180.000000    0.643499
 1190.000000    0.602423
 1200.000000    0.579024
 1210.000000    0.541842
 1220.000000    0.530087
 1230.000000    0.565624
 1240.000000    0.603028
 1250.000000    0.645251
 1260.000000    0.624395
 1270.000000    0.706859
 1280.000000    0.741745
 1290.000000    0.698519
 1300.000000    0.777850
 1310.000000    0.812963
 1320.000000    0.796205
 1330.000000    0.764417
 1340.000000    0.719255
 1350.000000    0.689818
 1360.000000    0.714245
 1370.000000    0.788387
 1380.000000    0.747570
 1390.000000    0.693111
 1400.000000    0.706356
 1410.000000    0.729614
 1420.000000    0.736910
 1430.000000    0.729856
 1440.000000    0.659297
 1450.000000    0.623394
 1460.000000    0.663784
 1470.000000    0.689328
 1480.000000    0.744086
 1490.000000    0.757890
 1500.000000    0.794414
 1510.000000    0.786145
 1520.000000    0.757581
 1530.000000    0.729339
 1540.000000    0.660646
 1550.000000    0.608869
 1560.000000    0.503617
 1570.000000    0.566544
 1580.000000    0.619767
 1590.000000    0.613286
 1600.000000    0.642561
 1610.000000    0.669428
 1620.000000    0.708597
 1630.000000    0.779864
 1640.000000    0.813673
 1650.000000    0.798733
 1660.000000    0.794810
 1670.000000    0.772897
 1680.000000    0.774247
 1690.000000    0.688436
 1700.000000    0.735600
 1710.000000    0.740217
 1720.000000    0.739096
 1730.000000    0.724095
 1740.000000    0.708326
 1750.000000    0.761895
 1760.000000    0.714999
 1770.000000    0.699007
 1780.000000    0.702119
 1790.000000    0.682927
 1800.000000    0.636181
 1810.000000    0.626812
 1820.000000    0.618108
 1830.000000    0.683207
 1840.000000    0.692483
 1850.000000    0.732456
 1860.000000    0.749512
 1870.000000    0.730843
 1880.000000    0.694669
 1890.000000    0.653154
 1900.000000    0.641100
