#  pixel_depth  alphabetafraction   >  Analysis of alpha beta fraction
   41.000000    0.862468
   51.000000    0.795087
   61.000000    0.808721
   71.000000    0.818661
   81.000000    0.782036
   91.000000    0.785573
  101.000000    0.822681
  111.000000    0.835493
  121.000000    0.790373
  131.000000    0.742100
  141.000000    0.740526
  151.000000    0.745829
  161.000000    0.782866
  171.000000    0.794369
  181.000000    0.773526
  191.000000    0.780036
  201.000000    0.844204
  211.000000    0.852363
  221.000000    0.822622
  231.000000    0.785427
  241.000000    0.755280
  251.000000    0.749764
  261.000000    0.709836
  271.000000    0.681004
  281.000000    0.628424
  291.000000    0.643733
  301.000000    0.686657
  311.000000    0.689175
  321.000000    0.726858
  331.000000    0.791030
  341.000000    0.742163
  351.000000    0.728904
  361.000000    0.744099
  371.000000    0.711359
  381.000000    0.645252
  391.000000    0.663986
  401.000000    0.689566
  411.000000    0.702715
  421.000000    0.662275
  431.000000    0.655549
  441.000000    0.647453
  451.000000    0.647590
  461.000000    0.652230
  471.000000    0.660875
  481.000000    0.685562
  491.000000    0.665765
  501.000000    0.674303
  511.000000    0.644174
  521.000000    0.675982
  531.000000    0.694778
  541.000000    0.706692
  551.000000    0.658845
  561.000000    0.607010
  571.000000    0.645384
  581.000000    0.629381
  591.000000    0.635900
  601.000000    0.635562
  611.000000    0.692675
  621.000000    0.718935
  631.000000    0.682074
  641.000000    0.650643
  651.000000    0.613381
  661.000000    0.646816
  671.000000    0.657571
  681.000000    0.701301
  691.000000    0.720588
  701.000000    0.703890
  711.000000    0.681818
  721.000000    0.675482
  731.000000    0.628210
  741.000000    0.665855
  751.000000    0.713928
  761.000000    0.759974
  771.000000    0.742217
  781.000000    0.721690
  791.000000    0.712731
  801.000000    0.712248
  811.000000    0.710580
  821.000000    0.713548
  831.000000    0.663230
  841.000000    0.641506
  851.000000    0.628511
  861.000000    0.612112
  871.000000    0.554018
  881.000000    0.533129
  891.000000    0.593809
  901.000000    0.615670
  911.000000    0.660713
  921.000000    0.640453
  931.000000    0.676340
  941.000000    0.679639
  951.000000    0.683217
  961.000000    0.681358
  971.000000    0.626363
  981.000000    0.614112
  991.000000    0.594036
 1001.000000    0.605394
 1011.000000    0.650557
 1021.000000    0.739996
 1031.000000    0.789514
 1041.000000    0.821460
 1051.000000    0.812915
 1061.000000    0.745650
 1071.000000    0.721065
 1081.000000    0.687592
 1091.000000    0.675518
 1101.000000    0.686266
 1111.000000    0.666753
 1121.000000    0.661585
 1131.000000    0.657511
 1141.000000    0.659916
 1151.000000    0.703471
 1161.000000    0.651667
 1171.000000    0.684788
 1181.000000    0.699479
 1191.000000    0.762973
 1201.000000    0.747053
 1211.000000    0.671863
 1221.000000    0.646078
 1231.000000    0.646743
 1241.000000    0.586233
 1251.000000    0.579557
 1261.000000    0.614345
 1271.000000    0.617644
 1281.000000    0.644397
 1291.000000    0.625498
 1301.000000    0.608377
 1311.000000    0.617462
 1321.000000    0.576905
 1331.000000    0.523274
 1341.000000    0.589803
 1351.000000    0.626294
 1361.000000    0.627384
 1371.000000    0.630610
 1381.000000    0.588180
 1391.000000    0.569557
 1401.000000    0.548648
 1411.000000    0.580804
 1421.000000    0.634918
 1431.000000    0.638893
 1441.000000    0.696746
 1451.000000    0.727647
 1461.000000    0.731763
 1471.000000    0.770068
 1481.000000    0.753678
 1491.000000    0.677847
 1501.000000    0.633089
 1511.000000    0.629658
 1521.000000    0.696278
 1531.000000    0.720076
 1541.000000    0.737976
 1551.000000    0.802568
 1561.000000    0.800100
 1571.000000    0.775556
 1581.000000    0.740938
 1591.000000    0.683271
 1601.000000    0.680828
 1611.000000    0.680439
 1621.000000    0.650855
 1631.000000    0.709331
 1641.000000    0.759621
 1651.000000    0.757320
 1661.000000    0.742638
 1671.000000    0.694356
 1681.000000    0.614994
 1691.000000    0.571418
 1701.000000    0.619017
 1711.000000    0.618116
 1721.000000    0.627404
 1731.000000    0.655762
 1741.000000    0.651041
 1751.000000    0.639828
 1761.000000    0.604528
 1771.000000    0.602242
 1781.000000    0.650327
 1791.000000    0.623912
 1801.000000    0.644502
 1811.000000    0.659248
 1821.000000    0.675997
 1831.000000    0.678334
 1841.000000    0.728846
