#  pixel_depth  alphabetafraction   >  Analysis of alpha beta fraction
   52.000000    0.752432
   62.000000    0.763145
   72.000000    0.791564
   82.000000    0.752585
   92.000000    0.668360
  102.000000    0.628387
  112.000000    0.623459
  122.000000    0.614619
  132.000000    0.616808
  142.000000    0.632483
  152.000000    0.658420
  162.000000    0.688298
  172.000000    0.685991
  182.000000    0.685692
  192.000000    0.642016
  202.000000    0.582812
  212.000000    0.576438
  222.000000    0.601734
  232.000000    0.579207
  242.000000    0.622088
  252.000000    0.668335
  262.000000    0.733912
  272.000000    0.759837
  282.000000    0.749289
  292.000000    0.685837
  302.000000    0.687543
  312.000000    0.715899
  322.000000    0.701167
  332.000000    0.672133
  342.000000    0.642666
  352.000000    0.617867
  362.000000    0.636045
  372.000000    0.658492
  382.000000    0.692565
  392.000000    0.669905
  402.000000    0.657271
  412.000000    0.615197
  422.000000    0.579679
  432.000000    0.559899
  442.000000    0.596715
  452.000000    0.631080
  462.000000    0.678958
  472.000000    0.698537
  482.000000    0.649798
  492.000000    0.597194
  502.000000    0.692961
  512.000000    0.719378
  522.000000    0.719808
  532.000000    0.736233
  542.000000    0.685755
  552.000000    0.661246
  562.000000    0.658737
  572.000000    0.609325
  582.000000    0.581753
  592.000000    0.528244
  602.000000    0.553529
  612.000000    0.559840
  622.000000    0.546618
  632.000000    0.486356
  642.000000    0.474433
  652.000000    0.495819
  662.000000    0.587958
  672.000000    0.624939
  682.000000    0.656761
  692.000000    0.693427
  702.000000    0.709616
  712.000000    0.686432
  722.000000    0.689375
  732.000000    0.703921
  742.000000    0.719749
  752.000000    0.740341
  762.000000    0.699492
  772.000000    0.675545
  782.000000    0.665584
  792.000000    0.623296
  802.000000    0.552600
  812.000000    0.537077
  822.000000    0.607253
  832.000000    0.638263
  842.000000    0.657268
  852.000000    0.710306
  862.000000    0.745453
  872.000000    0.727959
  882.000000    0.721624
  892.000000    0.716263
  902.000000    0.673816
  912.000000    0.610633
  922.000000    0.595826
  932.000000    0.606875
  942.000000    0.657265
  952.000000    0.647238
  962.000000    0.678376
  972.000000    0.654667
  982.000000    0.610762
  992.000000    0.606503
 1002.000000    0.590621
 1012.000000    0.634505
 1022.000000    0.599443
 1032.000000    0.591336
 1042.000000    0.620953
 1052.000000    0.672184
 1062.000000    0.670645
 1072.000000    0.700431
 1082.000000    0.673976
 1092.000000    0.666732
 1102.000000    0.655470
 1112.000000    0.683683
 1122.000000    0.697559
 1132.000000    0.685812
 1142.000000    0.669624
 1152.000000    0.616094
 1162.000000    0.594587
 1172.000000    0.634372
 1182.000000    0.585639
 1192.000000    0.569869
 1202.000000    0.532560
 1212.000000    0.504682
 1222.000000    0.546385
 1232.000000    0.564472
 1242.000000    0.597066
 1252.000000    0.627907
 1262.000000    0.700104
 1272.000000    0.705326
 1282.000000    0.712539
 1292.000000    0.701716
 1302.000000    0.636303
 1312.000000    0.598585
 1322.000000    0.596866
 1332.000000    0.584720
 1342.000000    0.581363
 1352.000000    0.575517
 1362.000000    0.628494
 1372.000000    0.598856
 1382.000000    0.617463
 1392.000000    0.662706
 1402.000000    0.628167
 1412.000000    0.622419
 1422.000000    0.643350
 1432.000000    0.692171
 1442.000000    0.727118
 1452.000000    0.741504
 1462.000000    0.717681
 1472.000000    0.707867
 1482.000000    0.752170
 1492.000000    0.756555
 1502.000000    0.779769
 1512.000000    0.712511
 1522.000000    0.700847
 1532.000000    0.708748
 1542.000000    0.635714
 1552.000000    0.664435
 1562.000000    0.690209
 1572.000000    0.652186
 1582.000000    0.616569
 1592.000000    0.622322
 1602.000000    0.586641
 1612.000000    0.549067
 1622.000000    0.549978
 1632.000000    0.533759
 1642.000000    0.560953
 1652.000000    0.591180
 1662.000000    0.622562
 1672.000000    0.628820
 1682.000000    0.637345
 1692.000000    0.715890
 1702.000000    0.756518
 1712.000000    0.787339
 1722.000000    0.816776
 1732.000000    0.814333
 1742.000000    0.796759
 1752.000000    0.787711
 1762.000000    0.743723
 1772.000000    0.706099
 1782.000000    0.704685
 1792.000000    0.685483
 1802.000000    0.673973
 1812.000000    0.609195
 1822.000000    0.609717
 1832.000000    0.640738
 1842.000000    0.670911
 1852.000000    0.692322
 1862.000000    0.701477
