#  pixel_depth  alphabetafraction   >  Analysis of alpha beta fraction
   49.000000    0.673819
   59.000000    0.692031
   69.000000    0.762183
   79.000000    0.820546
   89.000000    0.833579
   99.000000    0.830104
  109.000000    0.842765
  119.000000    0.850804
  129.000000    0.850095
  139.000000    0.864080
  149.000000    0.860975
  159.000000    0.829320
  169.000000    0.738630
  179.000000    0.754394
  189.000000    0.729083
  199.000000    0.700755
  209.000000    0.706659
  219.000000    0.711845
  229.000000    0.702933
  239.000000    0.729494
  249.000000    0.752320
  259.000000    0.771007
  269.000000    0.749371
  279.000000    0.684724
  289.000000    0.538682
  299.000000    0.634793
  309.000000    0.698187
  319.000000    0.712030
  329.000000    0.712369
  339.000000    0.709198
  349.000000    0.754377
  359.000000    0.757513
  369.000000    0.723884
  379.000000    0.707660
  389.000000    0.665871
  399.000000    0.653073
  409.000000    0.692240
  419.000000    0.663579
  429.000000    0.712799
  439.000000    0.770659
  449.000000    0.742273
  459.000000    0.709732
  469.000000    0.689263
  479.000000    0.658917
  489.000000    0.669838
  499.000000    0.698396
  509.000000    0.712330
  519.000000    0.743373
  529.000000    0.760287
  539.000000    0.749218
  549.000000    0.801742
  559.000000    0.776626
  569.000000    0.785325
  579.000000    0.789908
  589.000000    0.801518
  599.000000    0.794466
  609.000000    0.768837
  619.000000    0.740673
  629.000000    0.695051
  639.000000    0.690990
  649.000000    0.733849
  659.000000    0.770376
  669.000000    0.744538
  679.000000    0.686331
  689.000000    0.651320
  699.000000    0.672200
  709.000000    0.653487
  719.000000    0.665637
  729.000000    0.678284
  739.000000    0.665494
  749.000000    0.652096
  759.000000    0.682206
  769.000000    0.643661
  779.000000    0.628696
  789.000000    0.694730
  799.000000    0.702212
  809.000000    0.740726
  819.000000    0.711007
  829.000000    0.730568
  839.000000    0.775781
  849.000000    0.779749
  859.000000    0.775037
  869.000000    0.750236
  879.000000    0.765987
  889.000000    0.732849
  899.000000    0.699621
  909.000000    0.722504
  919.000000    0.704482
  929.000000    0.690145
  939.000000    0.687533
  949.000000    0.615325
  959.000000    0.587445
  969.000000    0.629779
  979.000000    0.666764
  989.000000    0.641445
  999.000000    0.595659
 1009.000000    0.607611
 1019.000000    0.622242
 1029.000000    0.679044
 1039.000000    0.727446
 1049.000000    0.788083
 1059.000000    0.803899
 1069.000000    0.800497
 1079.000000    0.785514
 1089.000000    0.713854
 1099.000000    0.640420
 1109.000000    0.603120
 1119.000000    0.600418
 1129.000000    0.589693
 1139.000000    0.621889
 1149.000000    0.691132
 1159.000000    0.719266
 1169.000000    0.746019
 1179.000000    0.805650
 1189.000000    0.775839
 1199.000000    0.715327
 1209.000000    0.691240
 1219.000000    0.690963
 1229.000000    0.731314
 1239.000000    0.733502
 1249.000000    0.780609
 1259.000000    0.766698
 1269.000000    0.771335
 1279.000000    0.800538
 1289.000000    0.827575
 1299.000000    0.817579
 1309.000000    0.777494
 1319.000000    0.728839
 1329.000000    0.683459
 1339.000000    0.686998
 1349.000000    0.689295
 1359.000000    0.756767
 1369.000000    0.811689
 1379.000000    0.759911
 1389.000000    0.789909
 1399.000000    0.874069
 1409.000000    0.909981
 1419.000000    0.873054
 1429.000000    0.858809
 1439.000000    0.762374
 1449.000000    0.722096
 1459.000000    0.695400
 1469.000000    0.742754
 1479.000000    0.744216
 1489.000000    0.769259
 1499.000000    0.779956
 1509.000000    0.786667
 1519.000000    0.836811
 1529.000000    0.860974
 1539.000000    0.840019
 1549.000000    0.798777
 1559.000000    0.764717
 1569.000000    0.751860
 1579.000000    0.732146
 1589.000000    0.764834
 1599.000000    0.757473
 1609.000000    0.741020
 1619.000000    0.737207
 1629.000000    0.745158
 1639.000000    0.752415
 1649.000000    0.669024
 1659.000000    0.630705
 1669.000000    0.637194
 1679.000000    0.663284
 1689.000000    0.671221
 1699.000000    0.670431
 1709.000000    0.676777
 1719.000000    0.684820
 1729.000000    0.707476
 1739.000000    0.763576
 1749.000000    0.760750
 1759.000000    0.698878
 1769.000000    0.668056
 1779.000000    0.617059
 1789.000000    0.591303
 1799.000000    0.639578
 1809.000000    0.636636
 1819.000000    0.678868
 1829.000000    0.675637
 1839.000000    0.698410
 1849.000000    0.775330
 1859.000000    0.755926
 1869.000000    0.772802
 1879.000000    0.794077
 1889.000000    0.764818
 1899.000000    0.788154
