#  pixel_depth  alphabetafraction   >  Analysis of alpha beta fraction
  153.000000    0.432150
  163.000000    0.468206
  173.000000    0.522731
  183.000000    0.665850
  193.000000    0.763437
  203.000000    0.827583
  213.000000    0.845821
  223.000000    0.865686
  233.000000    0.831670
  243.000000    0.708599
  253.000000    0.643809
  263.000000    0.612816
  273.000000    0.621570
  283.000000    0.608794
  293.000000    0.562803
  303.000000    0.602445
  313.000000    0.573165
  323.000000    0.574806
  333.000000    0.591177
  343.000000    0.607333
  353.000000    0.665131
  363.000000    0.664815
  373.000000    0.693763
  383.000000    0.661015
  393.000000    0.623896
  403.000000    0.615485
  413.000000    0.646954
  423.000000    0.689502
  433.000000    0.701030
  443.000000    0.680480
  453.000000    0.615511
  463.000000    0.604121
  473.000000    0.652093
  483.000000    0.715044
  493.000000    0.726074
  503.000000    0.734163
  513.000000    0.762784
  523.000000    0.755357
  533.000000    0.748661
  543.000000    0.761505
  553.000000    0.722809
  563.000000    0.647496
  573.000000    0.648630
  583.000000    0.597279
  593.000000    0.565887
  603.000000    0.601476
  613.000000    0.605223
  623.000000    0.543306
  633.000000    0.587941
  643.000000    0.687080
  653.000000    0.713619
  663.000000    0.690465
  673.000000    0.669631
  683.000000    0.623224
  693.000000    0.677063
  703.000000    0.711953
  713.000000    0.747249
  723.000000    0.702097
  733.000000    0.709750
  743.000000    0.727340
  753.000000    0.711327
  763.000000    0.665586
  773.000000    0.633381
  783.000000    0.630034
  793.000000    0.631941
  803.000000    0.645735
  813.000000    0.676882
  823.000000    0.648884
  833.000000    0.643165
  843.000000    0.658482
  853.000000    0.626244
  863.000000    0.608067
  873.000000    0.588623
  883.000000    0.613327
  893.000000    0.710614
  903.000000    0.732872
  913.000000    0.712644
  923.000000    0.653652
  933.000000    0.646850
  943.000000    0.632844
  953.000000    0.601372
  963.000000    0.544685
  973.000000    0.451835
  983.000000    0.460490
  993.000000    0.588320
 1003.000000    0.630108
 1013.000000    0.683266
 1023.000000    0.714698
 1033.000000    0.746253
 1043.000000    0.767609
 1053.000000    0.768361
 1063.000000    0.764905
 1073.000000    0.746876
 1083.000000    0.672959
 1093.000000    0.629269
 1103.000000    0.566919
 1113.000000    0.523214
 1123.000000    0.477959
 1133.000000    0.482688
 1143.000000    0.504002
 1153.000000    0.658692
 1163.000000    0.751444
 1173.000000    0.757126
 1183.000000    0.769771
 1193.000000    0.758351
 1203.000000    0.755824
 1213.000000    0.701381
 1223.000000    0.710362
 1233.000000    0.666021
 1243.000000    0.627419
 1253.000000    0.596906
 1263.000000    0.606043
 1273.000000    0.550346
 1283.000000    0.556087
 1293.000000    0.579772
 1303.000000    0.610100
 1313.000000    0.669956
 1323.000000    0.728244
 1333.000000    0.712480
 1343.000000    0.691026
 1353.000000    0.669920
 1363.000000    0.653185
 1373.000000    0.607408
 1383.000000    0.628515
 1393.000000    0.665078
 1403.000000    0.668718
 1413.000000    0.685960
 1423.000000    0.736876
 1433.000000    0.772034
 1443.000000    0.724365
 1453.000000    0.666260
 1463.000000    0.642867
 1473.000000    0.642717
 1483.000000    0.682083
 1493.000000    0.718513
 1503.000000    0.739340
 1513.000000    0.717333
 1523.000000    0.682812
 1533.000000    0.713987
 1543.000000    0.694581
 1553.000000    0.617047
 1563.000000    0.671833
 1573.000000    0.705305
 1583.000000    0.677876
 1593.000000    0.640320
 1603.000000    0.608238
 1613.000000    0.598699
 1623.000000    0.552443
 1633.000000    0.471478
 1643.000000    0.427570
 1653.000000    0.489139
 1663.000000    0.529412
 1673.000000    0.615090
 1683.000000    0.730948
 1693.000000    0.785178
 1703.000000    0.784460
 1713.000000    0.725298
 1723.000000    0.717365
 1733.000000    0.720740
 1743.000000    0.715729
 1753.000000    0.742031
 1763.000000    0.733073
 1773.000000    0.719870
 1783.000000    0.678810
 1793.000000    0.648648
 1803.000000    0.633350
 1813.000000    0.701401
 1823.000000    0.724139
 1833.000000    0.721441
 1843.000000    0.685095
 1853.000000    0.627526
 1863.000000    0.636736
 1873.000000    0.633078
 1883.000000    0.663992
