#  pixel_depth  alphabetafraction   >  Analysis of alpha beta fraction
   77.000000    0.791132
   87.000000    0.773916
   97.000000    0.742685
  107.000000    0.715878
  117.000000    0.670437
  127.000000    0.658330
  137.000000    0.627222
  147.000000    0.634286
  157.000000    0.670027
  167.000000    0.708742
  177.000000    0.729960
  187.000000    0.667535
  197.000000    0.666789
  207.000000    0.704212
  217.000000    0.715243
  227.000000    0.702669
  237.000000    0.693980
  247.000000    0.717107
  257.000000    0.775047
  267.000000    0.778463
  277.000000    0.790510
  287.000000    0.845039
  297.000000    0.809377
  307.000000    0.777126
  317.000000    0.731398
  327.000000    0.742886
  337.000000    0.724095
  347.000000    0.695113
  357.000000    0.683828
  367.000000    0.682507
  377.000000    0.699921
  387.000000    0.741077
  397.000000    0.771346
  407.000000    0.786852
  417.000000    0.740360
  427.000000    0.722850
  437.000000    0.787125
  447.000000    0.798761
  457.000000    0.769066
  467.000000    0.799884
  477.000000    0.835791
  487.000000    0.855143
  497.000000    0.840096
  507.000000    0.854414
  517.000000    0.862212
  527.000000    0.824009
  537.000000    0.811068
  547.000000    0.807730
  557.000000    0.800518
  567.000000    0.731897
  577.000000    0.684535
  587.000000    0.657837
  597.000000    0.619608
  607.000000    0.642734
  617.000000    0.657608
  627.000000    0.659895
  637.000000    0.762044
  647.000000    0.756866
  657.000000    0.711561
  667.000000    0.711114
  677.000000    0.698829
  687.000000    0.746656
  697.000000    0.770679
  707.000000    0.764573
  717.000000    0.788456
  727.000000    0.788536
  737.000000    0.777247
  747.000000    0.751878
  757.000000    0.712069
  767.000000    0.645807
  777.000000    0.663735
  787.000000    0.663619
  797.000000    0.655532
  807.000000    0.681988
  817.000000    0.674804
  827.000000    0.682461
  837.000000    0.701670
  847.000000    0.722129
  857.000000    0.711787
  867.000000    0.742143
  877.000000    0.724612
  887.000000    0.692244
  897.000000    0.646864
  907.000000    0.675947
  917.000000    0.688676
  927.000000    0.744293
  937.000000    0.730592
  947.000000    0.731151
  957.000000    0.703781
  967.000000    0.721200
  977.000000    0.648873
  987.000000    0.648752
  997.000000    0.650581
 1007.000000    0.619474
 1017.000000    0.663325
 1027.000000    0.744393
 1037.000000    0.732051
 1047.000000    0.757188
 1057.000000    0.773407
 1067.000000    0.802651
 1077.000000    0.802578
 1087.000000    0.809636
 1097.000000    0.773213
 1107.000000    0.731474
 1117.000000    0.680205
 1127.000000    0.712171
 1137.000000    0.707046
 1147.000000    0.667983
 1157.000000    0.702269
 1167.000000    0.701525
 1177.000000    0.747402
 1187.000000    0.769222
 1197.000000    0.787900
 1207.000000    0.731271
 1217.000000    0.678207
 1227.000000    0.676753
 1237.000000    0.713570
 1247.000000    0.716779
 1257.000000    0.747207
 1267.000000    0.735807
 1277.000000    0.772728
 1287.000000    0.778993
 1297.000000    0.717291
 1307.000000    0.747024
 1317.000000    0.787700
 1327.000000    0.764365
 1337.000000    0.767905
 1347.000000    0.753304
 1357.000000    0.770868
 1367.000000    0.768214
 1377.000000    0.789648
 1387.000000    0.787873
 1397.000000    0.763875
 1407.000000    0.746228
 1417.000000    0.697411
 1427.000000    0.712692
 1437.000000    0.696729
 1447.000000    0.700147
 1457.000000    0.722713
 1467.000000    0.760393
 1477.000000    0.675978
 1487.000000    0.692789
 1497.000000    0.677325
 1507.000000    0.665563
 1517.000000    0.666875
 1527.000000    0.697703
 1537.000000    0.601666
 1547.000000    0.591113
 1557.000000    0.630211
 1567.000000    0.691126
 1577.000000    0.733049
 1587.000000    0.766795
 1597.000000    0.735570
 1607.000000    0.705624
 1617.000000    0.685693
 1627.000000    0.685211
 1637.000000    0.653692
 1647.000000    0.655120
 1657.000000    0.714139
 1667.000000    0.667723
 1677.000000    0.669030
 1687.000000    0.685378
 1697.000000    0.673993
 1707.000000    0.637371
 1717.000000    0.653310
 1727.000000    0.674352
 1737.000000    0.671478
 1747.000000    0.624641
 1757.000000    0.595965
 1767.000000    0.538356
 1777.000000    0.577487
 1787.000000    0.617124
 1797.000000    0.622642
 1807.000000    0.627438
 1817.000000    0.666013
 1827.000000    0.621229
 1837.000000    0.668740
 1847.000000    0.637655
 1857.000000    0.609664
 1867.000000    0.606831
 1877.000000    0.597361
 1887.000000    0.634749
