#  pixel_depth  alphabetafraction   >  Analysis of alpha beta fraction
   88.000000    0.615224
   98.000000    0.642780
  108.000000    0.701925
  118.000000    0.692777
  128.000000    0.636143
  138.000000    0.652232
  148.000000    0.646653
  158.000000    0.686325
  168.000000    0.623332
  178.000000    0.618207
  188.000000    0.643167
  198.000000    0.705656
  208.000000    0.689066
  218.000000    0.699695
  228.000000    0.719819
  238.000000    0.719818
  248.000000    0.713455
  258.000000    0.696216
  268.000000    0.661686
  278.000000    0.622655
  288.000000    0.617312
  298.000000    0.629913
  308.000000    0.663464
  318.000000    0.693485
  328.000000    0.690481
  338.000000    0.725906
  348.000000    0.726452
  358.000000    0.704751
  368.000000    0.720324
  378.000000    0.791776
  388.000000    0.758262
  398.000000    0.699994
  408.000000    0.722098
  418.000000    0.715881
  428.000000    0.700747
  438.000000    0.670838
  448.000000    0.667042
  458.000000    0.671675
  468.000000    0.708426
  478.000000    0.687571
  488.000000    0.706547
  498.000000    0.724673
  508.000000    0.719032
  518.000000    0.690768
  528.000000    0.719915
  538.000000    0.782353
  548.000000    0.761836
  558.000000    0.760789
  568.000000    0.741618
  578.000000    0.685228
  588.000000    0.668710
  598.000000    0.720822
  608.000000    0.787311
  618.000000    0.784569
  628.000000    0.767076
  638.000000    0.845176
  648.000000    0.758934
  658.000000    0.647451
  668.000000    0.632258
  678.000000    0.703867
  688.000000    0.722450
  698.000000    0.727500
  708.000000    0.649955
  718.000000    0.701681
  728.000000    0.723401
  738.000000    0.781175
  748.000000    0.753782
  758.000000    0.749501
  768.000000    0.759407
  778.000000    0.679326
  788.000000    0.595491
  798.000000    0.621002
  808.000000    0.661834
  818.000000    0.698151
  828.000000    0.725611
  838.000000    0.783803
  848.000000    0.759503
  858.000000    0.715657
  868.000000    0.685515
  878.000000    0.580584
  888.000000    0.516643
  898.000000    0.480916
  908.000000    0.523915
  918.000000    0.603603
  928.000000    0.668209
  938.000000    0.679349
  948.000000    0.708437
  958.000000    0.728389
  968.000000    0.746835
  978.000000    0.743402
  988.000000    0.743892
  998.000000    0.680442
 1008.000000    0.667551
 1018.000000    0.696894
 1028.000000    0.716965
 1038.000000    0.761393
 1048.000000    0.768395
 1058.000000    0.738534
 1068.000000    0.706764
 1078.000000    0.717672
 1088.000000    0.715901
 1098.000000    0.726010
 1108.000000    0.698482
 1118.000000    0.721353
 1128.000000    0.755490
 1138.000000    0.719562
 1148.000000    0.663573
 1158.000000    0.629420
 1168.000000    0.569568
 1178.000000    0.610603
 1188.000000    0.636137
 1198.000000    0.687755
 1208.000000    0.715360
 1218.000000    0.662461
 1228.000000    0.699859
 1238.000000    0.695432
 1248.000000    0.687684
 1258.000000    0.669387
 1268.000000    0.648435
 1278.000000    0.584768
 1288.000000    0.650227
 1298.000000    0.663693
 1308.000000    0.709767
 1318.000000    0.710067
 1328.000000    0.693253
 1338.000000    0.714537
 1348.000000    0.653514
 1358.000000    0.674193
 1368.000000    0.768657
 1378.000000    0.787910
 1388.000000    0.765757
 1398.000000    0.745544
 1408.000000    0.713753
 1418.000000    0.682611
 1428.000000    0.701954
 1438.000000    0.727822
 1448.000000    0.714672
 1458.000000    0.717138
 1468.000000    0.684264
 1478.000000    0.668233
 1488.000000    0.613188
 1498.000000    0.628929
 1508.000000    0.678557
 1518.000000    0.756618
 1528.000000    0.745388
 1538.000000    0.701073
 1548.000000    0.708117
 1558.000000    0.688960
 1568.000000    0.717682
 1578.000000    0.684732
 1588.000000    0.712729
 1598.000000    0.712331
 1608.000000    0.664241
 1618.000000    0.641265
 1628.000000    0.617683
 1638.000000    0.588038
 1648.000000    0.571523
 1658.000000    0.579353
 1668.000000    0.653403
 1678.000000    0.724371
 1688.000000    0.767054
 1698.000000    0.774773
