#  pixel_depth  alphabetafraction   >  Analysis of alpha beta fraction
   10.000000    0.820303
   20.000000    0.790657
   30.000000    0.815273
   40.000000    0.820272
   50.000000    0.815358
   60.000000    0.759383
   70.000000    0.764218
   80.000000    0.750230
   90.000000    0.692256
  100.000000    0.739078
  110.000000    0.763170
  120.000000    0.750295
  130.000000    0.782122
  140.000000    0.820619
  150.000000    0.799696
  160.000000    0.738175
  170.000000    0.751845
  180.000000    0.696867
  190.000000    0.720303
  200.000000    0.744769
  210.000000    0.703100
  220.000000    0.764792
  230.000000    0.759082
  240.000000    0.703702
  250.000000    0.742556
  260.000000    0.757277
  270.000000    0.740963
  280.000000    0.742720
  290.000000    0.663673
  300.000000    0.625645
  310.000000    0.690606
  320.000000    0.721364
  330.000000    0.678008
  340.000000    0.655662
  350.000000    0.663459
  360.000000    0.698818
  370.000000    0.720176
  380.000000    0.758846
  390.000000    0.747387
  400.000000    0.728442
  410.000000    0.710577
  420.000000    0.670336
  430.000000    0.706610
  440.000000    0.822546
  450.000000    0.859609
  460.000000    0.840654
  470.000000    0.777369
  480.000000    0.775234
  490.000000    0.803328
  500.000000    0.821164
  510.000000    0.823901
  520.000000    0.773383
  530.000000    0.712978
  540.000000    0.691341
  550.000000    0.672065
  560.000000    0.736126
  570.000000    0.785545
  580.000000    0.759622
  590.000000    0.774899
  600.000000    0.817338
  610.000000    0.840108
  620.000000    0.824364
  630.000000    0.800646
  640.000000    0.750570
  650.000000    0.729604
  660.000000    0.799553
  670.000000    0.825819
  680.000000    0.747518
  690.000000    0.748425
  700.000000    0.718602
  710.000000    0.713122
  720.000000    0.754539
  730.000000    0.777587
  740.000000    0.814513
  750.000000    0.828667
  760.000000    0.866100
  770.000000    0.871489
  780.000000    0.825450
  790.000000    0.783598
  800.000000    0.709738
  810.000000    0.700831
  820.000000    0.764382
  830.000000    0.758490
  840.000000    0.794058
  850.000000    0.834395
  860.000000    0.850631
  870.000000    0.859358
  880.000000    0.850867
  890.000000    0.841794
  900.000000    0.851922
  910.000000    0.766324
  920.000000    0.777321
  930.000000    0.727271
  940.000000    0.708980
  950.000000    0.775584
  960.000000    0.824693
  970.000000    0.860192
  980.000000    0.850725
  990.000000    0.755981
 1000.000000    0.720978
 1010.000000    0.754693
 1020.000000    0.814371
 1030.000000    0.851736
 1040.000000    0.894627
 1050.000000    0.890416
 1060.000000    0.849189
 1070.000000    0.790243
 1080.000000    0.760294
 1090.000000    0.744231
 1100.000000    0.763057
 1110.000000    0.741973
 1120.000000    0.778541
 1130.000000    0.791804
 1140.000000    0.761895
 1150.000000    0.777575
 1160.000000    0.733960
 1170.000000    0.714474
 1180.000000    0.708160
 1190.000000    0.751956
 1200.000000    0.801054
 1210.000000    0.780827
 1220.000000    0.803561
 1230.000000    0.741677
 1240.000000    0.758310
 1250.000000    0.767667
 1260.000000    0.787034
 1270.000000    0.827104
 1280.000000    0.861367
 1290.000000    0.861932
