#  pixel_depth  alphabetafraction   >  Analysis of alpha beta fraction
   92.000000    0.689178
  102.000000    0.685664
  112.000000    0.701508
  122.000000    0.712252
  132.000000    0.713977
  142.000000    0.674625
  152.000000    0.699421
  162.000000    0.721748
  172.000000    0.805692
  182.000000    0.805076
  192.000000    0.751865
  202.000000    0.725877
  212.000000    0.723824
  222.000000    0.704780
  232.000000    0.692368
  242.000000    0.699304
  252.000000    0.710401
  262.000000    0.730050
  272.000000    0.698539
  282.000000    0.763844
  292.000000    0.785557
  302.000000    0.744114
  312.000000    0.764710
  322.000000    0.758859
  332.000000    0.773568
  342.000000    0.733483
  352.000000    0.687370
  362.000000    0.664519
  372.000000    0.706378
  382.000000    0.729304
  392.000000    0.742157
  402.000000    0.735654
  412.000000    0.757606
  422.000000    0.760029
  432.000000    0.686858
  442.000000    0.638187
  452.000000    0.624077
  462.000000    0.702909
  472.000000    0.738150
  482.000000    0.743243
  492.000000    0.746499
  502.000000    0.743636
  512.000000    0.719646
  522.000000    0.715635
  532.000000    0.719864
  542.000000    0.686259
  552.000000    0.637042
  562.000000    0.617556
  572.000000    0.685492
  582.000000    0.703556
  592.000000    0.735967
  602.000000    0.760401
  612.000000    0.729521
  622.000000    0.753247
  632.000000    0.721193
  642.000000    0.634071
  652.000000    0.624731
  662.000000    0.675290
  672.000000    0.687776
  682.000000    0.708684
  692.000000    0.675450
  702.000000    0.671025
  712.000000    0.697970
  722.000000    0.691064
  732.000000    0.722980
  742.000000    0.721823
  752.000000    0.706421
  762.000000    0.717069
  772.000000    0.737980
  782.000000    0.780304
  792.000000    0.785302
  802.000000    0.765082
  812.000000    0.731070
  822.000000    0.642047
  832.000000    0.532730
  842.000000    0.467993
  852.000000    0.491637
  862.000000    0.579460
  872.000000    0.643731
  882.000000    0.707012
  892.000000    0.749231
  902.000000    0.741186
  912.000000    0.729223
  922.000000    0.700830
  932.000000    0.601711
  942.000000    0.564335
  952.000000    0.541944
  962.000000    0.558941
  972.000000    0.615598
  982.000000    0.672714
  992.000000    0.724917
 1002.000000    0.718472
 1012.000000    0.711667
 1022.000000    0.689082
 1032.000000    0.655859
 1042.000000    0.687312
 1052.000000    0.730547
 1062.000000    0.721663
 1072.000000    0.741908
 1082.000000    0.750548
 1092.000000    0.768001
 1102.000000    0.770595
 1112.000000    0.712182
 1122.000000    0.708215
 1132.000000    0.742220
 1142.000000    0.768684
 1152.000000    0.756247
 1162.000000    0.688721
 1172.000000    0.709852
 1182.000000    0.736230
 1192.000000    0.685074
 1202.000000    0.641502
 1212.000000    0.622249
 1222.000000    0.689406
 1232.000000    0.722547
 1242.000000    0.718254
 1252.000000    0.731446
 1262.000000    0.694732
 1272.000000    0.703556
 1282.000000    0.742103
 1292.000000    0.722103
 1302.000000    0.728406
 1312.000000    0.753515
 1322.000000    0.769287
 1332.000000    0.756378
 1342.000000    0.750075
 1352.000000    0.716269
 1362.000000    0.705510
 1372.000000    0.708514
 1382.000000    0.731347
 1392.000000    0.714445
 1402.000000    0.702822
 1412.000000    0.760519
 1422.000000    0.716340
 1432.000000    0.671520
 1442.000000    0.671007
 1452.000000    0.754404
 1462.000000    0.792874
 1472.000000    0.787283
 1482.000000    0.767071
 1492.000000    0.739890
 1502.000000    0.734842
 1512.000000    0.684447
 1522.000000    0.606647
 1532.000000    0.580490
 1542.000000    0.679346
 1552.000000    0.688190
 1562.000000    0.724151
 1572.000000    0.805308
 1582.000000    0.789826
 1592.000000    0.749997
 1602.000000    0.669687
 1612.000000    0.635040
 1622.000000    0.589626
 1632.000000    0.610968
 1642.000000    0.654462
 1652.000000    0.691145
 1662.000000    0.759346
 1672.000000    0.777970
 1682.000000    0.761968
 1692.000000    0.715684
 1702.000000    0.693689
 1712.000000    0.732743
 1722.000000    0.751089
 1732.000000    0.759594
 1742.000000    0.739923
 1752.000000    0.692030
 1762.000000    0.685967
 1772.000000    0.723769
 1782.000000    0.775267
 1792.000000    0.828636
 1802.000000    0.825476
 1812.000000    0.762432
 1822.000000    0.683051
 1832.000000    0.683450
 1842.000000    0.640288
 1852.000000    0.588908
 1862.000000    0.550665
 1872.000000    0.579069
 1882.000000    0.634109
 1892.000000    0.641847
