#  pixel_depth  alphabetafraction   >  Analysis of alpha beta fraction
   50.000000    0.885028
   60.000000    0.838830
   70.000000    0.794941
   80.000000    0.714130
   90.000000    0.595844
  100.000000    0.599378
  110.000000    0.594116
  120.000000    0.667292
  130.000000    0.678719
  140.000000    0.705766
  150.000000    0.718674
  160.000000    0.747801
  170.000000    0.720484
  180.000000    0.735533
  190.000000    0.717130
  200.000000    0.674989
  210.000000    0.670594
  220.000000    0.664525
  230.000000    0.703557
  240.000000    0.725144
  250.000000    0.803170
  260.000000    0.820293
  270.000000    0.825125
  280.000000    0.765846
  290.000000    0.785503
  300.000000    0.724622
  310.000000    0.694607
  320.000000    0.700988
  330.000000    0.734979
  340.000000    0.721452
  350.000000    0.650598
  360.000000    0.615119
  370.000000    0.644440
  380.000000    0.644170
  390.000000    0.655887
  400.000000    0.698629
  410.000000    0.742536
  420.000000    0.740084
  430.000000    0.718638
  440.000000    0.708996
  450.000000    0.694588
  460.000000    0.700567
  470.000000    0.734807
  480.000000    0.726879
  490.000000    0.688102
  500.000000    0.721615
  510.000000    0.747375
  520.000000    0.753745
  530.000000    0.718936
  540.000000    0.744283
  550.000000    0.776710
  560.000000    0.766759
  570.000000    0.746237
  580.000000    0.734749
  590.000000    0.684690
  600.000000    0.665541
  610.000000    0.678301
  620.000000    0.643726
  630.000000    0.632057
  640.000000    0.631451
  650.000000    0.668688
  660.000000    0.681060
  670.000000    0.698187
  680.000000    0.723120
  690.000000    0.798598
  700.000000    0.793307
  710.000000    0.799715
  720.000000    0.769396
  730.000000    0.769652
  740.000000    0.757084
  750.000000    0.720798
  760.000000    0.738363
  770.000000    0.763233
  780.000000    0.753751
  790.000000    0.792880
  800.000000    0.742541
  810.000000    0.764413
  820.000000    0.783808
  830.000000    0.757642
  840.000000    0.700373
  850.000000    0.725136
  860.000000    0.722744
  870.000000    0.731015
  880.000000    0.750334
  890.000000    0.736987
  900.000000    0.737698
  910.000000    0.722750
  920.000000    0.682565
  930.000000    0.695687
  940.000000    0.679511
  950.000000    0.764775
  960.000000    0.702175
  970.000000    0.670207
  980.000000    0.673411
  990.000000    0.649096
 1000.000000    0.627035
 1010.000000    0.657787
 1020.000000    0.652902
 1030.000000    0.672139
 1040.000000    0.699082
 1050.000000    0.761686
 1060.000000    0.762504
 1070.000000    0.786274
 1080.000000    0.794674
 1090.000000    0.757964
 1100.000000    0.736938
 1110.000000    0.679311
 1120.000000    0.627863
 1130.000000    0.619418
 1140.000000    0.668535
 1150.000000    0.694779
 1160.000000    0.791778
 1170.000000    0.802601
 1180.000000    0.766843
 1190.000000    0.753205
 1200.000000    0.747878
 1210.000000    0.767141
 1220.000000    0.741267
 1230.000000    0.749450
 1240.000000    0.734754
 1250.000000    0.726900
 1260.000000    0.596894
 1270.000000    0.580506
 1280.000000    0.642979
 1290.000000    0.701161
 1300.000000    0.697801
 1310.000000    0.738065
 1320.000000    0.788045
 1330.000000    0.731653
 1340.000000    0.718974
 1350.000000    0.750253
 1360.000000    0.709509
 1370.000000    0.682674
 1380.000000    0.671341
 1390.000000    0.698356
 1400.000000    0.764141
 1410.000000    0.758932
 1420.000000    0.742183
 1430.000000    0.724854
 1440.000000    0.733076
 1450.000000    0.766553
 1460.000000    0.764583
 1470.000000    0.731399
 1480.000000    0.740855
 1490.000000    0.704943
 1500.000000    0.688736
 1510.000000    0.687447
 1520.000000    0.716656
 1530.000000    0.735914
 1540.000000    0.709300
 1550.000000    0.672549
 1560.000000    0.653831
 1570.000000    0.686802
 1580.000000    0.683798
 1590.000000    0.692045
 1600.000000    0.607878
 1610.000000    0.576976
 1620.000000    0.609447
 1630.000000    0.717429
 1640.000000    0.735239
 1650.000000    0.720738
 1660.000000    0.728835
 1670.000000    0.764729
 1680.000000    0.742186
 1690.000000    0.756458
 1700.000000    0.769299
 1710.000000    0.779699
 1720.000000    0.782090
 1730.000000    0.744480
 1740.000000    0.736625
 1750.000000    0.727139
 1760.000000    0.657715
 1770.000000    0.657831
 1780.000000    0.749925
 1790.000000    0.706218
 1800.000000    0.698539
 1810.000000    0.718284
 1820.000000    0.677622
 1830.000000    0.665583
 1840.000000    0.653262
 1850.000000    0.622039
 1860.000000    0.662809
 1870.000000    0.694491
 1880.000000    0.661069
 1890.000000    0.657556
