#  pixel_depth  alphabetafraction   >  Analysis of alpha beta fraction
   62.000000    0.659380
   72.000000    0.657757
   82.000000    0.611983
   92.000000    0.647680
  102.000000    0.664355
  112.000000    0.645698
  122.000000    0.672240
  132.000000    0.720437
  142.000000    0.735277
  152.000000    0.730179
  162.000000    0.712509
  172.000000    0.678598
  182.000000    0.654376
  192.000000    0.644542
  202.000000    0.552358
  212.000000    0.539660
  222.000000    0.599200
  232.000000    0.680949
  242.000000    0.705473
  252.000000    0.746094
  262.000000    0.798988
  272.000000    0.827883
  282.000000    0.839932
  292.000000    0.809693
  302.000000    0.776420
  312.000000    0.767361
  322.000000    0.708498
  332.000000    0.690537
  342.000000    0.687521
  352.000000    0.644447
  362.000000    0.613748
  372.000000    0.649758
  382.000000    0.652180
  392.000000    0.688013
  402.000000    0.698768
  412.000000    0.703003
  422.000000    0.698414
  432.000000    0.693045
  442.000000    0.666208
  452.000000    0.658399
  462.000000    0.649619
  472.000000    0.604546
  482.000000    0.579246
  492.000000    0.513577
  502.000000    0.477306
  512.000000    0.481523
  522.000000    0.501944
  532.000000    0.612758
  542.000000    0.629139
  552.000000    0.685796
  562.000000    0.715012
  572.000000    0.710575
  582.000000    0.716462
  592.000000    0.715349
  602.000000    0.685847
  612.000000    0.659447
  622.000000    0.677259
  632.000000    0.688916
  642.000000    0.689056
  652.000000    0.677022
  662.000000    0.695239
  672.000000    0.718463
  682.000000    0.716693
  692.000000    0.703352
  702.000000    0.644490
  712.000000    0.624193
  722.000000    0.628050
  732.000000    0.621277
  742.000000    0.688909
  752.000000    0.678386
  762.000000    0.663257
  772.000000    0.650374
  782.000000    0.677032
  792.000000    0.700659
  802.000000    0.719416
  812.000000    0.760648
  822.000000    0.732299
  832.000000    0.762174
  842.000000    0.793276
  852.000000    0.757718
  862.000000    0.748177
  872.000000    0.765412
  882.000000    0.776163
  892.000000    0.768410
  902.000000    0.748561
  912.000000    0.736636
  922.000000    0.729342
  932.000000    0.749405
  942.000000    0.743429
  952.000000    0.723792
  962.000000    0.692869
  972.000000    0.691327
  982.000000    0.691011
  992.000000    0.689840
 1002.000000    0.599924
 1012.000000    0.584666
 1022.000000    0.606758
 1032.000000    0.643950
 1042.000000    0.622875
 1052.000000    0.571872
 1062.000000    0.595207
 1072.000000    0.679940
 1082.000000    0.719952
 1092.000000    0.771949
 1102.000000    0.830198
 1112.000000    0.798087
 1122.000000    0.744977
 1132.000000    0.713556
 1142.000000    0.709293
 1152.000000    0.703020
 1162.000000    0.700130
 1172.000000    0.674657
 1182.000000    0.713582
 1192.000000    0.745680
 1202.000000    0.731554
 1212.000000    0.741427
 1222.000000    0.699771
 1232.000000    0.696957
 1242.000000    0.722182
 1252.000000    0.744093
 1262.000000    0.737145
 1272.000000    0.789104
 1282.000000    0.818757
 1292.000000    0.793846
 1302.000000    0.776759
 1312.000000    0.757399
 1322.000000    0.706062
 1332.000000    0.684371
 1342.000000    0.682928
 1352.000000    0.689031
 1362.000000    0.696279
 1372.000000    0.766471
 1382.000000    0.758444
 1392.000000    0.753081
 1402.000000    0.771691
 1412.000000    0.757574
 1422.000000    0.723574
 1432.000000    0.683607
 1442.000000    0.663409
 1452.000000    0.654447
 1462.000000    0.650221
 1472.000000    0.647224
 1482.000000    0.648641
 1492.000000    0.685067
 1502.000000    0.726380
 1512.000000    0.775567
 1522.000000    0.797199
 1532.000000    0.808788
 1542.000000    0.808918
 1552.000000    0.805794
 1562.000000    0.747492
 1572.000000    0.743594
 1582.000000    0.694932
 1592.000000    0.654358
 1602.000000    0.629071
 1612.000000    0.612379
 1622.000000    0.640525
 1632.000000    0.674576
 1642.000000    0.726386
 1652.000000    0.752642
 1662.000000    0.767796
 1672.000000    0.797335
 1682.000000    0.783269
 1692.000000    0.746309
 1702.000000    0.652736
 1712.000000    0.643909
 1722.000000    0.698045
 1732.000000    0.730448
 1742.000000    0.690611
 1752.000000    0.660952
 1762.000000    0.624887
 1772.000000    0.648469
 1782.000000    0.656211
 1792.000000    0.691070
 1802.000000    0.693276
 1812.000000    0.704758
 1822.000000    0.725546
