#  pixel_depth  alphabetafraction   >  Analysis of alpha beta fraction
   89.000000    0.755299
   99.000000    0.730432
  109.000000    0.693222
  119.000000    0.697718
  129.000000    0.686287
  139.000000    0.603290
  149.000000    0.605165
  159.000000    0.666235
  169.000000    0.717412
  179.000000    0.697034
  189.000000    0.674607
  199.000000    0.660219
  209.000000    0.682608
  219.000000    0.717412
  229.000000    0.742878
  239.000000    0.737008
  249.000000    0.671140
  259.000000    0.677464
  269.000000    0.681192
  279.000000    0.628893
  289.000000    0.659600
  299.000000    0.702288
  309.000000    0.754405
  319.000000    0.794581
  329.000000    0.795411
  339.000000    0.755801
  349.000000    0.728679
  359.000000    0.692365
  369.000000    0.751656
  379.000000    0.764213
  389.000000    0.827268
  399.000000    0.803511
  409.000000    0.792009
  419.000000    0.804842
  429.000000    0.769065
  439.000000    0.701487
  449.000000    0.655607
  459.000000    0.639427
  469.000000    0.606075
  479.000000    0.599745
  489.000000    0.617047
  499.000000    0.642711
  509.000000    0.690802
  519.000000    0.699487
  529.000000    0.659230
  539.000000    0.667888
  549.000000    0.669568
  559.000000    0.648673
  569.000000    0.674681
  579.000000    0.678946
  589.000000    0.706288
  599.000000    0.754386
  609.000000    0.756471
  619.000000    0.719660
  629.000000    0.725910
  639.000000    0.727782
  649.000000    0.739075
  659.000000    0.748009
  669.000000    0.753412
  679.000000    0.760522
  689.000000    0.759391
  699.000000    0.754563
  709.000000    0.706233
  719.000000    0.656026
  729.000000    0.615433
  739.000000    0.601118
  749.000000    0.649953
  759.000000    0.704081
  769.000000    0.735994
  779.000000    0.761515
  789.000000    0.758133
  799.000000    0.735419
  809.000000    0.679196
  819.000000    0.720234
  829.000000    0.771799
  839.000000    0.823394
  849.000000    0.795452
  859.000000    0.774603
  869.000000    0.757678
  879.000000    0.731514
  889.000000    0.705292
  899.000000    0.702544
  909.000000    0.722949
  919.000000    0.787191
  929.000000    0.799561
  939.000000    0.798735
  949.000000    0.741160
  959.000000    0.732880
  969.000000    0.737835
  979.000000    0.775365
  989.000000    0.809089
  999.000000    0.808059
 1009.000000    0.756572
 1019.000000    0.689018
 1029.000000    0.681547
 1039.000000    0.653728
 1049.000000    0.650227
 1059.000000    0.695326
 1069.000000    0.707022
 1079.000000    0.714443
 1089.000000    0.690875
 1099.000000    0.701412
 1109.000000    0.728355
 1119.000000    0.753702
 1129.000000    0.707659
 1139.000000    0.669132
 1149.000000    0.633347
 1159.000000    0.644747
 1169.000000    0.616516
 1179.000000    0.585862
 1189.000000    0.650732
 1199.000000    0.673921
 1209.000000    0.653114
 1219.000000    0.691871
 1229.000000    0.725832
 1239.000000    0.725924
 1249.000000    0.712725
 1259.000000    0.734690
 1269.000000    0.730899
 1279.000000    0.730616
 1289.000000    0.756464
 1299.000000    0.723764
 1309.000000    0.725438
 1319.000000    0.687784
 1329.000000    0.699644
 1339.000000    0.703761
 1349.000000    0.729318
 1359.000000    0.743133
 1369.000000    0.726814
 1379.000000    0.713525
 1389.000000    0.693883
 1399.000000    0.705037
 1409.000000    0.700208
 1419.000000    0.735651
 1429.000000    0.730295
 1439.000000    0.757674
 1449.000000    0.804270
 1459.000000    0.822927
 1469.000000    0.814104
 1479.000000    0.797305
 1489.000000    0.759453
 1499.000000    0.714221
 1509.000000    0.659482
 1519.000000    0.634557
 1529.000000    0.637569
 1539.000000    0.660828
 1549.000000    0.718040
 1559.000000    0.765577
 1569.000000    0.782288
 1579.000000    0.786709
 1589.000000    0.729926
 1599.000000    0.783260
 1609.000000    0.776623
 1619.000000    0.733694
 1629.000000    0.731256
 1639.000000    0.738656
 1649.000000    0.667837
 1659.000000    0.712060
 1669.000000    0.594735
 1679.000000    0.624278
 1689.000000    0.675888
 1699.000000    0.721830
 1709.000000    0.736064
