#  pixel_depth  alphabetafraction   >  Analysis of alpha beta fraction
   64.000000    0.747538
   74.000000    0.744801
   84.000000    0.721447
   94.000000    0.649508
  104.000000    0.655638
  114.000000    0.653525
  124.000000    0.652771
  134.000000    0.672593
  144.000000    0.681450
  154.000000    0.683586
  164.000000    0.691327
  174.000000    0.725247
  184.000000    0.729305
  194.000000    0.682705
  204.000000    0.660817
  214.000000    0.659961
  224.000000    0.675384
  234.000000    0.665105
  244.000000    0.654574
  254.000000    0.683616
  264.000000    0.690974
  274.000000    0.633442
  284.000000    0.629527
  294.000000    0.660306
  304.000000    0.694429
  314.000000    0.730235
  324.000000    0.689996
  334.000000    0.685269
  344.000000    0.685619
  354.000000    0.697598
  364.000000    0.641386
  374.000000    0.661746
  384.000000    0.670985
  394.000000    0.740538
  404.000000    0.755375
  414.000000    0.676218
  424.000000    0.728076
  434.000000    0.826666
  444.000000    0.818768
  454.000000    0.805288
  464.000000    0.792302
  474.000000    0.765096
  484.000000    0.767370
  494.000000    0.666816
  504.000000    0.634874
  514.000000    0.639170
  524.000000    0.683128
  534.000000    0.747491
  544.000000    0.763947
  554.000000    0.798651
  564.000000    0.791251
  574.000000    0.745682
  584.000000    0.729328
  594.000000    0.704391
  604.000000    0.700106
  614.000000    0.740082
  624.000000    0.777889
  634.000000    0.738486
  644.000000    0.758742
  654.000000    0.811745
  664.000000    0.795766
  674.000000    0.755108
  684.000000    0.689214
  694.000000    0.702381
  704.000000    0.767510
  714.000000    0.780550
  724.000000    0.748875
  734.000000    0.734400
  744.000000    0.756468
  754.000000    0.765541
  764.000000    0.738805
  774.000000    0.752358
  784.000000    0.702510
  794.000000    0.693055
  804.000000    0.674523
  814.000000    0.708290
  824.000000    0.710364
  834.000000    0.740837
  844.000000    0.761788
  854.000000    0.763430
  864.000000    0.788444
  874.000000    0.790110
  884.000000    0.722668
  894.000000    0.698366
  904.000000    0.671724
  914.000000    0.664501
  924.000000    0.702736
  934.000000    0.738278
  944.000000    0.721336
  954.000000    0.680144
  964.000000    0.670224
  974.000000    0.732817
  984.000000    0.706855
  994.000000    0.743305
 1004.000000    0.730572
 1014.000000    0.695338
 1024.000000    0.702828
 1034.000000    0.668090
 1044.000000    0.646396
 1054.000000    0.679934
 1064.000000    0.696514
 1074.000000    0.676864
 1084.000000    0.643800
 1094.000000    0.772421
 1104.000000    0.844171
 1114.000000    0.832285
 1124.000000    0.852715
 1134.000000    0.811723
 1144.000000    0.812476
 1154.000000    0.804218
 1164.000000    0.760512
 1174.000000    0.733043
 1184.000000    0.723744
 1194.000000    0.644407
 1204.000000    0.663329
 1214.000000    0.635463
 1224.000000    0.586831
 1234.000000    0.604579
 1244.000000    0.644620
 1254.000000    0.691241
 1264.000000    0.722201
 1274.000000    0.779658
 1284.000000    0.768333
 1294.000000    0.734480
 1304.000000    0.707412
 1314.000000    0.707864
 1324.000000    0.690588
 1334.000000    0.642473
 1344.000000    0.566187
 1354.000000    0.634583
 1364.000000    0.676453
 1374.000000    0.699055
 1384.000000    0.747164
 1394.000000    0.750644
 1404.000000    0.684810
 1414.000000    0.618918
 1424.000000    0.622945
 1434.000000    0.651139
 1444.000000    0.729050
 1454.000000    0.746731
 1464.000000    0.756832
 1474.000000    0.725025
 1484.000000    0.758446
 1494.000000    0.799027
 1504.000000    0.803012
 1514.000000    0.764478
 1524.000000    0.776184
 1534.000000    0.778508
 1544.000000    0.683931
 1554.000000    0.678057
 1564.000000    0.659437
 1574.000000    0.665438
 1584.000000    0.649596
 1594.000000    0.671544
 1604.000000    0.704734
 1614.000000    0.690106
 1624.000000    0.710155
 1634.000000    0.625633
 1644.000000    0.611382
 1654.000000    0.615871
 1664.000000    0.626262
 1674.000000    0.682621
 1684.000000    0.751826
 1694.000000    0.790308
 1704.000000    0.767034
 1714.000000    0.720439
 1724.000000    0.705025
 1734.000000    0.697980
 1744.000000    0.672662
 1754.000000    0.649656
 1764.000000    0.705996
 1774.000000    0.696140
 1784.000000    0.659731
 1794.000000    0.685715
 1804.000000    0.688670
 1814.000000    0.736164
 1824.000000    0.739721
 1834.000000    0.829158
 1844.000000    0.832006
 1854.000000    0.790525
 1864.000000    0.753501
 1874.000000    0.717327
