#  pixel_depth  alphabetafraction   >  Analysis of alpha beta fraction
   31.000000    0.765330
   41.000000    0.724981
   51.000000    0.772828
   61.000000    0.770845
   71.000000    0.805058
   81.000000    0.806945
   91.000000    0.827358
  101.000000    0.820905
  111.000000    0.783467
  121.000000    0.811255
  131.000000    0.802376
  141.000000    0.808903
  151.000000    0.818759
  161.000000    0.780080
  171.000000    0.765757
  181.000000    0.747255
  191.000000    0.718233
  201.000000    0.744055
  211.000000    0.800538
  221.000000    0.841831
  231.000000    0.837686
  241.000000    0.835480
  251.000000    0.812745
  261.000000    0.820164
  271.000000    0.849263
  281.000000    0.861409
  291.000000    0.870793
  301.000000    0.836696
  311.000000    0.807555
  321.000000    0.794572
  331.000000    0.772926
  341.000000    0.788695
  351.000000    0.771103
  361.000000    0.804366
  371.000000    0.794459
  381.000000    0.752391
  391.000000    0.748480
  401.000000    0.735184
  411.000000    0.762908
  421.000000    0.801756
  431.000000    0.817071
  441.000000    0.810488
  451.000000    0.779775
  461.000000    0.754915
  471.000000    0.709545
  481.000000    0.689507
  491.000000    0.701971
  501.000000    0.752763
  511.000000    0.760005
  521.000000    0.786961
  531.000000    0.772313
  541.000000    0.732182
  551.000000    0.752152
  561.000000    0.805116
  571.000000    0.774852
  581.000000    0.748386
  591.000000    0.761358
  601.000000    0.754723
  611.000000    0.728300
  621.000000    0.752786
  631.000000    0.748592
  641.000000    0.783678
  651.000000    0.750377
  661.000000    0.741645
  671.000000    0.722207
  681.000000    0.717187
  691.000000    0.688344
  701.000000    0.664811
  711.000000    0.686500
  721.000000    0.768076
  731.000000    0.818985
  741.000000    0.796407
  751.000000    0.815047
  761.000000    0.815678
  771.000000    0.764296
  781.000000    0.691012
  791.000000    0.722543
  801.000000    0.757821
  811.000000    0.766859
  821.000000    0.732633
  831.000000    0.724551
  841.000000    0.708367
  851.000000    0.697776
  861.000000    0.720644
  871.000000    0.723351
  881.000000    0.735225
  891.000000    0.737020
  901.000000    0.768651
  911.000000    0.780624
  921.000000    0.784701
  931.000000    0.804411
  941.000000    0.857922
  951.000000    0.826724
  961.000000    0.781844
  971.000000    0.752800
  981.000000    0.754040
  991.000000    0.744823
 1001.000000    0.721674
 1011.000000    0.670868
 1021.000000    0.684178
 1031.000000    0.741815
 1041.000000    0.769308
 1051.000000    0.783298
 1061.000000    0.861928
 1071.000000    0.863197
 1081.000000    0.836605
 1091.000000    0.819921
 1101.000000    0.863149
 1111.000000    0.790737
 1121.000000    0.727392
 1131.000000    0.709339
 1141.000000    0.743730
 1151.000000    0.767003
 1161.000000    0.727525
 1171.000000    0.740332
 1181.000000    0.769543
 1191.000000    0.758058
 1201.000000    0.709786
 1211.000000    0.728238
 1221.000000    0.798844
 1231.000000    0.807190
 1241.000000    0.813815
 1251.000000    0.779783
 1261.000000    0.763490
 1271.000000    0.716173
 1281.000000    0.725626
 1291.000000    0.713353
 1301.000000    0.740340
 1311.000000    0.736014
 1321.000000    0.756190
 1331.000000    0.781284
 1341.000000    0.793090
 1351.000000    0.781550
 1361.000000    0.788309
 1371.000000    0.782540
 1381.000000    0.798111
 1391.000000    0.783767
 1401.000000    0.721319
 1411.000000    0.702157
 1421.000000    0.668941
 1431.000000    0.693024
 1441.000000    0.704984
 1451.000000    0.753599
 1461.000000    0.776984
 1471.000000    0.758154
 1481.000000    0.749067
 1491.000000    0.758980
 1501.000000    0.763197
 1511.000000    0.723714
 1521.000000    0.714812
 1531.000000    0.734982
 1541.000000    0.726268
 1551.000000    0.734316
 1561.000000    0.726852
 1571.000000    0.750746
 1581.000000    0.807272
 1591.000000    0.827983
 1601.000000    0.849892
 1611.000000    0.849368
 1621.000000    0.857943
 1631.000000    0.840742
 1641.000000    0.790608
 1651.000000    0.781840
 1661.000000    0.784644
 1671.000000    0.749969
 1681.000000    0.714628
 1691.000000    0.695434
 1701.000000    0.751762
 1711.000000    0.721739
 1721.000000    0.703577
 1731.000000    0.732313
 1741.000000    0.750437
 1751.000000    0.762083
 1761.000000    0.773802
 1771.000000    0.779210
 1781.000000    0.804791
 1791.000000    0.778788
 1801.000000    0.750600
 1811.000000    0.747396
 1821.000000    0.710296
 1831.000000    0.719464
