#  pixel_depth  alphabetafraction   >  Analysis of alpha beta fraction
   50.000000    0.511210
   60.000000    0.469994
   70.000000    0.421690
   80.000000    0.430705
   90.000000    0.518465
  100.000000    0.618271
  110.000000    0.648226
  120.000000    0.681641
  130.000000    0.670016
  140.000000    0.640709
  150.000000    0.605901
  160.000000    0.494773
  170.000000    0.492413
  180.000000    0.505858
  190.000000    0.538940
  200.000000    0.554583
  210.000000    0.565349
  220.000000    0.530517
  230.000000    0.568523
  240.000000    0.585915
  250.000000    0.693798
  260.000000    0.719044
  270.000000    0.710766
  280.000000    0.733604
  290.000000    0.731531
  300.000000    0.736798
  310.000000    0.721010
  320.000000    0.697118
  330.000000    0.603649
  340.000000    0.586240
  350.000000    0.605636
  360.000000    0.634159
  370.000000    0.668545
  380.000000    0.709451
  390.000000    0.709961
  400.000000    0.701900
  410.000000    0.645641
  420.000000    0.670324
  430.000000    0.615665
  440.000000    0.636383
  450.000000    0.667839
  460.000000    0.693303
  470.000000    0.750079
  480.000000    0.764314
  490.000000    0.728981
  500.000000    0.752651
  510.000000    0.765028
  520.000000    0.763347
  530.000000    0.689900
  540.000000    0.605534
  550.000000    0.596554
  560.000000    0.589997
  570.000000    0.562618
  580.000000    0.606048
  590.000000    0.650743
  600.000000    0.656984
  610.000000    0.657296
  620.000000    0.713187
  630.000000    0.714808
  640.000000    0.684257
  650.000000    0.691589
  660.000000    0.660002
  670.000000    0.654594
  680.000000    0.680355
  690.000000    0.680289
  700.000000    0.659834
  710.000000    0.673800
  720.000000    0.691316
  730.000000    0.658007
  740.000000    0.675335
  750.000000    0.709518
  760.000000    0.752907
  770.000000    0.778411
  780.000000    0.783670
  790.000000    0.793630
  800.000000    0.752881
  810.000000    0.748459
  820.000000    0.780059
  830.000000    0.790709
  840.000000    0.812106
  850.000000    0.753916
  860.000000    0.695527
  870.000000    0.642106
  880.000000    0.659024
  890.000000    0.644716
  900.000000    0.665197
  910.000000    0.638521
  920.000000    0.615393
  930.000000    0.652850
  940.000000    0.677032
  950.000000    0.755864
  960.000000    0.803699
  970.000000    0.775853
  980.000000    0.782029
  990.000000    0.750621
 1000.000000    0.755684
 1010.000000    0.776419
 1020.000000    0.763269
 1030.000000    0.777510
 1040.000000    0.715040
 1050.000000    0.734465
 1060.000000    0.739967
 1070.000000    0.740886
 1080.000000    0.772119
 1090.000000    0.739109
 1100.000000    0.726857
 1110.000000    0.747120
 1120.000000    0.769189
 1130.000000    0.709130
 1140.000000    0.694879
 1150.000000    0.667813
 1160.000000    0.663355
 1170.000000    0.610816
 1180.000000    0.605151
 1190.000000    0.585968
 1200.000000    0.608152
 1210.000000    0.676395
 1220.000000    0.724933
 1230.000000    0.758490
 1240.000000    0.735535
 1250.000000    0.703375
 1260.000000    0.649800
 1270.000000    0.671657
 1280.000000    0.660910
 1290.000000    0.661455
 1300.000000    0.651416
 1310.000000    0.621946
 1320.000000    0.578631
 1330.000000    0.590720
 1340.000000    0.651042
 1350.000000    0.676528
 1360.000000    0.705139
 1370.000000    0.698606
 1380.000000    0.669877
 1390.000000    0.653294
 1400.000000    0.700113
 1410.000000    0.691772
 1420.000000    0.674299
 1430.000000    0.686993
 1440.000000    0.703192
 1450.000000    0.743673
 1460.000000    0.788513
 1470.000000    0.842913
 1480.000000    0.837367
 1490.000000    0.776782
 1500.000000    0.704772
 1510.000000    0.707982
 1520.000000    0.804665
 1530.000000    0.811756
 1540.000000    0.784842
 1550.000000    0.771703
 1560.000000    0.736931
 1570.000000    0.704455
 1580.000000    0.754137
 1590.000000    0.721773
 1600.000000    0.707253
 1610.000000    0.676614
 1620.000000    0.633153
 1630.000000    0.652365
 1640.000000    0.658825
 1650.000000    0.681899
 1660.000000    0.729189
 1670.000000    0.664787
 1680.000000    0.634075
 1690.000000    0.626061
 1700.000000    0.669095
 1710.000000    0.679351
 1720.000000    0.662447
 1730.000000    0.701383
 1740.000000    0.760762
 1750.000000    0.748554
 1760.000000    0.745776
 1770.000000    0.728062
 1780.000000    0.717574
 1790.000000    0.732292
 1800.000000    0.774958
 1810.000000    0.791194
 1820.000000    0.802148
 1830.000000    0.774661
