#  pixel_depth  alphabetafraction   >  Analysis of alpha beta fraction
   37.000000    0.904453
   47.000000    0.881827
   57.000000    0.869935
   67.000000    0.870352
   77.000000    0.842824
   87.000000    0.831209
   97.000000    0.858768
  107.000000    0.881417
  117.000000    0.874063
  127.000000    0.841718
  137.000000    0.726181
  147.000000    0.685869
  157.000000    0.752991
  167.000000    0.794787
  177.000000    0.812718
  187.000000    0.830421
  197.000000    0.802899
  207.000000    0.796767
  217.000000    0.787943
  227.000000    0.766707
  237.000000    0.731653
  247.000000    0.726919
  257.000000    0.707689
  267.000000    0.727725
  277.000000    0.728325
  287.000000    0.721097
  297.000000    0.757320
  307.000000    0.768307
  317.000000    0.772745
  327.000000    0.746374
  337.000000    0.762829
  347.000000    0.761933
  357.000000    0.762326
  367.000000    0.756327
  377.000000    0.777699
  387.000000    0.770146
  397.000000    0.784170
  407.000000    0.753463
  417.000000    0.719215
  427.000000    0.716897
  437.000000    0.712673
  447.000000    0.696808
  457.000000    0.673350
  467.000000    0.664026
  477.000000    0.672444
  487.000000    0.697130
  497.000000    0.717022
  507.000000    0.744421
  517.000000    0.697846
  527.000000    0.707593
  537.000000    0.775146
  547.000000    0.770898
  557.000000    0.715422
  567.000000    0.700141
  577.000000    0.703831
  587.000000    0.703078
  597.000000    0.668324
  607.000000    0.664487
  617.000000    0.666669
  627.000000    0.679036
  637.000000    0.701928
  647.000000    0.680966
  657.000000    0.662980
  667.000000    0.693101
  677.000000    0.676409
  687.000000    0.629623
  697.000000    0.627283
  707.000000    0.671382
  717.000000    0.767129
  727.000000    0.757799
  737.000000    0.712631
  747.000000    0.662120
  757.000000    0.663071
  767.000000    0.718875
  777.000000    0.721509
  787.000000    0.746809
  797.000000    0.715201
  807.000000    0.746640
  817.000000    0.760625
  827.000000    0.761629
  837.000000    0.747688
  847.000000    0.731749
  857.000000    0.756902
  867.000000    0.730184
  877.000000    0.652852
  887.000000    0.630973
  897.000000    0.651247
  907.000000    0.690573
  917.000000    0.750152
  927.000000    0.823662
  937.000000    0.825152
  947.000000    0.847863
  957.000000    0.848376
  967.000000    0.832315
  977.000000    0.722407
  987.000000    0.677248
  997.000000    0.648002
 1007.000000    0.663079
 1017.000000    0.659969
 1027.000000    0.662443
 1037.000000    0.714491
 1047.000000    0.709429
 1057.000000    0.767176
 1067.000000    0.797869
 1077.000000    0.809746
 1087.000000    0.790002
 1097.000000    0.791140
 1107.000000    0.786241
 1117.000000    0.792242
 1127.000000    0.808389
 1137.000000    0.824368
 1147.000000    0.825581
 1157.000000    0.766446
 1167.000000    0.733537
 1177.000000    0.730499
 1187.000000    0.764637
 1197.000000    0.748494
 1207.000000    0.750320
 1217.000000    0.759144
 1227.000000    0.720798
 1237.000000    0.712568
 1247.000000    0.731754
 1257.000000    0.725688
 1267.000000    0.694074
 1277.000000    0.728975
 1287.000000    0.768684
 1297.000000    0.804807
 1307.000000    0.786624
 1317.000000    0.783765
 1327.000000    0.790605
 1337.000000    0.771998
 1347.000000    0.771362
 1357.000000    0.682666
 1367.000000    0.559934
 1377.000000    0.571033
 1387.000000    0.602553
 1397.000000    0.654704
 1407.000000    0.692343
 1417.000000    0.683708
 1427.000000    0.682931
 1437.000000    0.739603
 1447.000000    0.745090
 1457.000000    0.622215
 1467.000000    0.601445
 1477.000000    0.662371
 1487.000000    0.734395
 1497.000000    0.774338
 1507.000000    0.800094
 1517.000000    0.762631
 1527.000000    0.735943
 1537.000000    0.702590
 1547.000000    0.676171
 1557.000000    0.665318
 1567.000000    0.674422
 1577.000000    0.695072
 1587.000000    0.686031
 1597.000000    0.703388
 1607.000000    0.706888
 1617.000000    0.735098
 1627.000000    0.783200
 1637.000000    0.768901
 1647.000000    0.782517
 1657.000000    0.765066
 1667.000000    0.772075
 1677.000000    0.748157
 1687.000000    0.728174
 1697.000000    0.709789
 1707.000000    0.691475
 1717.000000    0.691496
 1727.000000    0.732622
 1737.000000    0.763137
 1747.000000    0.773459
 1757.000000    0.749417
 1767.000000    0.757378
 1777.000000    0.793590
 1787.000000    0.784610
 1797.000000    0.726305
 1807.000000    0.730826
 1817.000000    0.681455
 1827.000000    0.623978
 1837.000000    0.656533
 1847.000000    0.716781
