#  pixel_depth  alphabetafraction   >  Analysis of alpha beta fraction
  240.000000    0.754115
  250.000000    0.717627
  260.000000    0.695031
  270.000000    0.694104
  280.000000    0.732289
  290.000000    0.764101
  300.000000    0.739624
  310.000000    0.714607
  320.000000    0.718203
  330.000000    0.703385
  340.000000    0.724149
  350.000000    0.725317
  360.000000    0.708911
  370.000000    0.684319
  380.000000    0.708575
  390.000000    0.779652
  400.000000    0.768837
  410.000000    0.768782
  420.000000    0.745107
  430.000000    0.713969
  440.000000    0.687911
  450.000000    0.706110
  460.000000    0.706783
  470.000000    0.706028
  480.000000    0.746043
  490.000000    0.760344
  500.000000    0.807986
  510.000000    0.814805
  520.000000    0.795415
  530.000000    0.752585
  540.000000    0.750583
  550.000000    0.721483
  560.000000    0.675350
  570.000000    0.632568
  580.000000    0.612293
  590.000000    0.638678
  600.000000    0.626254
  610.000000    0.645964
  620.000000    0.712821
  630.000000    0.773225
  640.000000    0.766193
  650.000000    0.744500
  660.000000    0.779411
  670.000000    0.781786
  680.000000    0.782105
  690.000000    0.819538
  700.000000    0.829610
  710.000000    0.754402
  720.000000    0.769148
  730.000000    0.713392
  740.000000    0.692973
  750.000000    0.699058
  760.000000    0.726475
  770.000000    0.738809
  780.000000    0.715092
  790.000000    0.651332
  800.000000    0.629403
  810.000000    0.670871
  820.000000    0.653654
  830.000000    0.727349
  840.000000    0.731837
  850.000000    0.772720
  860.000000    0.760863
  870.000000    0.711193
  880.000000    0.701686
  890.000000    0.735363
  900.000000    0.742205
  910.000000    0.744827
  920.000000    0.741553
  930.000000    0.767836
  940.000000    0.749558
  950.000000    0.740311
  960.000000    0.708855
  970.000000    0.711899
  980.000000    0.741849
  990.000000    0.711244
 1000.000000    0.691546
 1010.000000    0.634941
 1020.000000    0.631054
 1030.000000    0.615595
 1040.000000    0.567398
 1050.000000    0.589543
 1060.000000    0.659342
 1070.000000    0.760394
 1080.000000    0.778909
 1090.000000    0.770296
 1100.000000    0.782833
 1110.000000    0.772058
 1120.000000    0.741804
 1130.000000    0.728774
 1140.000000    0.695081
 1150.000000    0.710142
 1160.000000    0.760853
 1170.000000    0.777463
 1180.000000    0.714428
 1190.000000    0.723311
 1200.000000    0.699507
 1210.000000    0.650298
 1220.000000    0.674468
 1230.000000    0.747335
 1240.000000    0.786579
 1250.000000    0.779227
 1260.000000    0.752542
 1270.000000    0.748110
 1280.000000    0.724685
 1290.000000    0.740276
 1300.000000    0.697873
 1310.000000    0.738443
 1320.000000    0.806301
 1330.000000    0.780169
 1340.000000    0.775590
 1350.000000    0.771729
 1360.000000    0.765402
 1370.000000    0.733394
 1380.000000    0.702296
 1390.000000    0.602298
 1400.000000    0.588061
 1410.000000    0.689247
 1420.000000    0.804408
 1430.000000    0.834263
 1440.000000    0.827796
 1450.000000    0.780918
 1460.000000    0.746954
 1470.000000    0.696899
 1480.000000    0.663356
 1490.000000    0.710154
 1500.000000    0.766481
 1510.000000    0.792608
 1520.000000    0.780875
 1530.000000    0.754582
 1540.000000    0.763770
 1550.000000    0.783688
 1560.000000    0.718797
 1570.000000    0.714057
 1580.000000    0.698419
 1590.000000    0.727969
 1600.000000    0.763756
 1610.000000    0.771613
 1620.000000    0.759707
 1630.000000    0.781908
 1640.000000    0.827661
 1650.000000    0.812068
 1660.000000    0.813642
 1670.000000    0.812877
 1680.000000    0.753908
 1690.000000    0.716536
 1700.000000    0.686430
 1710.000000    0.713751
 1720.000000    0.754696
 1730.000000    0.766677
 1740.000000    0.730773
 1750.000000    0.688778
 1760.000000    0.696114
 1770.000000    0.742871
 1780.000000    0.779644
 1790.000000    0.782425
 1800.000000    0.834519
 1810.000000    0.830948
 1820.000000    0.803388
 1830.000000    0.740192
 1840.000000    0.667235
 1850.000000    0.728008
 1860.000000    0.752873
 1870.000000    0.776284
 1880.000000    0.802322
 1890.000000    0.797967
 1900.000000    0.808700
 1910.000000    0.801602
 1920.000000    0.699470
 1930.000000    0.655850
 1940.000000    0.712815
