#  pixel_depth  alphabetafraction   >  Analysis of alpha beta fraction
  208.000000    0.906165
  218.000000    0.886365
  228.000000    0.861380
  238.000000    0.806713
  248.000000    0.838046
  258.000000    0.822357
  268.000000    0.854178
  278.000000    0.894639
  288.000000    0.894593
  298.000000    0.903979
  308.000000    0.880368
  318.000000    0.856659
  328.000000    0.771874
  338.000000    0.786480
  348.000000    0.777364
  358.000000    0.741984
  368.000000    0.779367
  378.000000    0.790203
  388.000000    0.786189
  398.000000    0.800638
  408.000000    0.801382
  418.000000    0.783813
  428.000000    0.778445
  438.000000    0.815281
  448.000000    0.802580
  458.000000    0.806772
  468.000000    0.798898
  478.000000    0.772926
  488.000000    0.747508
  498.000000    0.723687
  508.000000    0.716551
  518.000000    0.788790
  528.000000    0.844250
  538.000000    0.852028
  548.000000    0.847148
  558.000000    0.818585
  568.000000    0.823275
  578.000000    0.781330
  588.000000    0.799288
  598.000000    0.782202
  608.000000    0.795776
  618.000000    0.851327
  628.000000    0.881032
  638.000000    0.856577
  648.000000    0.827786
  658.000000    0.809364
  668.000000    0.825606
  678.000000    0.832205
  688.000000    0.823895
  698.000000    0.789120
  708.000000    0.805180
  718.000000    0.805353
  728.000000    0.772497
  738.000000    0.707834
  748.000000    0.631216
  758.000000    0.723972
  768.000000    0.789819
  778.000000    0.842020
  788.000000    0.861565
  798.000000    0.817534
  808.000000    0.775616
  818.000000    0.757293
  828.000000    0.763749
  838.000000    0.783692
  848.000000    0.844515
  858.000000    0.886544
  868.000000    0.832082
  878.000000    0.859789
  888.000000    0.853157
  898.000000    0.861573
  908.000000    0.818000
  918.000000    0.791270
  928.000000    0.818630
  938.000000    0.797880
  948.000000    0.803083
  958.000000    0.792699
  968.000000    0.804014
  978.000000    0.807942
  988.000000    0.793504
  998.000000    0.764588
 1008.000000    0.761994
 1018.000000    0.781503
 1028.000000    0.815470
 1038.000000    0.768723
 1048.000000    0.791852
 1058.000000    0.837851
 1068.000000    0.840578
 1078.000000    0.850073
 1088.000000    0.844679
 1098.000000    0.855763
 1108.000000    0.823478
 1118.000000    0.813482
 1128.000000    0.766718
 1138.000000    0.723444
 1148.000000    0.834406
 1158.000000    0.834060
 1168.000000    0.846652
 1178.000000    0.898189
 1188.000000    0.878512
 1198.000000    0.836536
 1208.000000    0.813559
 1218.000000    0.777561
 1228.000000    0.780064
 1238.000000    0.781912
 1248.000000    0.852712
 1258.000000    0.867484
 1268.000000    0.865311
 1278.000000    0.850127
 1288.000000    0.842368
 1298.000000    0.834075
 1308.000000    0.779372
 1318.000000    0.820377
 1328.000000    0.861117
 1338.000000    0.880229
 1348.000000    0.871056
 1358.000000    0.879567
 1368.000000    0.862114
 1378.000000    0.846249
 1388.000000    0.814402
 1398.000000    0.870955
 1408.000000    0.839452
 1418.000000    0.854539
 1428.000000    0.861061
 1438.000000    0.843150
 1448.000000    0.759314
 1458.000000    0.823010
 1468.000000    0.860515
 1478.000000    0.883452
 1488.000000    0.892612
 1498.000000    0.861246
 1508.000000    0.873353
 1518.000000    0.811505
 1528.000000    0.759456
 1538.000000    0.773301
 1548.000000    0.812657
 1558.000000    0.830058
 1568.000000    0.848686
 1578.000000    0.869661
 1588.000000    0.886734
 1598.000000    0.870222
 1608.000000    0.871229
 1618.000000    0.846290
 1628.000000    0.873954
 1638.000000    0.821430
 1648.000000    0.800871
 1658.000000    0.807892
 1668.000000    0.838058
 1678.000000    0.812621
 1688.000000    0.842020
 1698.000000    0.854229
 1708.000000    0.856411
 1718.000000    0.868032
 1728.000000    0.864663
 1738.000000    0.876071
 1748.000000    0.870456
 1758.000000    0.850554
 1768.000000    0.826480
 1778.000000    0.821048
 1788.000000    0.814905
 1798.000000    0.823567
 1808.000000    0.859076
 1818.000000    0.832997
 1828.000000    0.850748
 1838.000000    0.897324
 1848.000000    0.874380
 1858.000000    0.850129
 1868.000000    0.872917
 1878.000000    0.882720
 1888.000000    0.867115
 1898.000000    0.824803
 1908.000000    0.802829
 1918.000000    0.835899
 1928.000000    0.832875
 1938.000000    0.839099
