#  pixel_depth  alphabetafraction   >  Analysis of alpha beta fraction
   45.000000    0.579776
   55.000000    0.694486
   65.000000    0.761926
   75.000000    0.731237
   85.000000    0.741695
   95.000000    0.735309
  105.000000    0.712186
  115.000000    0.672692
  125.000000    0.655028
  135.000000    0.620354
  145.000000    0.614164
  155.000000    0.638374
  165.000000    0.653633
  175.000000    0.686902
  185.000000    0.736140
  195.000000    0.753433
  205.000000    0.720180
  215.000000    0.736240
  225.000000    0.734937
  235.000000    0.752859
  245.000000    0.685028
  255.000000    0.679744
  265.000000    0.661569
  275.000000    0.707410
  285.000000    0.687348
  295.000000    0.703947
  305.000000    0.735999
  315.000000    0.815579
  325.000000    0.786759
  335.000000    0.738300
  345.000000    0.676884
  355.000000    0.697516
  365.000000    0.688304
  375.000000    0.709016
  385.000000    0.686673
  395.000000    0.695467
  405.000000    0.632020
  415.000000    0.686091
  425.000000    0.696420
  435.000000    0.677525
  445.000000    0.671331
  455.000000    0.647748
  465.000000    0.654758
  475.000000    0.663263
  485.000000    0.693039
  495.000000    0.688103
  505.000000    0.699656
  515.000000    0.723189
  525.000000    0.819407
  535.000000    0.775092
  545.000000    0.723805
  555.000000    0.710420
  565.000000    0.706030
  575.000000    0.685936
  585.000000    0.613138
  595.000000    0.541975
  605.000000    0.542379
  615.000000    0.604984
  625.000000    0.672842
  635.000000    0.714002
  645.000000    0.760390
  655.000000    0.714835
  665.000000    0.674181
  675.000000    0.668190
  685.000000    0.656009
  695.000000    0.639796
  705.000000    0.657892
  715.000000    0.705875
  725.000000    0.716227
  735.000000    0.736104
  745.000000    0.725379
  755.000000    0.725493
  765.000000    0.703187
  775.000000    0.743768
  785.000000    0.660283
  795.000000    0.667106
  805.000000    0.655827
  815.000000    0.653494
  825.000000    0.698473
  835.000000    0.694940
  845.000000    0.704107
  855.000000    0.669403
  865.000000    0.707751
  875.000000    0.678492
  885.000000    0.699133
  895.000000    0.700567
  905.000000    0.682309
  915.000000    0.654362
  925.000000    0.720781
  935.000000    0.709969
  945.000000    0.718737
  955.000000    0.706468
  965.000000    0.682877
  975.000000    0.669336
  985.000000    0.705499
  995.000000    0.681918
 1005.000000    0.661926
 1015.000000    0.666608
 1025.000000    0.686279
 1035.000000    0.665469
 1045.000000    0.646694
 1055.000000    0.661244
 1065.000000    0.716688
 1075.000000    0.755817
 1085.000000    0.745333
 1095.000000    0.735510
 1105.000000    0.719949
 1115.000000    0.729902
 1125.000000    0.697454
 1135.000000    0.663998
 1145.000000    0.672435
 1155.000000    0.671625
 1165.000000    0.701620
 1175.000000    0.745040
 1185.000000    0.773715
 1195.000000    0.785963
 1205.000000    0.726877
 1215.000000    0.636626
 1225.000000    0.598697
 1235.000000    0.613349
 1245.000000    0.683970
 1255.000000    0.732834
 1265.000000    0.710604
 1275.000000    0.677692
 1285.000000    0.666496
 1295.000000    0.706080
 1305.000000    0.735540
 1315.000000    0.737865
 1325.000000    0.724841
 1335.000000    0.729158
 1345.000000    0.724503
 1355.000000    0.691498
 1365.000000    0.701500
 1375.000000    0.707520
 1385.000000    0.732834
 1395.000000    0.742066
 1405.000000    0.721268
 1415.000000    0.687525
 1425.000000    0.659099
 1435.000000    0.638639
 1445.000000    0.646461
 1455.000000    0.707446
 1465.000000    0.718279
 1475.000000    0.710774
 1485.000000    0.739841
 1495.000000    0.734798
 1505.000000    0.681537
 1515.000000    0.678075
 1525.000000    0.669131
 1535.000000    0.685728
 1545.000000    0.637988
 1555.000000    0.671154
 1565.000000    0.706954
 1575.000000    0.744181
 1585.000000    0.763540
 1595.000000    0.736347
 1605.000000    0.687930
 1615.000000    0.683928
 1625.000000    0.679295
 1635.000000    0.670642
 1645.000000    0.670389
 1655.000000    0.666053
 1665.000000    0.713305
 1675.000000    0.695948
 1685.000000    0.769416
 1695.000000    0.795465
 1705.000000    0.763937
 1715.000000    0.757909
 1725.000000    0.718347
 1735.000000    0.702938
 1745.000000    0.704531
 1755.000000    0.662351
 1765.000000    0.671422
 1775.000000    0.662647
