#  pixel_depth  alphabetafraction   >  Analysis of alpha beta fraction
  126.000000    0.717293
  136.000000    0.731886
  146.000000    0.751791
  156.000000    0.767813
  166.000000    0.775417
  176.000000    0.810392
  186.000000    0.737928
  196.000000    0.710336
  206.000000    0.683461
  216.000000    0.753402
  226.000000    0.764343
  236.000000    0.720165
  246.000000    0.755592
  256.000000    0.777394
  266.000000    0.797603
  276.000000    0.811147
  286.000000    0.807495
  296.000000    0.777864
  306.000000    0.744940
  316.000000    0.696586
  326.000000    0.681050
  336.000000    0.636107
  346.000000    0.577605
  356.000000    0.608733
  366.000000    0.595445
  376.000000    0.582272
  386.000000    0.631171
  396.000000    0.636675
  406.000000    0.707809
  416.000000    0.702513
  426.000000    0.723330
  436.000000    0.681932
  446.000000    0.622035
  456.000000    0.715492
  466.000000    0.768653
  476.000000    0.755812
  486.000000    0.755941
  496.000000    0.796011
  506.000000    0.851446
  516.000000    0.851414
  526.000000    0.853916
  536.000000    0.846322
  546.000000    0.780135
  556.000000    0.725053
  566.000000    0.726617
  576.000000    0.740502
  586.000000    0.738343
  596.000000    0.730880
  606.000000    0.707987
  616.000000    0.725947
  626.000000    0.770821
  636.000000    0.752821
  646.000000    0.749794
  656.000000    0.758108
  666.000000    0.765398
  676.000000    0.772660
  686.000000    0.758463
  696.000000    0.793279
  706.000000    0.768770
  716.000000    0.815036
  726.000000    0.819091
  736.000000    0.819261
  746.000000    0.802112
  756.000000    0.776119
  766.000000    0.775636
  776.000000    0.722040
  786.000000    0.700017
  796.000000    0.704431
  806.000000    0.702071
  816.000000    0.664716
  826.000000    0.687620
  836.000000    0.688661
  846.000000    0.710899
  856.000000    0.709576
  866.000000    0.696026
  876.000000    0.717287
  886.000000    0.682800
  896.000000    0.646678
  906.000000    0.606675
  916.000000    0.653939
  926.000000    0.722411
  936.000000    0.728658
  946.000000    0.756718
  956.000000    0.748979
  966.000000    0.781815
  976.000000    0.792777
  986.000000    0.811572
  996.000000    0.796389
 1006.000000    0.792341
 1016.000000    0.785653
 1026.000000    0.734650
 1036.000000    0.661627
 1046.000000    0.682547
 1056.000000    0.682060
 1066.000000    0.723722
 1076.000000    0.741577
 1086.000000    0.725011
 1096.000000    0.744991
 1106.000000    0.747713
 1116.000000    0.777398
 1126.000000    0.783276
 1136.000000    0.793303
 1146.000000    0.805616
 1156.000000    0.754874
 1166.000000    0.664316
 1176.000000    0.575937
 1186.000000    0.625168
 1196.000000    0.607293
 1206.000000    0.636575
 1216.000000    0.711466
 1226.000000    0.731669
 1236.000000    0.708195
 1246.000000    0.769068
 1256.000000    0.771434
 1266.000000    0.769117
 1276.000000    0.718800
 1286.000000    0.774545
 1296.000000    0.821199
 1306.000000    0.763802
 1316.000000    0.750658
 1326.000000    0.789709
 1336.000000    0.737630
 1346.000000    0.730298
 1356.000000    0.743895
 1366.000000    0.760049
 1376.000000    0.751335
 1386.000000    0.728236
 1396.000000    0.717799
 1406.000000    0.727183
 1416.000000    0.739406
 1426.000000    0.740636
 1436.000000    0.782616
 1446.000000    0.791124
 1456.000000    0.793866
 1466.000000    0.796408
 1476.000000    0.775552
 1486.000000    0.761094
 1496.000000    0.774396
 1506.000000    0.772590
 1516.000000    0.723039
 1526.000000    0.699557
 1536.000000    0.715808
 1546.000000    0.730748
 1556.000000    0.715237
 1566.000000    0.736832
 1576.000000    0.741555
 1586.000000    0.777535
 1596.000000    0.752373
 1606.000000    0.711594
 1616.000000    0.724835
 1626.000000    0.703814
 1636.000000    0.721412
 1646.000000    0.779234
 1656.000000    0.751445
 1666.000000    0.772239
 1676.000000    0.826693
 1686.000000    0.810674
 1696.000000    0.781746
 1706.000000    0.735575
 1716.000000    0.761500
 1726.000000    0.724775
 1736.000000    0.709142
 1746.000000    0.725411
 1756.000000    0.731235
 1766.000000    0.781720
 1776.000000    0.780293
 1786.000000    0.790769
 1796.000000    0.736358
 1806.000000    0.686275
 1816.000000    0.712671
 1826.000000    0.740366
 1836.000000    0.751840
 1846.000000    0.742144
 1856.000000    0.810444
 1866.000000    0.823057
 1876.000000    0.785656
 1886.000000    0.790437
 1896.000000    0.815823
 1906.000000    0.826064
 1916.000000    0.799725
 1926.000000    0.754035
 1936.000000    0.738069
