#  pixel_depth  alphabetafraction   >  Analysis of alpha beta fraction
   90.000000    0.685490
  100.000000    0.662725
  110.000000    0.702606
  120.000000    0.707338
  130.000000    0.626377
  140.000000    0.610673
  150.000000    0.632989
  160.000000    0.709502
  170.000000    0.754718
  180.000000    0.656439
  190.000000    0.654336
  200.000000    0.708988
  210.000000    0.694505
  220.000000    0.598327
  230.000000    0.649298
  240.000000    0.779744
  250.000000    0.709040
  260.000000    0.634624
  270.000000    0.625132
  280.000000    0.682923
  290.000000    0.630746
  300.000000    0.655524
  310.000000    0.670535
  320.000000    0.734343
  330.000000    0.712498
  340.000000    0.720305
  350.000000    0.707542
  360.000000    0.767282
  370.000000    0.741436
  380.000000    0.690665
  390.000000    0.661331
  400.000000    0.731281
  410.000000    0.688050
  420.000000    0.625978
  430.000000    0.665955
  440.000000    0.669827
  450.000000    0.745262
  460.000000    0.705208
  470.000000    0.640066
  480.000000    0.687173
  490.000000    0.636341
  500.000000    0.671332
  510.000000    0.678106
  520.000000    0.721803
  530.000000    0.659111
  540.000000    0.600658
  550.000000    0.656715
  560.000000    0.775005
  570.000000    0.714844
  580.000000    0.628386
  590.000000    0.600720
  600.000000    0.701732
  610.000000    0.716157
  620.000000    0.701253
  630.000000    0.689057
  640.000000    0.757686
  650.000000    0.770848
  660.000000    0.801072
  670.000000    0.764905
  680.000000    0.735924
  690.000000    0.723305
  700.000000    0.745646
  710.000000    0.727312
  720.000000    0.724257
  730.000000    0.673979
  740.000000    0.694816
  750.000000    0.673626
  760.000000    0.628593
  770.000000    0.692393
  780.000000    0.658328
  790.000000    0.697080
  800.000000    0.596613
  810.000000    0.670007
  820.000000    0.681686
  830.000000    0.716161
  840.000000    0.618178
  850.000000    0.649071
  860.000000    0.717823
  870.000000    0.681378
