#  pixel_depth  alphabetafraction   >  Analysis of alpha beta fraction
  231.000000    0.827784
  241.000000    0.857082
  251.000000    0.800423
  261.000000    0.732653
  271.000000    0.744188
  281.000000    0.767035
  291.000000    0.739992
  301.000000    0.726405
  311.000000    0.711919
  321.000000    0.737929
  331.000000    0.807685
  341.000000    0.820374
  351.000000    0.812270
  361.000000    0.871808
  371.000000    0.866862
  381.000000    0.848798
  391.000000    0.826262
  401.000000    0.814498
  411.000000    0.773676
  421.000000    0.792925
  431.000000    0.797877
  441.000000    0.804706
  451.000000    0.845275
  461.000000    0.869390
  471.000000    0.842715
  481.000000    0.792164
  491.000000    0.768048
  501.000000    0.743429
  511.000000    0.749337
  521.000000    0.732647
  531.000000    0.714965
  541.000000    0.724824
  551.000000    0.809869
  561.000000    0.856221
  571.000000    0.853064
  581.000000    0.805218
  591.000000    0.760903
  601.000000    0.795423
  611.000000    0.825443
  621.000000    0.805314
  631.000000    0.808065
  641.000000    0.785155
  651.000000    0.767811
  661.000000    0.763122
  671.000000    0.757461
  681.000000    0.733333
  691.000000    0.786022
  701.000000    0.869938
  711.000000    0.878456
  721.000000    0.850096
  731.000000    0.818288
  741.000000    0.832940
  751.000000    0.833810
  761.000000    0.810002
  771.000000    0.767819
  781.000000    0.794362
  791.000000    0.796877
  801.000000    0.823386
  811.000000    0.785440
  821.000000    0.766474
  831.000000    0.738864
  841.000000    0.798806
  851.000000    0.800314
  861.000000    0.776097
  871.000000    0.777032
  881.000000    0.802566
  891.000000    0.846894
  901.000000    0.829295
  911.000000    0.827171
  921.000000    0.811136
  931.000000    0.817305
  941.000000    0.820372
  951.000000    0.848776
  961.000000    0.897878
  971.000000    0.893053
  981.000000    0.857938
  991.000000    0.808213
 1001.000000    0.739964
 1011.000000    0.738498
 1021.000000    0.717904
 1031.000000    0.707195
 1041.000000    0.709966
 1051.000000    0.735796
 1061.000000    0.754318
 1071.000000    0.759131
 1081.000000    0.742228
 1091.000000    0.728667
 1101.000000    0.745148
 1111.000000    0.799759
 1121.000000    0.807954
 1131.000000    0.783413
 1141.000000    0.816746
 1151.000000    0.827391
 1161.000000    0.845921
 1171.000000    0.803904
 1181.000000    0.772175
 1191.000000    0.798414
 1201.000000    0.848497
 1211.000000    0.850171
 1221.000000    0.820821
 1231.000000    0.818548
 1241.000000    0.796645
 1251.000000    0.801751
 1261.000000    0.792910
 1271.000000    0.826588
 1281.000000    0.861696
 1291.000000    0.856956
 1301.000000    0.829049
 1311.000000    0.829622
 1321.000000    0.855445
 1331.000000    0.879595
 1341.000000    0.840051
 1351.000000    0.832101
 1361.000000    0.847920
 1371.000000    0.856893
 1381.000000    0.871277
 1391.000000    0.840168
 1401.000000    0.800806
 1411.000000    0.754415
 1421.000000    0.836647
 1431.000000    0.869583
 1441.000000    0.873938
 1451.000000    0.802583
 1461.000000    0.803869
 1471.000000    0.808343
 1481.000000    0.814721
 1491.000000    0.829526
 1501.000000    0.863691
 1511.000000    0.852587
 1521.000000    0.832726
 1531.000000    0.849959
 1541.000000    0.836406
 1551.000000    0.789101
 1561.000000    0.817699
 1571.000000    0.828554
 1581.000000    0.853426
 1591.000000    0.831574
 1601.000000    0.790642
 1611.000000    0.789539
 1621.000000    0.799493
 1631.000000    0.803091
 1641.000000    0.837568
 1651.000000    0.891106
 1661.000000    0.879910
 1671.000000    0.895554
 1681.000000    0.831340
 1691.000000    0.832506
 1701.000000    0.818330
 1711.000000    0.957873
