#  pixel_depth  alphabetafraction   >  Analysis of alpha beta fraction
   82.000000    0.605417
   92.000000    0.655129
  102.000000    0.697145
  112.000000    0.728377
  122.000000    0.765002
  132.000000    0.765950
  142.000000    0.743077
  152.000000    0.720803
  162.000000    0.738143
  172.000000    0.800209
  182.000000    0.789184
  192.000000    0.803770
  202.000000    0.801976
  212.000000    0.805901
  222.000000    0.790504
  232.000000    0.750057
  242.000000    0.715319
  252.000000    0.699090
  262.000000    0.667676
  272.000000    0.687902
  282.000000    0.750757
  292.000000    0.795571
  302.000000    0.793087
  312.000000    0.786637
  322.000000    0.801342
  332.000000    0.801228
  342.000000    0.783913
  352.000000    0.790707
  362.000000    0.769371
  372.000000    0.748620
  382.000000    0.747194
  392.000000    0.782066
  402.000000    0.800918
  412.000000    0.756032
  422.000000    0.715143
  432.000000    0.638678
  442.000000    0.624514
  452.000000    0.609365
  462.000000    0.617189
  472.000000    0.657858
  482.000000    0.654398
  492.000000    0.685755
  502.000000    0.666409
  512.000000    0.660944
  522.000000    0.629079
  532.000000    0.635298
  542.000000    0.667771
  552.000000    0.685036
  562.000000    0.659184
  572.000000    0.677020
  582.000000    0.675418
  592.000000    0.705660
  602.000000    0.730420
  612.000000    0.766194
  622.000000    0.789834
  632.000000    0.728956
  642.000000    0.701900
  652.000000    0.729820
  662.000000    0.761644
  672.000000    0.737971
  682.000000    0.772659
  692.000000    0.779926
  702.000000    0.727549
  712.000000    0.716634
  722.000000    0.710306
  732.000000    0.695276
  742.000000    0.683070
  752.000000    0.703874
  762.000000    0.741144
  772.000000    0.796751
  782.000000    0.784937
  792.000000    0.797034
  802.000000    0.723339
  812.000000    0.817671
  822.000000    0.856751
  832.000000    0.828508
  842.000000    0.790250
  852.000000    0.771870
  862.000000    0.774300
  872.000000    0.808285
  882.000000    0.785067
  892.000000    0.768249
  902.000000    0.744581
  912.000000    0.681544
  922.000000    0.728410
  932.000000    0.761932
  942.000000    0.808012
  952.000000    0.811613
  962.000000    0.777550
  972.000000    0.766862
  982.000000    0.759039
  992.000000    0.749484
 1002.000000    0.761794
 1012.000000    0.787218
 1022.000000    0.751491
 1032.000000    0.766501
 1042.000000    0.780292
 1052.000000    0.747885
 1062.000000    0.757052
 1072.000000    0.816382
 1082.000000    0.781440
 1092.000000    0.720937
 1102.000000    0.638521
 1112.000000    0.679612
 1122.000000    0.733964
 1132.000000    0.782617
 1142.000000    0.790447
 1152.000000    0.799318
 1162.000000    0.824499
 1172.000000    0.834147
 1182.000000    0.792931
 1192.000000    0.757657
 1202.000000    0.747906
 1212.000000    0.693017
 1222.000000    0.663542
 1232.000000    0.655572
 1242.000000    0.669687
 1252.000000    0.723044
 1262.000000    0.720015
 1272.000000    0.711829
 1282.000000    0.749072
 1292.000000    0.750829
 1302.000000    0.799343
 1312.000000    0.800286
 1322.000000    0.772393
 1332.000000    0.772864
 1342.000000    0.738857
 1352.000000    0.734637
 1362.000000    0.750275
 1372.000000    0.794251
 1382.000000    0.774960
 1392.000000    0.806694
 1402.000000    0.764992
 1412.000000    0.771846
 1422.000000    0.800218
 1432.000000    0.785050
 1442.000000    0.775904
 1452.000000    0.749342
 1462.000000    0.740836
 1472.000000    0.764797
 1482.000000    0.775830
 1492.000000    0.811525
 1502.000000    0.786637
 1512.000000    0.758765
 1522.000000    0.760640
 1532.000000    0.782415
 1542.000000    0.762516
 1552.000000    0.711778
 1562.000000    0.679199
 1572.000000    0.672226
 1582.000000    0.663992
 1592.000000    0.675953
 1602.000000    0.729752
 1612.000000    0.770415
 1622.000000    0.848546
 1632.000000    0.838123
 1642.000000    0.807386
 1652.000000    0.805496
 1662.000000    0.816564
 1672.000000    0.846087
 1682.000000    0.805730
 1692.000000    0.773857
 1702.000000    0.794967
 1712.000000    0.769856
 1722.000000    0.806030
 1732.000000    0.832026
 1742.000000    0.851094
 1752.000000    0.840947
 1762.000000    0.836512
 1772.000000    0.791905
 1782.000000    0.789976
 1792.000000    0.760530
 1802.000000    0.771807
 1812.000000    0.715600
 1822.000000    0.680896
 1832.000000    0.643723
 1842.000000    0.636059
 1852.000000    0.654830
 1862.000000    0.675688
 1872.000000    0.760847
 1882.000000    0.823003
