#  pixel_depth  alphabetafraction   >  Analysis of alpha beta fraction
   59.000000    0.719174
   69.000000    0.738188
   79.000000    0.710087
   89.000000    0.732210
   99.000000    0.735718
  109.000000    0.726292
  119.000000    0.703502
  129.000000    0.679967
  139.000000    0.673992
  149.000000    0.675728
  159.000000    0.676650
  169.000000    0.724857
  179.000000    0.790759
  189.000000    0.800224
  199.000000    0.808744
  209.000000    0.864685
  219.000000    0.841339
  229.000000    0.805925
  239.000000    0.714616
  249.000000    0.642273
  259.000000    0.599862
  269.000000    0.621503
  279.000000    0.690736
  289.000000    0.705356
  299.000000    0.717348
  309.000000    0.752829
  319.000000    0.753255
  329.000000    0.772925
  339.000000    0.786129
  349.000000    0.800378
  359.000000    0.777267
  369.000000    0.830751
  379.000000    0.836218
  389.000000    0.857074
  399.000000    0.852180
  409.000000    0.819914
  419.000000    0.753784
  429.000000    0.722435
  439.000000    0.670600
  449.000000    0.711746
  459.000000    0.726114
  469.000000    0.771089
  479.000000    0.766517
  489.000000    0.755476
  499.000000    0.746369
  509.000000    0.758800
  519.000000    0.727382
  529.000000    0.748152
  539.000000    0.788611
  549.000000    0.810869
  559.000000    0.835845
  569.000000    0.822849
  579.000000    0.757619
  589.000000    0.758308
  599.000000    0.778723
  609.000000    0.734031
  619.000000    0.707655
  629.000000    0.700285
  639.000000    0.712095
  649.000000    0.727744
  659.000000    0.720370
  669.000000    0.765081
  679.000000    0.766946
  689.000000    0.721827
  699.000000    0.708289
  709.000000    0.725319
  719.000000    0.770668
  729.000000    0.730587
  739.000000    0.637807
  749.000000    0.631854
  759.000000    0.626433
  769.000000    0.641139
  779.000000    0.629297
  789.000000    0.718257
  799.000000    0.759327
  809.000000    0.781729
  819.000000    0.799817
  829.000000    0.816280
  839.000000    0.823876
  849.000000    0.846223
  859.000000    0.809489
  869.000000    0.792016
  879.000000    0.756028
  889.000000    0.763169
  899.000000    0.719684
  909.000000    0.695142
  919.000000    0.652170
  929.000000    0.674683
  939.000000    0.728539
  949.000000    0.723342
  959.000000    0.723938
  969.000000    0.691278
  979.000000    0.711140
  989.000000    0.777254
  999.000000    0.773300
 1009.000000    0.768662
 1019.000000    0.795544
 1029.000000    0.775182
 1039.000000    0.742845
 1049.000000    0.694292
 1059.000000    0.734455
 1069.000000    0.732457
 1079.000000    0.705310
 1089.000000    0.709324
 1099.000000    0.694050
 1109.000000    0.733653
 1119.000000    0.788453
 1129.000000    0.795383
 1139.000000    0.774645
 1149.000000    0.746696
 1159.000000    0.719371
 1169.000000    0.709926
 1179.000000    0.751683
 1189.000000    0.724332
 1199.000000    0.654428
 1209.000000    0.609611
 1219.000000    0.572913
 1229.000000    0.584129
 1239.000000    0.640623
 1249.000000    0.715857
 1259.000000    0.787861
 1269.000000    0.734710
 1279.000000    0.716123
 1289.000000    0.681629
 1299.000000    0.748248
 1309.000000    0.789169
 1319.000000    0.841750
 1329.000000    0.859920
 1339.000000    0.801324
 1349.000000    0.757643
 1359.000000    0.705280
 1369.000000    0.596944
 1379.000000    0.572788
 1389.000000    0.654856
 1399.000000    0.759223
 1409.000000    0.781429
 1419.000000    0.799138
 1429.000000    0.782530
 1439.000000    0.751686
 1449.000000    0.738101
 1459.000000    0.698543
 1469.000000    0.672755
 1479.000000    0.681146
 1489.000000    0.647627
 1499.000000    0.662723
 1509.000000    0.652618
 1519.000000    0.693846
 1529.000000    0.774370
 1539.000000    0.767074
 1549.000000    0.739593
 1559.000000    0.731610
 1569.000000    0.706391
 1579.000000    0.641560
 1589.000000    0.537139
 1599.000000    0.586173
 1609.000000    0.625725
 1619.000000    0.701738
 1629.000000    0.673457
 1639.000000    0.763781
 1649.000000    0.814050
 1659.000000    0.812589
 1669.000000    0.833082
 1679.000000    0.829751
 1689.000000    0.802065
 1699.000000    0.780219
 1709.000000    0.787526
 1719.000000    0.696847
 1729.000000    0.684795
 1739.000000    0.676981
 1749.000000    0.702083
 1759.000000    0.685920
 1769.000000    0.706227
 1779.000000    0.692136
 1789.000000    0.694337
 1799.000000    0.754792
 1809.000000    0.773927
 1819.000000    0.854897
 1829.000000    0.790231
 1839.000000    0.766479
 1849.000000    0.724101
 1859.000000    0.689242
 1869.000000    0.703347
 1879.000000    0.704342
 1889.000000    0.661294
 1899.000000    0.713158
