#  pixel_depth  alphabetafraction   >  Analysis of alpha beta fraction
   46.000000    0.921993
   56.000000    0.910420
   66.000000    0.873996
   76.000000    0.814734
   86.000000    0.823168
   96.000000    0.826318
  106.000000    0.739910
  116.000000    0.701676
  126.000000    0.681373
  136.000000    0.669346
  146.000000    0.722894
  156.000000    0.749258
  166.000000    0.736576
  176.000000    0.750966
  186.000000    0.819884
  196.000000    0.842751
  206.000000    0.800732
  216.000000    0.829090
  226.000000    0.755947
  236.000000    0.770560
  246.000000    0.789965
  256.000000    0.756835
  266.000000    0.753361
  276.000000    0.730036
  286.000000    0.738886
  296.000000    0.729369
  306.000000    0.686166
  316.000000    0.724367
  326.000000    0.789767
  336.000000    0.755763
  346.000000    0.740021
  356.000000    0.740062
  366.000000    0.734428
  376.000000    0.770134
  386.000000    0.728515
  396.000000    0.685039
  406.000000    0.748042
  416.000000    0.773367
  426.000000    0.808687
  436.000000    0.805376
  446.000000    0.791498
  456.000000    0.789371
  466.000000    0.751801
  476.000000    0.739611
  486.000000    0.751569
  496.000000    0.784295
  506.000000    0.830364
  516.000000    0.802347
  526.000000    0.765595
  536.000000    0.764414
  546.000000    0.752636
  556.000000    0.683917
  566.000000    0.721092
  576.000000    0.761659
  586.000000    0.808671
  596.000000    0.819335
  606.000000    0.825638
  616.000000    0.819450
  626.000000    0.733008
  636.000000    0.704883
  646.000000    0.740880
  656.000000    0.815336
  666.000000    0.824418
  676.000000    0.832805
  686.000000    0.804917
  696.000000    0.809489
  706.000000    0.789647
  716.000000    0.797970
  726.000000    0.735514
  736.000000    0.698620
  746.000000    0.729881
  756.000000    0.734796
  766.000000    0.736100
  776.000000    0.733222
  786.000000    0.730113
  796.000000    0.723161
  806.000000    0.769438
  816.000000    0.811147
  826.000000    0.800581
  836.000000    0.794508
  846.000000    0.830040
  856.000000    0.828691
  866.000000    0.811845
  876.000000    0.729453
  886.000000    0.723545
  896.000000    0.731835
  906.000000    0.760285
  916.000000    0.714612
  926.000000    0.761280
  936.000000    0.778472
  946.000000    0.739373
  956.000000    0.755410
  966.000000    0.788071
  976.000000    0.809742
  986.000000    0.828167
  996.000000    0.839791
 1006.000000    0.814097
 1016.000000    0.810972
 1026.000000    0.783755
 1036.000000    0.783255
 1046.000000    0.782389
 1056.000000    0.798121
 1066.000000    0.763582
 1076.000000    0.775157
 1086.000000    0.782162
 1096.000000    0.817256
 1106.000000    0.773548
 1116.000000    0.724017
 1126.000000    0.749020
 1136.000000    0.742429
 1146.000000    0.764315
 1156.000000    0.763333
 1166.000000    0.741186
 1176.000000    0.762279
 1186.000000    0.800628
 1196.000000    0.745300
 1206.000000    0.721306
 1216.000000    0.709194
 1226.000000    0.705451
 1236.000000    0.689227
 1246.000000    0.712059
 1256.000000    0.697635
 1266.000000    0.707981
 1276.000000    0.781483
 1286.000000    0.829879
 1296.000000    0.773922
 1306.000000    0.792263
 1316.000000    0.814485
 1326.000000    0.760896
 1336.000000    0.691039
 1346.000000    0.680017
 1356.000000    0.706229
 1366.000000    0.756622
 1376.000000    0.780290
 1386.000000    0.829654
 1396.000000    0.807947
 1406.000000    0.781724
 1416.000000    0.774459
 1426.000000    0.763279
 1436.000000    0.769288
 1446.000000    0.769555
 1456.000000    0.768243
 1466.000000    0.751505
 1476.000000    0.762498
 1486.000000    0.727715
 1496.000000    0.737640
 1506.000000    0.719215
 1516.000000    0.713730
 1526.000000    0.673440
 1536.000000    0.711909
 1546.000000    0.737458
 1556.000000    0.743318
 1566.000000    0.735437
 1576.000000    0.722844
 1586.000000    0.721276
 1596.000000    0.744976
 1606.000000    0.787927
 1616.000000    0.818426
 1626.000000    0.800757
 1636.000000    0.774592
 1646.000000    0.792602
 1656.000000    0.755862
 1666.000000    0.741403
 1676.000000    0.730117
 1686.000000    0.645924
 1696.000000    0.701081
 1706.000000    0.670179
 1716.000000    0.663678
 1726.000000    0.705003
 1736.000000    0.715551
 1746.000000    0.738006
 1756.000000    0.699196
 1766.000000    0.660937
 1776.000000    0.705030
 1786.000000    0.728101
 1796.000000    0.713688
 1806.000000    0.749619
 1816.000000    0.756466
 1826.000000    0.768382
 1836.000000    0.723342
 1846.000000    0.742128
 1856.000000    0.702981
 1866.000000    0.733590
 1876.000000    0.722822
