#  pixel_depth  alphabetafraction   >  Analysis of alpha beta fraction
   66.000000    0.744699
   76.000000    0.716904
   86.000000    0.738631
   96.000000    0.779452
  106.000000    0.772077
  116.000000    0.770826
  126.000000    0.798419
  136.000000    0.813875
  146.000000    0.753810
  156.000000    0.714874
  166.000000    0.666651
  176.000000    0.706495
  186.000000    0.720636
  196.000000    0.709599
  206.000000    0.721218
  216.000000    0.759249
  226.000000    0.725057
  236.000000    0.712359
  246.000000    0.722759
  256.000000    0.711461
  266.000000    0.735335
  276.000000    0.727058
  286.000000    0.743022
  296.000000    0.818341
  306.000000    0.834637
  316.000000    0.819420
  326.000000    0.838463
  336.000000    0.832673
  346.000000    0.821169
  356.000000    0.784969
  366.000000    0.779989
  376.000000    0.751444
  386.000000    0.692166
  396.000000    0.693221
  406.000000    0.757661
  416.000000    0.708026
  426.000000    0.689922
  436.000000    0.752905
  446.000000    0.790099
  456.000000    0.780014
  466.000000    0.771380
  476.000000    0.761184
  486.000000    0.770662
  496.000000    0.798613
  506.000000    0.787098
  516.000000    0.748595
  526.000000    0.693675
  536.000000    0.689890
  546.000000    0.717558
  556.000000    0.749794
  566.000000    0.743710
  576.000000    0.735117
  586.000000    0.683654
  596.000000    0.756257
  606.000000    0.802593
  616.000000    0.803375
  626.000000    0.751395
  636.000000    0.727400
  646.000000    0.719269
  656.000000    0.694935
  666.000000    0.739739
  676.000000    0.759029
  686.000000    0.813960
  696.000000    0.816522
  706.000000    0.830005
  716.000000    0.810475
  726.000000    0.767114
  736.000000    0.729613
  746.000000    0.704020
  756.000000    0.616409
  766.000000    0.599194
  776.000000    0.685862
  786.000000    0.740641
  796.000000    0.795518
  806.000000    0.830377
  816.000000    0.888977
  826.000000    0.862564
  836.000000    0.849762
  846.000000    0.810231
  856.000000    0.778509
  866.000000    0.734804
  876.000000    0.690422
  886.000000    0.710769
  896.000000    0.697195
  906.000000    0.685251
  916.000000    0.705605
  926.000000    0.679322
  936.000000    0.707367
  946.000000    0.720091
  956.000000    0.753662
  966.000000    0.792591
  976.000000    0.827891
  986.000000    0.934253
  996.000000    0.945687
 1006.000000    0.929865
 1016.000000    0.888783
 1026.000000    0.839899
 1036.000000    0.846151
 1046.000000    0.830930
 1056.000000    0.816763
 1066.000000    0.785043
 1076.000000    0.768025
 1086.000000    0.792649
 1096.000000    0.777056
 1106.000000    0.774332
 1116.000000    0.812071
 1126.000000    0.802071
 1136.000000    0.841944
 1146.000000    0.835443
 1156.000000    0.798348
 1166.000000    0.770268
 1176.000000    0.752026
 1186.000000    0.713554
 1196.000000    0.726093
 1206.000000    0.755505
 1216.000000    0.775065
 1226.000000    0.755112
 1236.000000    0.747913
 1246.000000    0.796810
 1256.000000    0.781239
 1266.000000    0.724383
 1276.000000    0.685972
 1286.000000    0.635209
 1296.000000    0.691827
 1306.000000    0.712322
 1316.000000    0.745473
 1326.000000    0.657110
 1336.000000    0.656458
 1346.000000    0.634879
 1356.000000    0.658604
 1366.000000    0.691598
 1376.000000    0.727475
 1386.000000    0.744755
 1396.000000    0.718325
 1406.000000    0.751783
 1416.000000    0.810631
 1426.000000    0.856862
 1436.000000    0.874231
 1446.000000    0.798703
 1456.000000    0.748021
 1466.000000    0.743799
 1476.000000    0.736428
 1486.000000    0.762246
 1496.000000    0.763176
 1506.000000    0.710692
 1516.000000    0.694410
 1526.000000    0.746547
 1536.000000    0.772392
 1546.000000    0.779834
 1556.000000    0.788711
 1566.000000    0.696833
 1576.000000    0.709253
 1586.000000    0.651954
 1596.000000    0.708342
 1606.000000    0.707697
 1616.000000    0.678820
 1626.000000    0.660971
 1636.000000    0.726982
 1646.000000    0.756305
 1656.000000    0.763634
 1666.000000    0.770738
 1676.000000    0.789240
 1686.000000    0.695675
 1696.000000    0.698921
 1706.000000    0.677541
 1716.000000    0.697914
 1726.000000    0.738507
 1736.000000    0.763043
 1746.000000    0.755952
 1756.000000    0.724633
 1766.000000    0.670320
 1776.000000    0.684945
 1786.000000    0.692309
 1796.000000    0.721739
 1806.000000    0.711657
 1816.000000    0.722958
 1826.000000    0.713494
 1836.000000    0.713306
 1846.000000    0.734537
 1856.000000    0.762911
 1866.000000    0.835248
 1876.000000    0.850155
 1886.000000    0.859570
