#  pixel_depth  alphabetafraction   >  Analysis of alpha beta fraction
   41.000000    0.746849
   51.000000    0.735873
   61.000000    0.729606
   71.000000    0.769863
   81.000000    0.799228
   91.000000    0.796481
  101.000000    0.832362
  111.000000    0.809077
  121.000000    0.813241
  131.000000    0.824115
  141.000000    0.784566
  151.000000    0.760956
  161.000000    0.736954
  171.000000    0.751639
  181.000000    0.778214
  191.000000    0.792791
  201.000000    0.835355
  211.000000    0.842592
  221.000000    0.840255
  231.000000    0.781167
  241.000000    0.804473
  251.000000    0.755087
  261.000000    0.751219
  271.000000    0.779349
  281.000000    0.777674
  291.000000    0.859164
  301.000000    0.857179
  311.000000    0.818298
  321.000000    0.775690
  331.000000    0.790380
  341.000000    0.816848
  351.000000    0.821489
  361.000000    0.806729
  371.000000    0.812270
  381.000000    0.811801
  391.000000    0.811383
  401.000000    0.788338
  411.000000    0.766512
  421.000000    0.729479
  431.000000    0.720779
  441.000000    0.740498
  451.000000    0.767967
  461.000000    0.779479
  471.000000    0.770209
  481.000000    0.755783
  491.000000    0.773839
  501.000000    0.791992
  511.000000    0.815007
  521.000000    0.779919
  531.000000    0.814778
  541.000000    0.798599
  551.000000    0.797999
  561.000000    0.788860
  571.000000    0.811615
  581.000000    0.820392
  591.000000    0.745220
  601.000000    0.734383
  611.000000    0.771468
  621.000000    0.761368
  631.000000    0.787354
  641.000000    0.793306
  651.000000    0.787293
  661.000000    0.795291
  671.000000    0.778405
  681.000000    0.761270
  691.000000    0.763263
  701.000000    0.753999
  711.000000    0.731811
  721.000000    0.720397
  731.000000    0.778190
  741.000000    0.802367
  751.000000    0.795729
  761.000000    0.765692
  771.000000    0.815074
  781.000000    0.843510
  791.000000    0.829357
  801.000000    0.778567
  811.000000    0.778890
  821.000000    0.809351
  831.000000    0.814216
  841.000000    0.781841
  851.000000    0.745581
  861.000000    0.768572
  871.000000    0.755087
  881.000000    0.756165
  891.000000    0.701269
  901.000000    0.759302
  911.000000    0.791645
  921.000000    0.824758
  931.000000    0.828263
  941.000000    0.838114
  951.000000    0.832733
  961.000000    0.827168
  971.000000    0.839327
  981.000000    0.796990
  991.000000    0.808695
 1001.000000    0.857456
 1011.000000    0.835285
 1021.000000    0.834121
 1031.000000    0.835706
 1041.000000    0.841696
 1051.000000    0.824316
 1061.000000    0.841485
 1071.000000    0.842126
 1081.000000    0.825509
 1091.000000    0.784963
 1101.000000    0.784386
 1111.000000    0.763419
 1121.000000    0.811143
 1131.000000    0.847276
 1141.000000    0.845174
 1151.000000    0.782615
 1161.000000    0.774451
 1171.000000    0.775510
 1181.000000    0.754323
 1191.000000    0.762709
 1201.000000    0.793585
 1211.000000    0.831819
 1221.000000    0.869782
 1231.000000    0.859889
 1241.000000    0.886588
 1251.000000    0.885558
 1261.000000    0.839353
 1271.000000    0.781358
 1281.000000    0.772902
 1291.000000    0.759012
 1301.000000    0.758484
 1311.000000    0.757921
 1321.000000    0.795249
 1331.000000    0.818554
 1341.000000    0.858136
 1351.000000    0.847969
 1361.000000    0.818095
 1371.000000    0.833051
 1381.000000    0.850213
 1391.000000    0.854866
 1401.000000    0.799562
 1411.000000    0.772843
 1421.000000    0.691328
 1431.000000    0.692077
 1441.000000    0.748699
 1451.000000    0.808827
 1461.000000    0.841177
 1471.000000    0.852958
 1481.000000    0.848347
 1491.000000    0.812004
 1501.000000    0.824218
 1511.000000    0.839165
 1521.000000    0.835090
 1531.000000    0.821062
 1541.000000    0.821418
 1551.000000    0.790311
 1561.000000    0.753055
 1571.000000    0.723326
 1581.000000    0.711652
 1591.000000    0.736455
 1601.000000    0.797932
 1611.000000    0.814348
 1621.000000    0.833158
 1631.000000    0.818558
 1641.000000    0.791618
 1651.000000    0.797462
 1661.000000    0.793011
 1671.000000    0.799951
 1681.000000    0.829795
 1691.000000    0.826007
 1701.000000    0.795712
 1711.000000    0.770808
 1721.000000    0.759959
 1731.000000    0.737049
 1741.000000    0.756306
 1751.000000    0.805649
 1761.000000    0.848165
 1771.000000    0.866962
 1781.000000    0.874975
 1791.000000    0.856425
 1801.000000    0.801191
 1811.000000    0.765567
 1821.000000    0.752719
 1831.000000    0.809205
 1841.000000    0.788898
 1851.000000    0.789897
 1861.000000    0.773475
 1871.000000    0.812975
