#  pixel_depth  alphabetafraction   >  Analysis of alpha beta fraction
   90.000000    0.558304
  100.000000    0.560442
  110.000000    0.572900
  120.000000    0.626718
  130.000000    0.677282
  140.000000    0.645312
  150.000000    0.631563
  160.000000    0.586241
  170.000000    0.585284
  180.000000    0.577839
  190.000000    0.542535
  200.000000    0.534898
  210.000000    0.506746
  220.000000    0.550634
  230.000000    0.540341
  240.000000    0.555903
  250.000000    0.571123
  260.000000    0.559468
  270.000000    0.521472
  280.000000    0.606738
  290.000000    0.624142
  300.000000    0.625964
  310.000000    0.658995
  320.000000    0.616709
  330.000000    0.626504
  340.000000    0.575340
  350.000000    0.560011
  360.000000    0.540197
  370.000000    0.502054
  380.000000    0.569529
  390.000000    0.515218
  400.000000    0.513459
  410.000000    0.561267
  420.000000    0.616490
  430.000000    0.644541
  440.000000    0.630398
  450.000000    0.643695
  460.000000    0.582908
  470.000000    0.576252
  480.000000    0.574428
  490.000000    0.592399
  500.000000    0.586421
  510.000000    0.626492
  520.000000    0.615215
  530.000000    0.567340
  540.000000    0.575614
  550.000000    0.579992
  560.000000    0.559211
  570.000000    0.531210
  580.000000    0.527261
  590.000000    0.549057
  600.000000    0.615589
  610.000000    0.636103
  620.000000    0.661789
  630.000000    0.698388
  640.000000    0.662645
  650.000000    0.628540
  660.000000    0.604284
  670.000000    0.595562
  680.000000    0.608500
  690.000000    0.642111
  700.000000    0.651782
  710.000000    0.638060
  720.000000    0.627585
  730.000000    0.648060
  740.000000    0.619866
  750.000000    0.626343
  760.000000    0.597937
  770.000000    0.655857
  780.000000    0.621220
  790.000000    0.611762
  800.000000    0.596056
  810.000000    0.526947
  820.000000    0.490296
  830.000000    0.505074
  840.000000    0.514223
  850.000000    0.548768
  860.000000    0.593615
  870.000000    0.605351
  880.000000    0.590709
  890.000000    0.552792
  900.000000    0.502846
  910.000000    0.524916
  920.000000    0.540597
  930.000000    0.568805
  940.000000    0.559319
  950.000000    0.548201
  960.000000    0.494029
  970.000000    0.521656
  980.000000    0.508758
  990.000000    0.493085
 1000.000000    0.500297
 1010.000000    0.551549
 1020.000000    0.581951
 1030.000000    0.653467
 1040.000000    0.672989
 1050.000000    0.645456
 1060.000000    0.636106
 1070.000000    0.595783
 1080.000000    0.598884
 1090.000000    0.600134
 1100.000000    0.590279
 1110.000000    0.586552
 1120.000000    0.578600
 1130.000000    0.644194
 1140.000000    0.671767
 1150.000000    0.689771
 1160.000000    0.683045
 1170.000000    0.618144
 1180.000000    0.519487
 1190.000000    0.459083
 1200.000000    0.404246
 1210.000000    0.527339
 1220.000000    0.569748
 1230.000000    0.602375
 1240.000000    0.637704
 1250.000000    0.622282
 1260.000000    0.640142
 1270.000000    0.658662
 1280.000000    0.623872
 1290.000000    0.561078
 1300.000000    0.586993
 1310.000000    0.628259
 1320.000000    0.568955
 1330.000000    0.611991
 1340.000000    0.654604
 1350.000000    0.641532
 1360.000000    0.640630
 1370.000000    0.646265
 1380.000000    0.599292
 1390.000000    0.578384
 1400.000000    0.549961
 1410.000000    0.532019
 1420.000000    0.540816
 1430.000000    0.575791
 1440.000000    0.569048
 1450.000000    0.577093
 1460.000000    0.584566
 1470.000000    0.519292
 1480.000000    0.513837
 1490.000000    0.481626
 1500.000000    0.505012
 1510.000000    0.526660
 1520.000000    0.534172
 1530.000000    0.541928
 1540.000000    0.532908
 1550.000000    0.497482
 1560.000000    0.512376
 1570.000000    0.540843
 1580.000000    0.519068
 1590.000000    0.583838
 1600.000000    0.584348
 1610.000000    0.600189
 1620.000000    0.577761
 1630.000000    0.619635
 1640.000000    0.628592
 1650.000000    0.587548
 1660.000000    0.639155
