#  pixel_depth  alphabetafraction   >  Analysis of alpha beta fraction
   95.000000    0.637577
  105.000000    0.672326
  115.000000    0.715481
  125.000000    0.696272
  135.000000    0.688367
  145.000000    0.635543
  155.000000    0.665326
  165.000000    0.678136
  175.000000    0.722965
  185.000000    0.710088
  195.000000    0.656359
  205.000000    0.590735
  215.000000    0.551579
  225.000000    0.607188
  235.000000    0.623032
  245.000000    0.696428
  255.000000    0.707850
  265.000000    0.701987
  275.000000    0.703743
  285.000000    0.720322
  295.000000    0.759964
  305.000000    0.810643
  315.000000    0.759868
  325.000000    0.767338
  335.000000    0.681956
  345.000000    0.656208
  355.000000    0.627231
  365.000000    0.634402
  375.000000    0.691540
  385.000000    0.706332
  395.000000    0.757065
  405.000000    0.764968
  415.000000    0.730151
  425.000000    0.794682
  435.000000    0.768118
  445.000000    0.707945
  455.000000    0.640201
  465.000000    0.644604
  475.000000    0.610514
  485.000000    0.640278
  495.000000    0.657654
  505.000000    0.621652
  515.000000    0.595619
  525.000000    0.667137
  535.000000    0.697508
  545.000000    0.694141
  555.000000    0.690966
  565.000000    0.710522
  575.000000    0.698668
  585.000000    0.716726
  595.000000    0.705250
  605.000000    0.723060
  615.000000    0.692204
  625.000000    0.713608
  635.000000    0.717564
  645.000000    0.745608
  655.000000    0.744191
  665.000000    0.706366
  675.000000    0.673818
  685.000000    0.662527
  695.000000    0.689042
  705.000000    0.722665
  715.000000    0.734210
  725.000000    0.714050
  735.000000    0.742865
  745.000000    0.777888
  755.000000    0.724269
  765.000000    0.718171
  775.000000    0.751864
  785.000000    0.710695
  795.000000    0.704688
  805.000000    0.715750
  815.000000    0.655826
  825.000000    0.665793
  835.000000    0.666686
  845.000000    0.576841
  855.000000    0.582044
  865.000000    0.588034
  875.000000    0.581985
  885.000000    0.592187
  895.000000    0.631160
  905.000000    0.652753
  915.000000    0.667721
  925.000000    0.693137
  935.000000    0.732383
  945.000000    0.754867
  955.000000    0.753846
  965.000000    0.709830
  975.000000    0.613124
  985.000000    0.594031
  995.000000    0.624865
 1005.000000    0.671177
 1015.000000    0.661397
 1025.000000    0.677019
 1035.000000    0.678322
 1045.000000    0.729023
 1055.000000    0.759226
 1065.000000    0.715666
 1075.000000    0.695386
 1085.000000    0.645202
 1095.000000    0.555779
 1105.000000    0.549661
 1115.000000    0.556068
 1125.000000    0.604606
 1135.000000    0.687855
 1145.000000    0.713607
 1155.000000    0.759017
 1165.000000    0.787875
 1175.000000    0.754396
 1185.000000    0.724690
 1195.000000    0.716276
 1205.000000    0.735139
 1215.000000    0.687591
 1225.000000    0.670871
 1235.000000    0.619006
 1245.000000    0.576966
 1255.000000    0.673998
 1265.000000    0.702756
 1275.000000    0.710308
 1285.000000    0.731375
 1295.000000    0.689597
 1305.000000    0.651486
 1315.000000    0.681747
 1325.000000    0.638293
 1335.000000    0.563583
 1345.000000    0.623452
 1355.000000    0.727525
 1365.000000    0.715234
 1375.000000    0.704919
 1385.000000    0.632145
 1395.000000    0.634189
 1405.000000    0.620131
 1415.000000    0.613113
 1425.000000    0.594643
 1435.000000    0.590378
 1445.000000    0.626196
 1455.000000    0.593389
 1465.000000    0.639069
 1475.000000    0.658710
 1485.000000    0.665025
 1495.000000    0.651030
 1505.000000    0.676781
 1515.000000    0.598205
 1525.000000    0.610009
 1535.000000    0.689835
 1545.000000    0.741218
 1555.000000    0.717535
 1565.000000    0.737777
 1575.000000    0.750709
 1585.000000    0.751662
 1595.000000    0.741580
 1605.000000    0.777262
 1615.000000    0.742267
 1625.000000    0.681050
 1635.000000    0.619639
 1645.000000    0.588259
 1655.000000    0.591527
 1665.000000    0.636626
 1675.000000    0.668068
 1685.000000    0.679167
 1695.000000    0.696232
 1705.000000    0.616536
 1715.000000    0.580153
 1725.000000    0.642891
 1735.000000    0.672650
 1745.000000    0.656406
 1755.000000    0.605696
 1765.000000    0.641965
 1775.000000    0.747389
 1785.000000    0.785321
 1795.000000    0.775915
 1805.000000    0.754720
 1815.000000    0.706318
 1825.000000    0.674793
 1835.000000    0.671867
 1845.000000    0.696741
 1855.000000    0.626888
 1865.000000    0.671988
