#  pixel_depth  alphabetafraction   >  Analysis of alpha beta fraction
   10.000000    0.773072
   20.000000    0.698520
   30.000000    0.625201
   40.000000    0.624999
   50.000000    0.647709
   60.000000    0.663104
   70.000000    0.690320
   80.000000    0.725618
   90.000000    0.688558
  100.000000    0.704645
  110.000000    0.697899
  120.000000    0.688948
  130.000000    0.701663
  140.000000    0.720799
  150.000000    0.689408
  160.000000    0.705166
  170.000000    0.704197
  180.000000    0.675027
  190.000000    0.670978
  200.000000    0.674490
  210.000000    0.716078
  220.000000    0.724048
  230.000000    0.700344
  240.000000    0.727204
  250.000000    0.724737
  260.000000    0.688881
  270.000000    0.670749
  280.000000    0.693160
  290.000000    0.684343
  300.000000    0.683455
  310.000000    0.684319
  320.000000    0.708772
  330.000000    0.731600
  340.000000    0.823097
  350.000000    0.785801
  360.000000    0.743814
  370.000000    0.732845
  380.000000    0.714132
  390.000000    0.748877
  400.000000    0.705322
  410.000000    0.710823
  420.000000    0.775174
  430.000000    0.870619
  440.000000    0.916700
  450.000000    0.839488
  460.000000    0.811118
  470.000000    0.783869
  480.000000    0.717150
  490.000000    0.711674
  500.000000    0.674576
  510.000000    0.597073
  520.000000    0.616740
  530.000000    0.593092
  540.000000    0.631255
  550.000000    0.645311
  560.000000    0.695163
  570.000000    0.757006
  580.000000    0.795510
  590.000000    0.805692
  600.000000    0.827847
  610.000000    0.763638
  620.000000    0.719329
  630.000000    0.685752
  640.000000    0.618447
  650.000000    0.597652
  660.000000    0.651531
  670.000000    0.724152
  680.000000    0.759993
  690.000000    0.764919
  700.000000    0.781029
  710.000000    0.748856
  720.000000    0.751828
  730.000000    0.767906
  740.000000    0.782768
  750.000000    0.770022
  760.000000    0.775000
  770.000000    0.735002
  780.000000    0.750942
  790.000000    0.741267
  800.000000    0.675902
  810.000000    0.624020
  820.000000    0.627407
  830.000000    0.674556
  840.000000    0.646377
  850.000000    0.683028
  860.000000    0.716903
  870.000000    0.759001
  880.000000    0.752787
  890.000000    0.687421
  900.000000    0.676132
  910.000000    0.642908
  920.000000    0.651314
  930.000000    0.633938
  940.000000    0.610754
  950.000000    0.571872
  960.000000    0.533320
  970.000000    0.535149
  980.000000    0.606430
  990.000000    0.709141
 1000.000000    0.706558
 1010.000000    0.736877
 1020.000000    0.773785
 1030.000000    0.767699
 1040.000000    0.765672
 1050.000000    0.774984
 1060.000000    0.751452
 1070.000000    0.710319
 1080.000000    0.709462
 1090.000000    0.702664
 1100.000000    0.663458
 1110.000000    0.674384
 1120.000000    0.706995
 1130.000000    0.655946
 1140.000000    0.622474
 1150.000000    0.635522
 1160.000000    0.647123
 1170.000000    0.635144
 1180.000000    0.616433
 1190.000000    0.651732
 1200.000000    0.647100
 1210.000000    0.671613
 1220.000000    0.690082
 1230.000000    0.687774
 1240.000000    0.653194
 1250.000000    0.710553
 1260.000000    0.744177
 1270.000000    0.774299
 1280.000000    0.769421
 1290.000000    0.751745
