#  pixel_depth  alphabetafraction   >  Analysis of alpha beta fraction
   77.000000    0.693710
   87.000000    0.690133
   97.000000    0.669516
  107.000000    0.685695
  117.000000    0.790071
  127.000000    0.745515
  137.000000    0.699608
  147.000000    0.696102
  157.000000    0.636393
  167.000000    0.604241
  177.000000    0.603593
  187.000000    0.615232
  197.000000    0.632165
  207.000000    0.666110
  217.000000    0.719256
  227.000000    0.727677
  237.000000    0.719859
  247.000000    0.687406
  257.000000    0.620855
  267.000000    0.616358
  277.000000    0.609285
  287.000000    0.625668
  297.000000    0.644663
  307.000000    0.698548
  317.000000    0.711773
  327.000000    0.709314
  337.000000    0.724807
  347.000000    0.716998
  357.000000    0.691518
  367.000000    0.670976
  377.000000    0.645534
  387.000000    0.645549
  397.000000    0.647345
  407.000000    0.675168
  417.000000    0.658795
  427.000000    0.690857
  437.000000    0.741186
  447.000000    0.743813
  457.000000    0.700737
  467.000000    0.673174
  477.000000    0.628269
  487.000000    0.633758
  497.000000    0.647234
  507.000000    0.678836
  517.000000    0.725364
  527.000000    0.737491
  537.000000    0.655098
  547.000000    0.689025
  557.000000    0.703825
  567.000000    0.758241
  577.000000    0.722692
  587.000000    0.668055
  597.000000    0.573035
  607.000000    0.509907
  617.000000    0.552099
  627.000000    0.620504
  637.000000    0.660079
  647.000000    0.681813
  657.000000    0.739539
  667.000000    0.695625
  677.000000    0.602676
  687.000000    0.602845
  697.000000    0.671322
  707.000000    0.771903
  717.000000    0.817937
  727.000000    0.809706
  737.000000    0.786358
  747.000000    0.724400
  757.000000    0.673295
  767.000000    0.695108
  777.000000    0.730524
  787.000000    0.752197
  797.000000    0.798730
  807.000000    0.738053
  817.000000    0.688534
  827.000000    0.724970
  837.000000    0.739399
  847.000000    0.734466
  857.000000    0.685945
  867.000000    0.700542
  877.000000    0.712274
  887.000000    0.720479
  897.000000    0.721151
  907.000000    0.734889
  917.000000    0.761310
  927.000000    0.727455
  937.000000    0.665721
  947.000000    0.720679
  957.000000    0.701649
  967.000000    0.748594
  977.000000    0.762556
  987.000000    0.752376
  997.000000    0.715586
 1007.000000    0.635707
 1017.000000    0.627927
 1027.000000    0.609967
 1037.000000    0.593898
 1047.000000    0.639424
 1057.000000    0.670483
 1067.000000    0.677140
 1077.000000    0.703987
 1087.000000    0.669772
 1097.000000    0.667341
 1107.000000    0.670138
 1117.000000    0.722068
 1127.000000    0.707358
 1137.000000    0.734327
 1147.000000    0.713084
 1157.000000    0.708224
 1167.000000    0.703006
 1177.000000    0.672454
 1187.000000    0.572975
 1197.000000    0.652267
 1207.000000    0.732672
 1217.000000    0.752449
 1227.000000    0.735275
 1237.000000    0.782585
 1247.000000    0.779051
 1257.000000    0.704427
 1267.000000    0.720910
 1277.000000    0.721639
 1287.000000    0.785503
 1297.000000    0.786935
 1307.000000    0.730656
 1317.000000    0.730434
 1327.000000    0.694585
 1337.000000    0.665455
 1347.000000    0.683721
 1357.000000    0.670753
 1367.000000    0.635863
 1377.000000    0.652375
 1387.000000    0.702100
 1397.000000    0.717235
 1407.000000    0.662694
 1417.000000    0.603144
 1427.000000    0.614398
 1437.000000    0.703315
 1447.000000    0.698791
 1457.000000    0.648404
 1467.000000    0.653782
 1477.000000    0.666048
 1487.000000    0.710312
 1497.000000    0.715465
 1507.000000    0.736303
 1517.000000    0.732767
 1527.000000    0.747578
 1537.000000    0.747008
 1547.000000    0.728630
