#  pixel_depth  alphabetafraction   >  Analysis of alpha beta fraction
  180.000000    0.773328
  190.000000    0.776227
  200.000000    0.796173
  210.000000    0.744910
  220.000000    0.742831
  230.000000    0.771044
  240.000000    0.785993
  250.000000    0.745913
  260.000000    0.768664
  270.000000    0.805298
  280.000000    0.806726
  290.000000    0.797609
  300.000000    0.781566
  310.000000    0.758794
  320.000000    0.757509
  330.000000    0.755580
  340.000000    0.773455
  350.000000    0.789613
  360.000000    0.820596
  370.000000    0.835440
  380.000000    0.825909
  390.000000    0.827378
  400.000000    0.808726
  410.000000    0.832879
  420.000000    0.791576
  430.000000    0.796093
  440.000000    0.813632
  450.000000    0.831113
  460.000000    0.828756
  470.000000    0.819994
  480.000000    0.815597
  490.000000    0.796076
  500.000000    0.800363
  510.000000    0.796846
  520.000000    0.774875
  530.000000    0.741209
  540.000000    0.736787
  550.000000    0.664926
  560.000000    0.716086
  570.000000    0.728308
  580.000000    0.791553
  590.000000    0.799468
  600.000000    0.854653
  610.000000    0.847175
  620.000000    0.838354
  630.000000    0.819376
  640.000000    0.822816
  650.000000    0.820266
  660.000000    0.775436
  670.000000    0.774311
  680.000000    0.799354
  690.000000    0.814818
  700.000000    0.808016
  710.000000    0.788112
  720.000000    0.801192
  730.000000    0.804335
  740.000000    0.805290
  750.000000    0.802440
  760.000000    0.805767
  770.000000    0.774628
  780.000000    0.766995
  790.000000    0.773870
  800.000000    0.777483
  810.000000    0.792292
  820.000000    0.811589
  830.000000    0.820288
  840.000000    0.788453
  850.000000    0.798824
  860.000000    0.766473
  870.000000    0.778430
  880.000000    0.763571
  890.000000    0.753542
  900.000000    0.766387
  910.000000    0.817305
  920.000000    0.820585
  930.000000    0.799648
  940.000000    0.824066
  950.000000    0.836168
  960.000000    0.834776
  970.000000    0.841868
  980.000000    0.802328
  990.000000    0.764523
 1000.000000    0.756759
 1010.000000    0.714975
 1020.000000    0.720723
 1030.000000    0.711283
 1040.000000    0.760719
 1050.000000    0.755171
 1060.000000    0.801009
 1070.000000    0.818750
 1080.000000    0.799129
 1090.000000    0.797658
 1100.000000    0.770681
 1110.000000    0.743971
 1120.000000    0.755280
 1130.000000    0.656515
 1140.000000    0.742706
 1150.000000    0.740820
 1160.000000    0.776192
 1170.000000    0.806700
 1180.000000    0.866127
 1190.000000    0.839489
 1200.000000    0.856224
 1210.000000    0.842236
 1220.000000    0.809223
 1230.000000    0.758741
 1240.000000    0.756720
 1250.000000    0.712722
 1260.000000    0.717813
 1270.000000    0.785628
 1280.000000    0.766949
 1290.000000    0.785528
 1300.000000    0.778729
 1310.000000    0.793497
 1320.000000    0.757169
 1330.000000    0.773407
 1340.000000    0.724937
 1350.000000    0.749258
 1360.000000    0.762148
 1370.000000    0.701332
 1380.000000    0.643586
 1390.000000    0.663066
 1400.000000    0.688629
 1410.000000    0.669137
 1420.000000    0.726129
 1430.000000    0.739078
 1440.000000    0.743773
 1450.000000    0.758223
 1460.000000    0.785579
 1470.000000    0.798369
 1480.000000    0.769960
 1490.000000    0.796117
 1500.000000    0.813108
 1510.000000    0.833072
 1520.000000    0.853692
 1530.000000    0.771458
 1540.000000    0.714678
 1550.000000    0.737404
 1560.000000    0.723543
 1570.000000    0.694637
 1580.000000    0.714275
 1590.000000    0.704590
 1600.000000    0.699237
 1610.000000    0.715160
 1620.000000    0.732268
 1630.000000    0.755028
 1640.000000    0.765662
 1650.000000    0.790588
 1660.000000    0.811256
 1670.000000    0.771566
 1680.000000    0.779825
 1690.000000    0.794277
 1700.000000    0.723392
 1710.000000    0.731162
 1720.000000    0.754023
 1730.000000    0.779888
 1740.000000    0.793761
 1750.000000    0.804312
 1760.000000    0.743522
 1770.000000    0.781344
 1780.000000    0.772065
 1790.000000    0.752151
 1800.000000    0.739056
 1810.000000    0.750718
 1820.000000    0.737678
 1830.000000    0.744430
 1840.000000    0.712779
 1850.000000    0.699350
 1860.000000    0.729627
 1870.000000    0.773699
 1880.000000    0.791508
 1890.000000    0.783678
 1900.000000    0.788505
 1910.000000    0.801810
 1920.000000    0.785598
 1930.000000    0.755268
 1940.000000    0.773705
