#  pixel_depth  alphabetafraction   >  Analysis of alpha beta fraction
  256.000000    0.639519
  261.000000    0.651931
  266.000000    0.692424
  271.000000    0.684000
  276.000000    0.694774
  281.000000    0.686484
  286.000000    0.689591
  291.000000    0.710163
  296.000000    0.731811
  301.000000    0.767920
  306.000000    0.759117
  311.000000    0.742605
  316.000000    0.754020
  321.000000    0.759930
  326.000000    0.778858
  331.000000    0.788892
  336.000000    0.782048
  341.000000    0.778140
  346.000000    0.769319
  351.000000    0.775109
  356.000000    0.796965
  361.000000    0.813528
  366.000000    0.797418
  371.000000    0.794582
  376.000000    0.814803
  381.000000    0.835730
  386.000000    0.820271
  391.000000    0.799829
  396.000000    0.770192
  401.000000    0.754732
  406.000000    0.761530
  411.000000    0.758314
  416.000000    0.726045
  421.000000    0.744908
  426.000000    0.735102
  431.000000    0.712550
  436.000000    0.732303
  441.000000    0.750408
  446.000000    0.745066
  451.000000    0.742484
  456.000000    0.721613
  461.000000    0.731175
  466.000000    0.718395
  471.000000    0.717383
  476.000000    0.718638
  481.000000    0.732605
  486.000000    0.732209
  491.000000    0.745244
  496.000000    0.763637
  501.000000    0.763312
  506.000000    0.737883
  511.000000    0.740180
  516.000000    0.730652
  521.000000    0.747844
  526.000000    0.788452
  531.000000    0.807168
  536.000000    0.790799
  541.000000    0.758821
  546.000000    0.731041
  551.000000    0.720149
  556.000000    0.722293
  561.000000    0.750575
  566.000000    0.768642
  571.000000    0.770030
  576.000000    0.784007
  581.000000    0.764940
  586.000000    0.747603
  591.000000    0.750239
  596.000000    0.720837
  601.000000    0.722230
  606.000000    0.712304
  611.000000    0.681681
  616.000000    0.692325
  621.000000    0.673427
  626.000000    0.668040
  631.000000    0.675151
  636.000000    0.687369
  641.000000    0.699953
  646.000000    0.727905
  651.000000    0.755904
  656.000000    0.771042
  661.000000    0.793460
  666.000000    0.828959
  671.000000    0.851166
  676.000000    0.828654
  681.000000    0.816697
  686.000000    0.801009
  691.000000    0.774542
  696.000000    0.739578
  701.000000    0.738207
  706.000000    0.775334
  711.000000    0.823289
  716.000000    0.848944
  721.000000    0.824326
  726.000000    0.803598
  731.000000    0.763031
  736.000000    0.718959
  741.000000    0.694770
  746.000000    0.640334
  751.000000    0.632792
  756.000000    0.613117
  761.000000    0.584713
  766.000000    0.575505
  771.000000    0.591053
  776.000000    0.626291
  781.000000    0.669770
  786.000000    0.681004
  791.000000    0.700651
  796.000000    0.752818
  801.000000    0.770169
  806.000000    0.761221
  811.000000    0.752679
  816.000000    0.741437
  821.000000    0.750474
  826.000000    0.752419
  831.000000    0.731154
  836.000000    0.689314
  841.000000    0.704337
  846.000000    0.714871
  851.000000    0.701985
  856.000000    0.711418
  861.000000    0.723185
  866.000000    0.742565
  871.000000    0.748560
  876.000000    0.720234
  881.000000    0.702123
  886.000000    0.715465
  891.000000    0.717190
  896.000000    0.712491
  901.000000    0.711761
  906.000000    0.706385
  911.000000    0.715374
  916.000000    0.737979
  921.000000    0.747181
  926.000000    0.750733
  931.000000    0.764150
  936.000000    0.774015
  941.000000    0.776389
  946.000000    0.795785
  951.000000    0.803680
  956.000000    0.793065
  961.000000    0.774457
  966.000000    0.751648
  971.000000    0.751809
  976.000000    0.749383
  981.000000    0.761328
  986.000000    0.762063
  991.000000    0.784517
  996.000000    0.808992
 1001.000000    0.813024
 1006.000000    0.801284
 1011.000000    0.801299
 1016.000000    0.798056
 1021.000000    0.817977
 1026.000000    0.813343
 1031.000000    0.789322
 1036.000000    0.774592
 1041.000000    0.777183
 1046.000000    0.799607
 1051.000000    0.812216
 1056.000000    0.791271
 1061.000000    0.783756
 1066.000000    0.786118
 1071.000000    0.796085
 1076.000000    0.834079
 1081.000000    0.831410
 1086.000000    0.809447
 1091.000000    0.805266
 1096.000000    0.808222
 1101.000000    0.780338
 1106.000000    0.757061
 1111.000000    0.747732
 1116.000000    0.736088
 1121.000000    0.726050
 1126.000000    0.696610
 1131.000000    0.689060
 1136.000000    0.700920
 1141.000000    0.714861
 1146.000000    0.728199
 1151.000000    0.719050
 1156.000000    0.723653
 1161.000000    0.726179
 1166.000000    0.719084
 1171.000000    0.700910
 1176.000000    0.675628
 1181.000000    0.672611
 1186.000000    0.640196
 1191.000000    0.637149
 1196.000000    0.665954
 1201.000000    0.723509
 1206.000000    0.773650
 1211.000000    0.803065
 1216.000000    0.822047
 1221.000000    0.822918
 1226.000000    0.806642
 1231.000000    0.786999
 1236.000000    0.800399
 1241.000000    0.794461
 1246.000000    0.797914
 1251.000000    0.795356
 1256.000000    0.775106
 1261.000000    0.756230
 1266.000000    0.746973
 1271.000000    0.732355
 1276.000000    0.728483
 1281.000000    0.722807
 1286.000000    0.725720
 1291.000000    0.731431
 1296.000000    0.740363
 1301.000000    0.732626
 1306.000000    0.717631
 1311.000000    0.695374
 1316.000000    0.697809
 1321.000000    0.733048
 1326.000000    0.757574
 1331.000000    0.779598
 1336.000000    0.774078
 1341.000000    0.766455
 1346.000000    0.735345
 1351.000000    0.706526
 1356.000000    0.696336
 1361.000000    0.701682
 1366.000000    0.743527
 1371.000000    0.738829
 1376.000000    0.752329
 1381.000000    0.770417
 1386.000000    0.784476
 1391.000000    0.773900
 1396.000000    0.784759
 1401.000000    0.801507
 1406.000000    0.815178
 1411.000000    0.815995
 1416.000000    0.783728
 1421.000000    0.725459
 1426.000000    0.700782
 1431.000000    0.663530
 1436.000000    0.636132
 1441.000000    0.640616
 1446.000000    0.661364
 1451.000000    0.639295
 1456.000000    0.678234
 1461.000000    0.725350
 1466.000000    0.789302
 1471.000000    0.836683
 1476.000000    0.847151
 1481.000000    0.857441
 1486.000000    0.855735
 1491.000000    0.866499
 1496.000000    0.881127
 1501.000000    0.877764
 1506.000000    0.859246
 1511.000000    0.847783
 1516.000000    0.826783
 1521.000000    0.811851
 1526.000000    0.819636
 1531.000000    0.770681
 1536.000000    0.734746
 1541.000000    0.706367
 1546.000000    0.683376
 1551.000000    0.679028
 1556.000000    0.689350
 1561.000000    0.697844
 1566.000000    0.716614
 1571.000000    0.716090
 1576.000000    0.719604
 1581.000000    0.730541
 1586.000000    0.749001
 1591.000000    0.758190
 1596.000000    0.773952
 1601.000000    0.752878
 1606.000000    0.762919
 1611.000000    0.780243
 1616.000000    0.786000
 1621.000000    0.780823
 1626.000000    0.789433
 1631.000000    0.830484
 1636.000000    0.839165
 1641.000000    0.810904
 1646.000000    0.797936
 1651.000000    0.781723
 1656.000000    0.769763
 1661.000000    0.782092
 1666.000000    0.786810
 1671.000000    0.781990
 1676.000000    0.786333
 1681.000000    0.806755
 1686.000000    0.827358
 1691.000000    0.846447
 1696.000000    0.841879
 1701.000000    0.835881
 1706.000000    0.835857
 1711.000000    0.819246
 1716.000000    0.802549
 1721.000000    0.826728
 1726.000000    0.805488
 1731.000000    0.801562
 1736.000000    0.765758
 1741.000000    0.739145
 1746.000000    0.698113
 1751.000000    0.677366
 1756.000000    0.685931
 1761.000000    0.705776
 1766.000000    0.724941
 1771.000000    0.757592
 1776.000000    0.765382
 1781.000000    0.781582
 1786.000000    0.790942
 1791.000000    0.794578
 1796.000000    0.836706
 1801.000000    0.817650
 1806.000000    0.793345
 1811.000000    0.781090
 1816.000000    0.770627
 1821.000000    0.761764
 1826.000000    0.737419
 1831.000000    0.725342
 1836.000000    0.755112
 1841.000000    0.758831
 1846.000000    0.746246
 1851.000000    0.727081
 1856.000000    0.729006
 1861.000000    0.749992
 1866.000000    0.758504
 1871.000000    0.745177
 1876.000000    0.730906
 1881.000000    0.717281
 1886.000000    0.689210
 1891.000000    0.706591
 1896.000000    0.703467
 1901.000000    0.701564
 1906.000000    0.700981
 1911.000000    0.734727
 1916.000000    0.760409
 1921.000000    0.775439
 1926.000000    0.795562
 1931.000000    0.804770
 1936.000000    0.780554
 1941.000000    0.759786
