#  pixel_depth  alphabetafraction   >  Analysis of alpha beta fraction
   43.000000    0.746371
   48.000000    0.746503
   53.000000    0.740372
   58.000000    0.724617
   63.000000    0.738581
   68.000000    0.743214
   73.000000    0.746892
   78.000000    0.741113
   83.000000    0.738848
   88.000000    0.715318
   93.000000    0.664966
   98.000000    0.630824
  103.000000    0.607735
  108.000000    0.598348
  113.000000    0.642560
  118.000000    0.669662
  123.000000    0.698298
  128.000000    0.687286
  133.000000    0.691273
  138.000000    0.685221
  143.000000    0.684098
  148.000000    0.715113
  153.000000    0.725536
  158.000000    0.732869
  163.000000    0.723539
  168.000000    0.708456
  173.000000    0.726622
  178.000000    0.719947
  183.000000    0.728628
  188.000000    0.738534
  193.000000    0.711229
  198.000000    0.702291
  203.000000    0.680061
  208.000000    0.668010
  213.000000    0.692408
  218.000000    0.707139
  223.000000    0.697245
  228.000000    0.697923
  233.000000    0.719527
  238.000000    0.713005
  243.000000    0.697166
  248.000000    0.670471
  253.000000    0.666387
  258.000000    0.666789
  263.000000    0.657424
  268.000000    0.633084
  273.000000    0.633437
  278.000000    0.635271
  283.000000    0.674244
  288.000000    0.699057
  293.000000    0.707434
  298.000000    0.703236
  303.000000    0.663268
  308.000000    0.646994
  313.000000    0.647334
  318.000000    0.617731
  323.000000    0.590655
  328.000000    0.599958
  333.000000    0.621660
  338.000000    0.624903
  343.000000    0.600207
  348.000000    0.596718
  353.000000    0.612100
  358.000000    0.613085
  363.000000    0.641165
  368.000000    0.661262
  373.000000    0.690868
  378.000000    0.694026
  383.000000    0.665923
  388.000000    0.633232
  393.000000    0.628680
  398.000000    0.649048
  403.000000    0.674194
  408.000000    0.699932
  413.000000    0.696142
  418.000000    0.687376
  423.000000    0.711291
  428.000000    0.722418
  433.000000    0.711795
  438.000000    0.700090
  443.000000    0.722278
  448.000000    0.744189
  453.000000    0.719479
  458.000000    0.689310
  463.000000    0.689568
  468.000000    0.678895
  473.000000    0.673301
  478.000000    0.650792
  483.000000    0.667106
  488.000000    0.663359
  493.000000    0.666936
  498.000000    0.693150
  503.000000    0.697646
  508.000000    0.707673
  513.000000    0.714490
  518.000000    0.725524
  523.000000    0.730051
  528.000000    0.719804
  533.000000    0.727215
  538.000000    0.732876
  543.000000    0.707180
  548.000000    0.683223
  553.000000    0.648464
  558.000000    0.656224
  563.000000    0.691888
  568.000000    0.706419
  573.000000    0.750897
  578.000000    0.703376
  583.000000    0.689063
  588.000000    0.686186
  593.000000    0.680610
  598.000000    0.683067
  603.000000    0.670379
  608.000000    0.650613
  613.000000    0.640101
  618.000000    0.685175
  623.000000    0.702144
  628.000000    0.695212
  633.000000    0.704939
  638.000000    0.698063
  643.000000    0.723586
  648.000000    0.711444
  653.000000    0.696116
  658.000000    0.692707
  663.000000    0.700712
  668.000000    0.699563
  673.000000    0.700654
  678.000000    0.679161
  683.000000    0.660415
  688.000000    0.649632
  693.000000    0.623114
  698.000000    0.645373
  703.000000    0.705235
  708.000000    0.718026
  713.000000    0.721940
  718.000000    0.707855
  723.000000    0.672165
  728.000000    0.657164
  733.000000    0.672043
  738.000000    0.695460
  743.000000    0.699588
  748.000000    0.719615
  753.000000    0.749205
  758.000000    0.755622
  763.000000    0.771329
  768.000000    0.725656
  773.000000    0.707988
  778.000000    0.691651
  783.000000    0.689186
  788.000000    0.691225
  793.000000    0.706834
  798.000000    0.681843
  803.000000    0.682706
  808.000000    0.691342
  813.000000    0.685446
  818.000000    0.683053
  823.000000    0.653907
  828.000000    0.670624
  833.000000    0.685313
  838.000000    0.667346
  843.000000    0.674741
  848.000000    0.670537
  853.000000    0.649706
  858.000000    0.644213
  863.000000    0.640778
  868.000000    0.666630
  873.000000    0.703939
  878.000000    0.738547
  883.000000    0.755193
  888.000000    0.737661
  893.000000    0.758656
  898.000000    0.759582
  903.000000    0.762467
  908.000000    0.749484
  913.000000    0.756169
  918.000000    0.746484
  923.000000    0.727326
  928.000000    0.716506
  933.000000    0.718081
  938.000000    0.714356
  943.000000    0.704453
  948.000000    0.719518
  953.000000    0.742449
  958.000000    0.755021
  963.000000    0.767116
  968.000000    0.748056
  973.000000    0.750271
  978.000000    0.744638
  983.000000    0.727558
  988.000000    0.733850
  993.000000    0.713549
  998.000000    0.715213
 1003.000000    0.713252
 1008.000000    0.725231
 1013.000000    0.712794
 1018.000000    0.683580
 1023.000000    0.678798
 1028.000000    0.700601
 1033.000000    0.707111
 1038.000000    0.697187
 1043.000000    0.669078
 1048.000000    0.668056
 1053.000000    0.653315
 1058.000000    0.657983
 1063.000000    0.712760
 1068.000000    0.754988
 1073.000000    0.758296
 1078.000000    0.782668
 1083.000000    0.796589
 1088.000000    0.787208
 1093.000000    0.773100
 1098.000000    0.755374
 1103.000000    0.751926
 1108.000000    0.710387
 1113.000000    0.685280
 1118.000000    0.675725
 1123.000000    0.644819
 1128.000000    0.605434
 1133.000000    0.609630
 1138.000000    0.618408
 1143.000000    0.630789
 1148.000000    0.640551
 1153.000000    0.619894
 1158.000000    0.657886
 1163.000000    0.696227
 1168.000000    0.695579
 1173.000000    0.736046
 1178.000000    0.762964
 1183.000000    0.786525
 1188.000000    0.787592
 1193.000000    0.799477
 1198.000000    0.805201
 1203.000000    0.812002
 1208.000000    0.821824
 1213.000000    0.814104
 1218.000000    0.812400
 1223.000000    0.796726
 1228.000000    0.780625
 1233.000000    0.804146
 1238.000000    0.793931
 1243.000000    0.781259
 1248.000000    0.738236
 1253.000000    0.669679
 1258.000000    0.657877
 1263.000000    0.659238
 1268.000000    0.624332
 1273.000000    0.605007
 1278.000000    0.586070
 1283.000000    0.561346
 1288.000000    0.572040
 1293.000000    0.545070
 1298.000000    0.566543
 1303.000000    0.589143
 1308.000000    0.582241
 1313.000000    0.591262
 1318.000000    0.597190
 1323.000000    0.609468
 1328.000000    0.644914
 1333.000000    0.662869
 1338.000000    0.661997
 1343.000000    0.681778
 1348.000000    0.689031
 1353.000000    0.681884
 1358.000000    0.680836
 1363.000000    0.669042
 1368.000000    0.663258
 1373.000000    0.624296
 1378.000000    0.618458
 1383.000000    0.651655
 1388.000000    0.681671
 1393.000000    0.708301
 1398.000000    0.713509
 1403.000000    0.724640
 1408.000000    0.725160
 1413.000000    0.740429
 1418.000000    0.755852
 1423.000000    0.757919
 1428.000000    0.764701
 1433.000000    0.757193
 1438.000000    0.753939
 1443.000000    0.739592
 1448.000000    0.732604
 1453.000000    0.704249
 1458.000000    0.696957
 1463.000000    0.704527
 1468.000000    0.714941
 1473.000000    0.728228
 1478.000000    0.725845
 1483.000000    0.693898
 1488.000000    0.685429
 1493.000000    0.672889
 1498.000000    0.658881
 1503.000000    0.665785
 1508.000000    0.693880
 1513.000000    0.676976
 1518.000000    0.674893
 1523.000000    0.672170
 1528.000000    0.673111
 1533.000000    0.716730
 1538.000000    0.742112
 1543.000000    0.734261
 1548.000000    0.733740
 1553.000000    0.751252
 1558.000000    0.744024
 1563.000000    0.758538
 1568.000000    0.778319
 1573.000000    0.780017
 1578.000000    0.777572
 1583.000000    0.770088
 1588.000000    0.739770
 1593.000000    0.715534
 1598.000000    0.737926
 1603.000000    0.749526
 1608.000000    0.743985
 1613.000000    0.715063
 1618.000000    0.706430
 1623.000000    0.672878
 1628.000000    0.698836
 1633.000000    0.724445
 1638.000000    0.724911
 1643.000000    0.736422
 1648.000000    0.750826
 1653.000000    0.767447
 1658.000000    0.773020
 1663.000000    0.791516
 1668.000000    0.780241
 1673.000000    0.801615
 1678.000000    0.772029
 1683.000000    0.767390
 1688.000000    0.767894
 1693.000000    0.763565
 1698.000000    0.772926
 1703.000000    0.753719
 1708.000000    0.734522
 1713.000000    0.723284
 1718.000000    0.698749
 1723.000000    0.686311
 1728.000000    0.679009
 1733.000000    0.712187
 1738.000000    0.747050
 1743.000000    0.770207
 1748.000000    0.778068
 1753.000000    0.769987
 1758.000000    0.779362
 1763.000000    0.770211
 1768.000000    0.731031
 1773.000000    0.717324
 1778.000000    0.697476
 1783.000000    0.697980
 1788.000000    0.697466
 1793.000000    0.704280
 1798.000000    0.697604
 1803.000000    0.690934
 1808.000000    0.697082
 1813.000000    0.715100
