#  pixel_depth  alphabetafraction   >  Analysis of alpha beta fraction
  127.000000    0.563052
  132.000000    0.564189
  137.000000    0.593908
  142.000000    0.610157
  147.000000    0.671591
  152.000000    0.657668
  157.000000    0.673448
  162.000000    0.659367
  167.000000    0.648970
  172.000000    0.653372
  177.000000    0.655092
  182.000000    0.640640
  187.000000    0.635723
  192.000000    0.613138
  197.000000    0.599287
  202.000000    0.632402
  207.000000    0.661691
  212.000000    0.672905
  217.000000    0.671257
  222.000000    0.682506
  227.000000    0.719324
  232.000000    0.740029
  237.000000    0.767141
  242.000000    0.778264
  247.000000    0.790243
  252.000000    0.749167
  257.000000    0.700008
  262.000000    0.657833
  267.000000    0.629706
  272.000000    0.619941
  277.000000    0.612238
  282.000000    0.611309
  287.000000    0.592350
  292.000000    0.575046
  297.000000    0.588102
  302.000000    0.620424
  307.000000    0.610466
  312.000000    0.632011
  317.000000    0.653035
  322.000000    0.650796
  327.000000    0.616953
  332.000000    0.603290
  337.000000    0.596175
  342.000000    0.581269
  347.000000    0.594131
  352.000000    0.601770
  357.000000    0.583350
  362.000000    0.585747
  367.000000    0.580850
  372.000000    0.583591
  377.000000    0.566960
  382.000000    0.536601
  387.000000    0.511163
  392.000000    0.539112
  397.000000    0.540350
  402.000000    0.560668
  407.000000    0.560236
  412.000000    0.556891
  417.000000    0.594446
  422.000000    0.590291
  427.000000    0.575566
  432.000000    0.581070
  437.000000    0.572821
  442.000000    0.535956
  447.000000    0.540451
  452.000000    0.558262
  457.000000    0.545646
  462.000000    0.545891
  467.000000    0.561202
  472.000000    0.579451
  477.000000    0.610155
  482.000000    0.648084
  487.000000    0.689022
  492.000000    0.718716
  497.000000    0.759373
  502.000000    0.766989
  507.000000    0.785104
  512.000000    0.768648
  517.000000    0.738937
  522.000000    0.737244
  527.000000    0.737177
  532.000000    0.713008
  537.000000    0.703743
  542.000000    0.699239
  547.000000    0.687702
  552.000000    0.689649
  557.000000    0.669945
  562.000000    0.648408
  567.000000    0.620198
  572.000000    0.592250
  577.000000    0.576292
  582.000000    0.535218
  587.000000    0.499824
  592.000000    0.508723
  597.000000    0.524462
  602.000000    0.529584
  607.000000    0.579354
  612.000000    0.627378
  617.000000    0.705639
  622.000000    0.740400
  627.000000    0.771064
  632.000000    0.752266
  637.000000    0.758482
  642.000000    0.761583
  647.000000    0.768939
  652.000000    0.769662
  657.000000    0.773163
  662.000000    0.752356
  667.000000    0.732308
  672.000000    0.719617
  677.000000    0.685074
  682.000000    0.663990
  687.000000    0.631952
  692.000000    0.612745
  697.000000    0.635250
  702.000000    0.613276
  707.000000    0.659584
  712.000000    0.643080
  717.000000    0.643948
  722.000000    0.648691
  727.000000    0.621990
  732.000000    0.580321
  737.000000    0.590632
  742.000000    0.605680
  747.000000    0.620872
  752.000000    0.614174
  757.000000    0.598014
  762.000000    0.619908
  767.000000    0.672354
  772.000000    0.716284
  777.000000    0.744852
  782.000000    0.718305
  787.000000    0.700295
  792.000000    0.677880
  797.000000    0.657961
  802.000000    0.654735
  807.000000    0.670143
  812.000000    0.702788
  817.000000    0.740987
  822.000000    0.784534
  827.000000    0.813208
  832.000000    0.822704
  837.000000    0.842373
  842.000000    0.859007
  847.000000    0.848252
  852.000000    0.840100
  857.000000    0.816135
  862.000000    0.797792
  867.000000    0.774787
  872.000000    0.746441
  877.000000    0.708451
  882.000000    0.671709
  887.000000    0.678458
  892.000000    0.685454
  897.000000    0.678366
  902.000000    0.692095
  907.000000    0.666085
  912.000000    0.631634
  917.000000    0.589894
  922.000000    0.587920
  927.000000    0.604031
  932.000000    0.598420
  937.000000    0.614531
  942.000000    0.621939
  947.000000    0.616475
  952.000000    0.585334
  957.000000    0.566112
  962.000000    0.560505
  967.000000    0.554409
  972.000000    0.550589
  977.000000    0.552685
  982.000000    0.538924
  987.000000    0.543307
  992.000000    0.552894
  997.000000    0.578072
 1002.000000    0.625765
 1007.000000    0.662454
 1012.000000    0.749085
 1017.000000    0.804872
 1022.000000    0.814298
 1027.000000    0.798670
 1032.000000    0.802205
 1037.000000    0.779791
 1042.000000    0.792438
 1047.000000    0.778979
 1052.000000    0.774067
 1057.000000    0.744204
 1062.000000    0.729665
 1067.000000    0.711112
 1072.000000    0.683358
 1077.000000    0.682371
 1082.000000    0.693143
 1087.000000    0.690539
 1092.000000    0.690530
 1097.000000    0.702687
 1102.000000    0.669210
 1107.000000    0.673716
 1112.000000    0.638113
 1117.000000    0.621339
 1122.000000    0.622536
 1127.000000    0.561313
 1132.000000    0.564368
 1137.000000    0.560361
 1142.000000    0.582964
 1147.000000    0.543513
 1152.000000    0.546528
 1157.000000    0.564586
 1162.000000    0.591918
 1167.000000    0.642809
 1172.000000    0.705647
 1177.000000    0.743796
 1182.000000    0.745235
 1187.000000    0.789771
 1192.000000    0.823961
 1197.000000    0.825152
 1202.000000    0.762780
 1207.000000    0.720626
 1212.000000    0.665000
 1217.000000    0.637025
 1222.000000    0.633810
 1227.000000    0.593899
 1232.000000    0.596438
 1237.000000    0.576741
 1242.000000    0.557884
 1247.000000    0.544686
 1252.000000    0.582924
 1257.000000    0.552298
 1262.000000    0.551455
 1267.000000    0.562792
 1272.000000    0.588920
 1277.000000    0.604213
 1282.000000    0.626536
 1287.000000    0.635024
 1292.000000    0.662410
 1297.000000    0.686273
 1302.000000    0.714930
 1307.000000    0.744333
 1312.000000    0.761993
 1317.000000    0.754731
 1322.000000    0.769276
 1327.000000    0.762811
 1332.000000    0.754324
 1337.000000    0.726763
 1342.000000    0.704956
 1347.000000    0.741990
 1352.000000    0.677666
 1357.000000    0.671719
 1362.000000    0.687730
 1367.000000    0.651517
 1372.000000    0.615402
 1377.000000    0.639436
 1382.000000    0.655320
 1387.000000    0.653470
 1392.000000    0.641993
 1397.000000    0.658847
 1402.000000    0.671467
 1407.000000    0.674235
 1412.000000    0.679117
 1417.000000    0.692249
 1422.000000    0.689251
 1427.000000    0.687562
 1432.000000    0.682390
 1437.000000    0.648961
 1442.000000    0.635702
 1447.000000    0.612671
 1452.000000    0.637415
 1457.000000    0.663651
 1462.000000    0.661286
 1467.000000    0.658076
 1472.000000    0.674419
 1477.000000    0.715386
 1482.000000    0.761236
 1487.000000    0.769237
 1492.000000    0.779937
 1497.000000    0.757896
 1502.000000    0.750549
 1507.000000    0.744556
 1512.000000    0.747074
 1517.000000    0.764387
 1522.000000    0.766558
 1527.000000    0.767916
 1532.000000    0.751716
 1537.000000    0.689983
 1542.000000    0.688024
 1547.000000    0.684914
 1552.000000    0.705442
 1557.000000    0.699881
 1562.000000    0.672402
 1567.000000    0.648213
 1572.000000    0.664483
 1577.000000    0.679493
 1582.000000    0.686815
 1587.000000    0.701081
 1592.000000    0.699453
 1597.000000    0.678401
 1602.000000    0.671127
 1607.000000    0.695296
 1612.000000    0.698342
 1617.000000    0.688963
 1622.000000    0.707820
 1627.000000    0.731987
 1632.000000    0.732490
 1637.000000    0.737355
 1642.000000    0.716077
 1647.000000    0.696301
 1652.000000    0.690229
 1657.000000    0.680747
 1662.000000    0.659603
 1667.000000    0.657460
 1672.000000    0.633124
 1677.000000    0.614797
 1682.000000    0.605775
 1687.000000    0.576450
 1692.000000    0.549591
 1697.000000    0.536261
 1702.000000    0.532843
 1707.000000    0.557535
 1712.000000    0.591788
 1717.000000    0.569447
 1722.000000    0.631469
 1727.000000    0.626694
 1732.000000    0.661646
 1737.000000    0.687039
 1742.000000    0.703602
 1747.000000    0.727910
 1752.000000    0.736883
 1757.000000    0.728754
 1762.000000    0.736157
 1767.000000    0.768664
 1772.000000    0.763060
 1777.000000    0.774011
 1782.000000    0.752239
 1787.000000    0.739269
 1792.000000    0.723278
 1797.000000    0.663241
 1802.000000    0.629451
 1807.000000    0.588668
 1812.000000    0.542014
 1817.000000    0.508518
 1822.000000    0.528505
 1827.000000    0.559871
 1832.000000    0.564789
 1837.000000    0.569913
 1842.000000    0.591449
 1847.000000    0.580502
 1852.000000    0.572605
 1857.000000    0.603366
 1862.000000    0.681182
 1867.000000    0.694115
 1872.000000    0.724614
 1877.000000    0.739608
 1882.000000    0.745381
 1887.000000    0.753837
 1892.000000    0.755285
 1897.000000    0.736350
 1902.000000    0.715051
