#  pixel_depth  alphabetafraction   >  Analysis of alpha beta fraction
  117.000000    0.553605
  122.000000    0.565542
  127.000000    0.536958
  132.000000    0.523285
  137.000000    0.526539
  142.000000    0.534308
  147.000000    0.545820
  152.000000    0.548945
  157.000000    0.574250
  162.000000    0.566791
  167.000000    0.573579
  172.000000    0.598548
  177.000000    0.650262
  182.000000    0.686117
  187.000000    0.706217
  192.000000    0.735715
  197.000000    0.750791
  202.000000    0.779552
  207.000000    0.789740
  212.000000    0.798550
  217.000000    0.827111
  222.000000    0.827618
  227.000000    0.807653
  232.000000    0.810018
  237.000000    0.811487
  242.000000    0.780858
  247.000000    0.792120
  252.000000    0.794219
  257.000000    0.778244
  262.000000    0.767698
  267.000000    0.728629
  272.000000    0.712514
  277.000000    0.706666
  282.000000    0.719759
  287.000000    0.740400
  292.000000    0.759062
  297.000000    0.741062
  302.000000    0.718806
  307.000000    0.716680
  312.000000    0.711757
  317.000000    0.757166
  322.000000    0.756702
  327.000000    0.743913
  332.000000    0.715249
  337.000000    0.715855
  342.000000    0.748928
  347.000000    0.727236
  352.000000    0.737943
  357.000000    0.720204
  362.000000    0.706385
  367.000000    0.709274
  372.000000    0.724567
  377.000000    0.718952
  382.000000    0.726901
  387.000000    0.730465
  392.000000    0.745400
  397.000000    0.743168
  402.000000    0.761222
  407.000000    0.743450
  412.000000    0.761643
  417.000000    0.767385
  422.000000    0.761732
  427.000000    0.757473
  432.000000    0.785249
  437.000000    0.779539
  442.000000    0.787162
  447.000000    0.759826
  452.000000    0.753648
  457.000000    0.748428
  462.000000    0.730703
  467.000000    0.707541
  472.000000    0.721588
  477.000000    0.739739
  482.000000    0.726835
  487.000000    0.733957
  492.000000    0.768263
  497.000000    0.762508
  502.000000    0.752474
  507.000000    0.746148
  512.000000    0.731883
  517.000000    0.716181
  522.000000    0.737207
  527.000000    0.704326
  532.000000    0.682802
  537.000000    0.682708
  542.000000    0.654337
  547.000000    0.669455
  552.000000    0.673043
  557.000000    0.658742
  562.000000    0.618091
  567.000000    0.628340
  572.000000    0.651797
  577.000000    0.694153
  582.000000    0.689173
  587.000000    0.709761
  592.000000    0.764017
  597.000000    0.789379
  602.000000    0.786370
  607.000000    0.782845
  612.000000    0.807022
  617.000000    0.824692
  622.000000    0.861023
  627.000000    0.874794
  632.000000    0.855195
  637.000000    0.832234
  642.000000    0.805527
  647.000000    0.775720
  652.000000    0.732769
  657.000000    0.707006
  662.000000    0.706412
  667.000000    0.681506
  672.000000    0.695686
  677.000000    0.704803
  682.000000    0.706721
  687.000000    0.695792
  692.000000    0.671214
  697.000000    0.673887
  702.000000    0.674842
  707.000000    0.645709
  712.000000    0.654342
  717.000000    0.679259
  722.000000    0.703780
  727.000000    0.688010
  732.000000    0.660624
  737.000000    0.624074
  742.000000    0.627110
  747.000000    0.645833
  752.000000    0.653561
  757.000000    0.659871
  762.000000    0.643714
  767.000000    0.667088
  772.000000    0.703369
  777.000000    0.735548
  782.000000    0.734465
  787.000000    0.738743
  792.000000    0.735992
  797.000000    0.739695
  802.000000    0.694112
  807.000000    0.662109
  812.000000    0.652775
  817.000000    0.641543
  822.000000    0.640204
  827.000000    0.653301
  832.000000    0.651405
  837.000000    0.641142
  842.000000    0.656992
  847.000000    0.672640
  852.000000    0.687441
  857.000000    0.692233
  862.000000    0.691019
  867.000000    0.675491
  872.000000    0.637018
  877.000000    0.634490
  882.000000    0.649063
  887.000000    0.672810
  892.000000    0.704563
  897.000000    0.753528
  902.000000    0.737722
  907.000000    0.732057
  912.000000    0.728974
  917.000000    0.722285
  922.000000    0.735934
  927.000000    0.793691
  932.000000    0.815719
  937.000000    0.822842
  942.000000    0.796702
  947.000000    0.791643
  952.000000    0.776845
  957.000000    0.756490
  962.000000    0.712068
  967.000000    0.691113
  972.000000    0.673214
  977.000000    0.675617
  982.000000    0.618861
  987.000000    0.607223
  992.000000    0.603107
  997.000000    0.615575
 1002.000000    0.630248
 1007.000000    0.670891
 1012.000000    0.682753
 1017.000000    0.699523
 1022.000000    0.713415
 1027.000000    0.703981
 1032.000000    0.651091
 1037.000000    0.624041
 1042.000000    0.620752
 1047.000000    0.618035
 1052.000000    0.631472
 1057.000000    0.657041
 1062.000000    0.684888
 1067.000000    0.728036
 1072.000000    0.728452
 1077.000000    0.742041
 1082.000000    0.767443
 1087.000000    0.777682
 1092.000000    0.751343
 1097.000000    0.729813
 1102.000000    0.713075
 1107.000000    0.690156
 1112.000000    0.699022
 1117.000000    0.717500
 1122.000000    0.699639
 1127.000000    0.707415
 1132.000000    0.727668
 1137.000000    0.753309
 1142.000000    0.749064
 1147.000000    0.721658
 1152.000000    0.692452
 1157.000000    0.637898
 1162.000000    0.654424
 1167.000000    0.649901
 1172.000000    0.651519
 1177.000000    0.668203
 1182.000000    0.701708
 1187.000000    0.672907
 1192.000000    0.646104
 1197.000000    0.665101
 1202.000000    0.663166
 1207.000000    0.654826
 1212.000000    0.682864
 1217.000000    0.685094
 1222.000000    0.744512
 1227.000000    0.770527
 1232.000000    0.796285
 1237.000000    0.831895
 1242.000000    0.850751
 1247.000000    0.858672
 1252.000000    0.838988
 1257.000000    0.834880
 1262.000000    0.813054
 1267.000000    0.781737
 1272.000000    0.762379
 1277.000000    0.721903
 1282.000000    0.702077
 1287.000000    0.714688
 1292.000000    0.665737
 1297.000000    0.647552
 1302.000000    0.655786
 1307.000000    0.671504
 1312.000000    0.664150
 1317.000000    0.664897
 1322.000000    0.652386
 1327.000000    0.647445
 1332.000000    0.685593
 1337.000000    0.676119
 1342.000000    0.704390
 1347.000000    0.724186
 1352.000000    0.723570
 1357.000000    0.698010
 1362.000000    0.690353
 1367.000000    0.703824
 1372.000000    0.701463
 1377.000000    0.725852
 1382.000000    0.742756
 1387.000000    0.765262
 1392.000000    0.780663
 1397.000000    0.799068
 1402.000000    0.800757
 1407.000000    0.807574
 1412.000000    0.835320
 1417.000000    0.832202
 1422.000000    0.813078
 1427.000000    0.794126
 1432.000000    0.763500
 1437.000000    0.734523
 1442.000000    0.711595
 1447.000000    0.719186
 1452.000000    0.724775
 1457.000000    0.692102
 1462.000000    0.670352
 1467.000000    0.620411
 1472.000000    0.592021
 1477.000000    0.560940
 1482.000000    0.545060
 1487.000000    0.545270
 1492.000000    0.566117
 1497.000000    0.615542
 1502.000000    0.654442
 1507.000000    0.720728
 1512.000000    0.729149
 1517.000000    0.708460
 1522.000000    0.707655
 1527.000000    0.756145
 1532.000000    0.797840
 1537.000000    0.801771
 1542.000000    0.787872
 1547.000000    0.747917
 1552.000000    0.730701
 1557.000000    0.725085
 1562.000000    0.723429
 1567.000000    0.707477
 1572.000000    0.700673
 1577.000000    0.675577
 1582.000000    0.675649
 1587.000000    0.662954
 1592.000000    0.687334
 1597.000000    0.699585
 1602.000000    0.697170
 1607.000000    0.711217
 1612.000000    0.731282
 1617.000000    0.736931
 1622.000000    0.733103
 1627.000000    0.714961
 1632.000000    0.696422
 1637.000000    0.657984
 1642.000000    0.683005
 1647.000000    0.696937
 1652.000000    0.686858
 1657.000000    0.639685
 1662.000000    0.594484
 1667.000000    0.578690
 1672.000000    0.591523
 1677.000000    0.604696
 1682.000000    0.632042
 1687.000000    0.643005
 1692.000000    0.657579
 1697.000000    0.680105
 1702.000000    0.711679
 1707.000000    0.733110
 1712.000000    0.739751
 1717.000000    0.722028
 1722.000000    0.714318
 1727.000000    0.705540
 1732.000000    0.745277
 1737.000000    0.733250
 1742.000000    0.707662
 1747.000000    0.688024
 1752.000000    0.657206
 1757.000000    0.642889
 1762.000000    0.664527
 1767.000000    0.682442
 1772.000000    0.677293
 1777.000000    0.674506
 1782.000000    0.671495
 1787.000000    0.668737
 1792.000000    0.655915
 1797.000000    0.663048
 1802.000000    0.662925
 1807.000000    0.661882
 1812.000000    0.696034
 1817.000000    0.712717
 1822.000000    0.712597
 1827.000000    0.690540
 1832.000000    0.678770
 1837.000000    0.664344
 1842.000000    0.676881
 1847.000000    0.636628
 1852.000000    0.632133
 1857.000000    0.652953
 1862.000000    0.634408
 1867.000000    0.633717
 1872.000000    0.624479
 1877.000000    0.626428
 1882.000000    0.663629
 1887.000000    0.706422
 1892.000000    0.725150
 1897.000000    0.731795
 1902.000000    0.723055
