#  pixel_depth  alphabetafraction   >  Analysis of alpha beta fraction
    5.000000    0.750821
   10.000000    0.725159
   15.000000    0.711249
   20.000000    0.704556
   25.000000    0.694528
   30.000000    0.681730
   35.000000    0.659603
   40.000000    0.635230
   45.000000    0.677786
   50.000000    0.718858
   55.000000    0.739103
   60.000000    0.742246
   65.000000    0.728572
   70.000000    0.719795
   75.000000    0.681171
   80.000000    0.657487
   85.000000    0.652635
   90.000000    0.693396
   95.000000    0.697862
  100.000000    0.705134
  105.000000    0.711149
  110.000000    0.715680
  115.000000    0.738196
  120.000000    0.768195
  125.000000    0.786512
  130.000000    0.750404
  135.000000    0.714917
  140.000000    0.729626
  145.000000    0.729546
  150.000000    0.699438
  155.000000    0.698125
  160.000000    0.740155
  165.000000    0.764886
  170.000000    0.778710
  175.000000    0.806219
  180.000000    0.779744
  185.000000    0.770423
  190.000000    0.778291
  195.000000    0.795746
  200.000000    0.774493
  205.000000    0.733537
  210.000000    0.695004
  215.000000    0.692082
  220.000000    0.681447
  225.000000    0.666247
  230.000000    0.643848
  235.000000    0.684346
  240.000000    0.710407
  245.000000    0.723784
  250.000000    0.709816
  255.000000    0.666783
  260.000000    0.653128
  265.000000    0.677304
  270.000000    0.681040
  275.000000    0.669596
  280.000000    0.681335
  285.000000    0.678619
  290.000000    0.674369
  295.000000    0.665337
  300.000000    0.684837
  305.000000    0.728813
  310.000000    0.721062
  315.000000    0.714206
  320.000000    0.711825
  325.000000    0.725739
  330.000000    0.742920
  335.000000    0.773981
  340.000000    0.755348
  345.000000    0.747827
  350.000000    0.728574
  355.000000    0.701854
  360.000000    0.679153
  365.000000    0.673418
  370.000000    0.693922
  375.000000    0.720672
  380.000000    0.780637
  385.000000    0.827024
  390.000000    0.817736
  395.000000    0.838201
  400.000000    0.835470
  405.000000    0.822359
  410.000000    0.808545
  415.000000    0.803448
  420.000000    0.845636
  425.000000    0.849919
  430.000000    0.843969
  435.000000    0.841118
  440.000000    0.842019
  445.000000    0.842368
  450.000000    0.807915
  455.000000    0.720876
  460.000000    0.660616
  465.000000    0.618671
  470.000000    0.633030
  475.000000    0.625734
  480.000000    0.589028
  485.000000    0.585733
  490.000000    0.564044
  495.000000    0.596312
  500.000000    0.611590
  505.000000    0.614716
  510.000000    0.653411
  515.000000    0.663519
  520.000000    0.723926
  525.000000    0.728495
  530.000000    0.716104
  535.000000    0.713913
  540.000000    0.737129
  545.000000    0.771696
  550.000000    0.804720
  555.000000    0.799723
  560.000000    0.805415
  565.000000    0.809474
  570.000000    0.805929
  575.000000    0.798711
  580.000000    0.773523
  585.000000    0.750338
  590.000000    0.712211
  595.000000    0.696798
  600.000000    0.677493
  605.000000    0.688524
  610.000000    0.687479
  615.000000    0.693524
  620.000000    0.702331
  625.000000    0.725989
  630.000000    0.719861
  635.000000    0.732529
  640.000000    0.720207
  645.000000    0.736576
  650.000000    0.714338
  655.000000    0.692342
  660.000000    0.700246
  665.000000    0.687020
  670.000000    0.704690
  675.000000    0.696669
  680.000000    0.701185
  685.000000    0.695974
  690.000000    0.696950
  695.000000    0.702556
  700.000000    0.694824
  705.000000    0.708291
  710.000000    0.698850
  715.000000    0.699890
  720.000000    0.692424
  725.000000    0.682777
  730.000000    0.626544
  735.000000    0.624020
  740.000000    0.645973
  745.000000    0.664605
  750.000000    0.663104
  755.000000    0.663066
  760.000000    0.675344
  765.000000    0.687004
  770.000000    0.675279
  775.000000    0.686846
  780.000000    0.690781
  785.000000    0.679525
  790.000000    0.681034
  795.000000    0.698886
  800.000000    0.734292
  805.000000    0.781313
  810.000000    0.783831
  815.000000    0.765756
  820.000000    0.723371
  825.000000    0.705733
  830.000000    0.679731
  835.000000    0.685319
  840.000000    0.675251
  845.000000    0.680776
  850.000000    0.687861
  855.000000    0.716357
  860.000000    0.721234
  865.000000    0.724325
  870.000000    0.695299
  875.000000    0.670471
  880.000000    0.636395
  885.000000    0.636230
  890.000000    0.646277
  895.000000    0.641829
  900.000000    0.647325
  905.000000    0.693255
  910.000000    0.761388
  915.000000    0.795407
  920.000000    0.798265
  925.000000    0.783528
  930.000000    0.774041
  935.000000    0.742594
  940.000000    0.727310
  945.000000    0.726283
  950.000000    0.718192
  955.000000    0.735493
  960.000000    0.735596
  965.000000    0.747687
  970.000000    0.739832
  975.000000    0.704153
  980.000000    0.698929
  985.000000    0.716983
  990.000000    0.717429
  995.000000    0.696338
 1000.000000    0.695957
 1005.000000    0.673937
 1010.000000    0.641518
 1015.000000    0.672659
 1020.000000    0.662092
 1025.000000    0.616513
 1030.000000    0.618397
 1035.000000    0.569989
 1040.000000    0.531933
 1045.000000    0.553674
 1050.000000    0.586495
 1055.000000    0.602117
 1060.000000    0.628090
 1065.000000    0.640847
 1070.000000    0.642043
 1075.000000    0.643081
 1080.000000    0.645841
 1085.000000    0.678760
 1090.000000    0.669808
 1095.000000    0.687142
 1100.000000    0.719758
 1105.000000    0.739521
 1110.000000    0.736406
 1115.000000    0.756720
 1120.000000    0.767068
 1125.000000    0.768713
 1130.000000    0.771950
 1135.000000    0.776736
 1140.000000    0.750777
 1145.000000    0.750133
 1150.000000    0.778296
 1155.000000    0.769374
 1160.000000    0.776916
 1165.000000    0.775893
 1170.000000    0.755750
 1175.000000    0.750394
 1180.000000    0.716043
 1185.000000    0.706040
 1190.000000    0.688131
 1195.000000    0.655910
 1200.000000    0.658479
 1205.000000    0.646267
 1210.000000    0.610537
 1215.000000    0.601980
 1220.000000    0.570205
 1225.000000    0.550776
 1230.000000    0.575059
 1235.000000    0.579627
 1240.000000    0.578066
 1245.000000    0.582749
 1250.000000    0.576012
 1255.000000    0.564018
 1260.000000    0.595193
 1265.000000    0.635887
 1270.000000    0.645832
 1275.000000    0.658113
 1280.000000    0.655472
 1285.000000    0.636225
 1290.000000    0.635788
