#  pixel_depth  alphabetafraction   >  Analysis of alpha beta fraction
   47.000000    0.725049
   52.000000    0.727940
   57.000000    0.719041
   62.000000    0.731012
   67.000000    0.723510
   72.000000    0.733732
   77.000000    0.711059
   82.000000    0.712440
   87.000000    0.704079
   92.000000    0.702387
   97.000000    0.709776
  102.000000    0.704425
  107.000000    0.709272
  112.000000    0.743990
  117.000000    0.755692
  122.000000    0.697857
  127.000000    0.663887
  132.000000    0.686667
  137.000000    0.680834
  142.000000    0.695962
  147.000000    0.703976
  152.000000    0.700523
  157.000000    0.678472
  162.000000    0.701059
  167.000000    0.721395
  172.000000    0.755971
  177.000000    0.765437
  182.000000    0.745703
  187.000000    0.748858
  192.000000    0.776077
  197.000000    0.777862
  202.000000    0.752532
  207.000000    0.736933
  212.000000    0.729706
  217.000000    0.742402
  222.000000    0.738692
  227.000000    0.733095
  232.000000    0.750090
  237.000000    0.751632
  242.000000    0.737346
  247.000000    0.729890
  252.000000    0.700855
  257.000000    0.673426
  262.000000    0.688602
  267.000000    0.705243
  272.000000    0.710050
  277.000000    0.716471
  282.000000    0.700219
  287.000000    0.696997
  292.000000    0.727705
  297.000000    0.743727
  302.000000    0.745711
  307.000000    0.716585
  312.000000    0.717312
  317.000000    0.741452
  322.000000    0.768375
  327.000000    0.773015
  332.000000    0.793983
  337.000000    0.803570
  342.000000    0.805138
  347.000000    0.777753
  352.000000    0.749803
  357.000000    0.741304
  362.000000    0.717823
  367.000000    0.684666
  372.000000    0.667467
  377.000000    0.642784
  382.000000    0.613798
  387.000000    0.621597
  392.000000    0.668981
  397.000000    0.677109
  402.000000    0.693874
  407.000000    0.710556
  412.000000    0.763708
  417.000000    0.803171
  422.000000    0.807061
  427.000000    0.830118
  432.000000    0.827128
  437.000000    0.821556
  442.000000    0.835919
  447.000000    0.817720
  452.000000    0.828667
  457.000000    0.840665
  462.000000    0.843960
  467.000000    0.833952
  472.000000    0.780877
  477.000000    0.722367
  482.000000    0.692851
  487.000000    0.706104
  492.000000    0.658031
  497.000000    0.683202
  502.000000    0.694389
  507.000000    0.725458
  512.000000    0.734824
  517.000000    0.789462
  522.000000    0.819717
  527.000000    0.830837
  532.000000    0.833417
  537.000000    0.822535
  542.000000    0.777498
  547.000000    0.768040
  552.000000    0.766411
  557.000000    0.766741
  562.000000    0.753155
  567.000000    0.716405
  572.000000    0.722415
  577.000000    0.747705
  582.000000    0.729775
  587.000000    0.729289
  592.000000    0.737408
  597.000000    0.719219
  602.000000    0.728489
  607.000000    0.710631
  612.000000    0.715546
  617.000000    0.717768
  622.000000    0.724185
  627.000000    0.704308
  632.000000    0.689148
  637.000000    0.746837
  642.000000    0.794978
  647.000000    0.827001
  652.000000    0.835599
  657.000000    0.877907
  662.000000    0.882873
  667.000000    0.876272
  672.000000    0.862509
  677.000000    0.874164
  682.000000    0.854199
  687.000000    0.818353
  692.000000    0.767741
  697.000000    0.763581
  702.000000    0.760583
  707.000000    0.761529
  712.000000    0.736075
  717.000000    0.750091
  722.000000    0.762904
  727.000000    0.760787
  732.000000    0.721393
  737.000000    0.668069
  742.000000    0.675343
  747.000000    0.670017
  752.000000    0.675640
  757.000000    0.688941
  762.000000    0.698624
  767.000000    0.722416
  772.000000    0.746441
  777.000000    0.785780
  782.000000    0.775421
  787.000000    0.807753
  792.000000    0.780503
  797.000000    0.734794
  802.000000    0.750646
  807.000000    0.768846
  812.000000    0.759865
  817.000000    0.751990
  822.000000    0.746524
  827.000000    0.745299
  832.000000    0.766438
  837.000000    0.796586
  842.000000    0.775150
  847.000000    0.796082
  852.000000    0.786434
  857.000000    0.759920
  862.000000    0.758670
  867.000000    0.789158
  872.000000    0.776580
  877.000000    0.778632
  882.000000    0.773965
  887.000000    0.770453
  892.000000    0.764691
  897.000000    0.770194
  902.000000    0.752671
  907.000000    0.750790
  912.000000    0.747952
  917.000000    0.745980
  922.000000    0.748107
  927.000000    0.769235
  932.000000    0.771897
  937.000000    0.772098
  942.000000    0.785798
  947.000000    0.767444
  952.000000    0.742162
  957.000000    0.718530
  962.000000    0.690007
  967.000000    0.676156
  972.000000    0.683781
  977.000000    0.710983
  982.000000    0.709136
  987.000000    0.716910
  992.000000    0.747255
  997.000000    0.741219
 1002.000000    0.727164
 1007.000000    0.745211
 1012.000000    0.786488
 1017.000000    0.784370
 1022.000000    0.795071
 1027.000000    0.802087
 1032.000000    0.820888
 1037.000000    0.837644
 1042.000000    0.846946
 1047.000000    0.845023
 1052.000000    0.824498
 1057.000000    0.792325
 1062.000000    0.762115
 1067.000000    0.722607
 1072.000000    0.697600
 1077.000000    0.684393
 1082.000000    0.701003
 1087.000000    0.694725
 1092.000000    0.700693
 1097.000000    0.691716
 1102.000000    0.712571
 1107.000000    0.709037
 1112.000000    0.685969
 1117.000000    0.703124
 1122.000000    0.692770
 1127.000000    0.695206
 1132.000000    0.711722
 1137.000000    0.721062
 1142.000000    0.696000
 1147.000000    0.692507
 1152.000000    0.707249
 1157.000000    0.712902
 1162.000000    0.718591
 1167.000000    0.728239
 1172.000000    0.684744
 1177.000000    0.684367
 1182.000000    0.707209
 1187.000000    0.716707
 1192.000000    0.741862
 1197.000000    0.762368
 1202.000000    0.759662
 1207.000000    0.756771
 1212.000000    0.782474
 1217.000000    0.821352
 1222.000000    0.851244
 1227.000000    0.847194
 1232.000000    0.804284
 1237.000000    0.776552
 1242.000000    0.766186
 1247.000000    0.732749
 1252.000000    0.724037
 1257.000000    0.701154
 1262.000000    0.688896
 1267.000000    0.692926
 1272.000000    0.696756
 1277.000000    0.705347
 1282.000000    0.720358
 1287.000000    0.748369
 1292.000000    0.726550
 1297.000000    0.704067
 1302.000000    0.688887
 1307.000000    0.697054
 1312.000000    0.732972
 1317.000000    0.734703
 1322.000000    0.772012
 1327.000000    0.774390
 1332.000000    0.757068
 1337.000000    0.782441
 1342.000000    0.792291
 1347.000000    0.812687
 1352.000000    0.811650
 1357.000000    0.780925
 1362.000000    0.764937
 1367.000000    0.769325
 1372.000000    0.755434
 1377.000000    0.720766
 1382.000000    0.716515
 1387.000000    0.747459
 1392.000000    0.752177
 1397.000000    0.775147
 1402.000000    0.814158
 1407.000000    0.844252
 1412.000000    0.844641
 1417.000000    0.827754
 1422.000000    0.817307
 1427.000000    0.815220
 1432.000000    0.783651
 1437.000000    0.774416
 1442.000000    0.766477
 1447.000000    0.739191
 1452.000000    0.731602
 1457.000000    0.732950
 1462.000000    0.712433
 1467.000000    0.721537
 1472.000000    0.743765
 1477.000000    0.745707
 1482.000000    0.730364
 1487.000000    0.709071
 1492.000000    0.728290
 1497.000000    0.756908
 1502.000000    0.773548
 1507.000000    0.824868
 1512.000000    0.845475
 1517.000000    0.846375
 1522.000000    0.854247
 1527.000000    0.839449
 1532.000000    0.839198
 1537.000000    0.819876
 1542.000000    0.813638
 1547.000000    0.814626
 1552.000000    0.820892
 1557.000000    0.790089
 1562.000000    0.761130
 1567.000000    0.752779
 1572.000000    0.753931
 1577.000000    0.745984
 1582.000000    0.735375
 1587.000000    0.769304
 1592.000000    0.774558
 1597.000000    0.798939
 1602.000000    0.815041
 1607.000000    0.803887
 1612.000000    0.808007
 1617.000000    0.783500
 1622.000000    0.783917
 1627.000000    0.812247
 1632.000000    0.820398
 1637.000000    0.827383
 1642.000000    0.822096
 1647.000000    0.793673
 1652.000000    0.773357
 1657.000000    0.747147
 1662.000000    0.728550
 1667.000000    0.745001
 1672.000000    0.743881
 1677.000000    0.784738
 1682.000000    0.768712
 1687.000000    0.773576
 1692.000000    0.775076
 1697.000000    0.778281
 1702.000000    0.781390
 1707.000000    0.806797
 1712.000000    0.795494
 1717.000000    0.750619
 1722.000000    0.740113
 1727.000000    0.760737
 1732.000000    0.765540
 1737.000000    0.731364
 1742.000000    0.733995
 1747.000000    0.740929
 1752.000000    0.760445
 1757.000000    0.740695
 1762.000000    0.735399
 1767.000000    0.747649
 1772.000000    0.735910
 1777.000000    0.721485
 1782.000000    0.747077
 1787.000000    0.761798
 1792.000000    0.764666
 1797.000000    0.752266
 1802.000000    0.755571
 1807.000000    0.774206
 1812.000000    0.773523
 1817.000000    0.770449
 1822.000000    0.758391
 1827.000000    0.737940
