#  pixel_depth  alphabetafraction   >  Analysis of alpha beta fraction
   89.000000    0.680196
   94.000000    0.666645
   99.000000    0.632518
  104.000000    0.621961
  109.000000    0.616461
  114.000000    0.661471
  119.000000    0.681721
  124.000000    0.696475
  129.000000    0.726137
  134.000000    0.705060
  139.000000    0.713438
  144.000000    0.728367
  149.000000    0.765016
  154.000000    0.776097
  159.000000    0.782406
  164.000000    0.798706
  169.000000    0.803225
  174.000000    0.790586
  179.000000    0.741292
  184.000000    0.751640
  189.000000    0.775668
  194.000000    0.776226
  199.000000    0.785302
  204.000000    0.793545
  209.000000    0.793834
  214.000000    0.769586
  219.000000    0.732291
  224.000000    0.699031
  229.000000    0.661444
  234.000000    0.640582
  239.000000    0.647664
  244.000000    0.661917
  249.000000    0.691356
  254.000000    0.693461
  259.000000    0.677502
  264.000000    0.666596
  269.000000    0.678994
  274.000000    0.674124
  279.000000    0.679613
  284.000000    0.687241
  289.000000    0.644248
  294.000000    0.571580
  299.000000    0.536401
  304.000000    0.516517
  309.000000    0.534118
  314.000000    0.522904
  319.000000    0.542068
  324.000000    0.563746
  329.000000    0.620636
  334.000000    0.668339
  339.000000    0.690137
  344.000000    0.727238
  349.000000    0.750332
  354.000000    0.785327
  359.000000    0.814061
  364.000000    0.827954
  369.000000    0.865467
  374.000000    0.883770
  379.000000    0.892413
  384.000000    0.888667
  389.000000    0.867943
  394.000000    0.847044
  399.000000    0.810076
  404.000000    0.786656
  409.000000    0.756922
  414.000000    0.742150
  419.000000    0.727143
  424.000000    0.711363
  429.000000    0.712409
  434.000000    0.695086
  439.000000    0.693275
  444.000000    0.701458
  449.000000    0.720374
  454.000000    0.738507
  459.000000    0.742895
  464.000000    0.759926
  469.000000    0.767098
  474.000000    0.758729
  479.000000    0.782657
  484.000000    0.794856
  489.000000    0.795779
  494.000000    0.826269
  499.000000    0.810619
  504.000000    0.791471
  509.000000    0.797772
  514.000000    0.793981
  519.000000    0.799556
  524.000000    0.775797
  529.000000    0.767623
  534.000000    0.762944
  539.000000    0.799137
  544.000000    0.810684
  549.000000    0.804465
  554.000000    0.807751
  559.000000    0.801685
  564.000000    0.771197
  569.000000    0.725207
  574.000000    0.698845
  579.000000    0.683441
  584.000000    0.701666
  589.000000    0.706859
  594.000000    0.749200
  599.000000    0.778880
  604.000000    0.769436
  609.000000    0.740439
  614.000000    0.738119
  619.000000    0.734376
  624.000000    0.744121
  629.000000    0.750861
  634.000000    0.725509
  639.000000    0.742795
  644.000000    0.767390
  649.000000    0.783909
  654.000000    0.788195
  659.000000    0.775111
  664.000000    0.757040
  669.000000    0.760149
  674.000000    0.780742
  679.000000    0.787986
  684.000000    0.801521
  689.000000    0.838394
  694.000000    0.844421
  699.000000    0.860025
  704.000000    0.856163
  709.000000    0.854482
  714.000000    0.839905
  719.000000    0.825804
  724.000000    0.817214
  729.000000    0.832124
  734.000000    0.822807
  739.000000    0.827011
  744.000000    0.809126
  749.000000    0.814588
  754.000000    0.810052
  759.000000    0.818606
  764.000000    0.813124
  769.000000    0.811142
  774.000000    0.807488
  779.000000    0.797658
  784.000000    0.765585
  789.000000    0.781423
  794.000000    0.783262
  799.000000    0.769303
  804.000000    0.761367
  809.000000    0.747427
  814.000000    0.744035
  819.000000    0.709706
  824.000000    0.701064
  829.000000    0.691786
  834.000000    0.721089
  839.000000    0.724476
  844.000000    0.755352
  849.000000    0.777592
  854.000000    0.784936
  859.000000    0.771317
  864.000000    0.770543
  869.000000    0.771011
  874.000000    0.785400
  879.000000    0.812380
  884.000000    0.813722
  889.000000    0.817449
  894.000000    0.840855
  899.000000    0.852741
  904.000000    0.855530
  909.000000    0.857590
  914.000000    0.857351
  919.000000    0.831217
  924.000000    0.813145
  929.000000    0.823819
  934.000000    0.826867
  939.000000    0.833606
  944.000000    0.854420
  949.000000    0.858621
  954.000000    0.836314
  959.000000    0.808937
  964.000000    0.770187
  969.000000    0.742872
  974.000000    0.730699
  979.000000    0.713960
  984.000000    0.715656
  989.000000    0.725256
  994.000000    0.740112
  999.000000    0.739413
 1004.000000    0.704486
 1009.000000    0.712951
 1014.000000    0.724187
 1019.000000    0.761916
 1024.000000    0.765556
 1029.000000    0.737869
 1034.000000    0.775173
 1039.000000    0.780889
 1044.000000    0.759675
 1049.000000    0.745618
 1054.000000    0.741316
 1059.000000    0.743344
 1064.000000    0.754220
 1069.000000    0.752019
 1074.000000    0.743713
 1079.000000    0.743494
 1084.000000    0.736665
 1089.000000    0.767295
 1094.000000    0.788057
 1099.000000    0.751528
 1104.000000    0.721781
 1109.000000    0.707599
 1114.000000    0.639319
 1119.000000    0.633144
 1124.000000    0.608666
 1129.000000    0.579063
 1134.000000    0.572280
 1139.000000    0.582453
 1144.000000    0.584519
 1149.000000    0.588665
 1154.000000    0.626832
 1159.000000    0.696933
 1164.000000    0.745359
 1169.000000    0.734458
 1174.000000    0.741623
 1179.000000    0.745999
 1184.000000    0.736630
 1189.000000    0.724908
 1194.000000    0.730328
 1199.000000    0.724856
 1204.000000    0.703061
 1209.000000    0.712047
 1214.000000    0.688569
 1219.000000    0.690180
 1224.000000    0.714048
 1229.000000    0.728552
 1234.000000    0.729060
 1239.000000    0.709975
 1244.000000    0.712240
 1249.000000    0.674719
 1254.000000    0.685084
 1259.000000    0.702147
 1264.000000    0.701753
 1269.000000    0.705120
 1274.000000    0.729045
 1279.000000    0.747164
 1284.000000    0.754056
 1289.000000    0.730136
 1294.000000    0.722162
 1299.000000    0.730912
 1304.000000    0.741492
 1309.000000    0.755934
 1314.000000    0.756683
 1319.000000    0.751216
 1324.000000    0.790255
 1329.000000    0.800397
 1334.000000    0.794590
 1339.000000    0.781800
 1344.000000    0.791703
 1349.000000    0.806512
 1354.000000    0.804745
 1359.000000    0.819070
 1364.000000    0.814308
 1369.000000    0.778269
 1374.000000    0.755543
 1379.000000    0.738618
 1384.000000    0.717160
 1389.000000    0.695288
 1394.000000    0.681789
 1399.000000    0.676084
 1404.000000    0.687862
 1409.000000    0.686204
 1414.000000    0.678839
 1419.000000    0.717428
 1424.000000    0.757835
 1429.000000    0.769133
 1434.000000    0.782571
 1439.000000    0.816623
 1444.000000    0.823759
 1449.000000    0.820754
 1454.000000    0.817777
 1459.000000    0.808059
 1464.000000    0.806977
 1469.000000    0.776263
 1474.000000    0.789023
 1479.000000    0.796404
 1484.000000    0.811251
 1489.000000    0.794060
 1494.000000    0.784248
 1499.000000    0.762978
 1504.000000    0.749308
 1509.000000    0.716146
 1514.000000    0.663852
 1519.000000    0.634408
 1524.000000    0.628910
 1529.000000    0.617264
 1534.000000    0.627455
 1539.000000    0.683341
 1544.000000    0.742404
 1549.000000    0.798182
 1554.000000    0.833149
 1559.000000    0.859661
 1564.000000    0.879493
 1569.000000    0.880722
 1574.000000    0.871069
 1579.000000    0.856781
 1584.000000    0.823465
 1589.000000    0.781764
 1594.000000    0.760864
 1599.000000    0.740327
 1604.000000    0.719085
 1609.000000    0.709550
 1614.000000    0.698665
 1619.000000    0.697350
 1624.000000    0.702858
 1629.000000    0.720239
 1634.000000    0.706667
 1639.000000    0.700620
 1644.000000    0.687361
 1649.000000    0.683721
 1654.000000    0.669921
 1659.000000    0.664490
 1664.000000    0.648198
 1669.000000    0.667951
 1674.000000    0.703219
 1679.000000    0.715773
 1684.000000    0.770542
 1689.000000    0.765215
 1694.000000    0.747461
 1699.000000    0.706861
 1704.000000    0.690158
 1709.000000    0.707832
 1714.000000    0.699977
 1719.000000    0.700611
 1724.000000    0.721959
 1729.000000    0.759028
 1734.000000    0.783189
 1739.000000    0.784954
 1744.000000    0.798385
 1749.000000    0.802855
 1754.000000    0.830369
 1759.000000    0.821762
 1764.000000    0.822495
 1769.000000    0.816840
 1774.000000    0.819570
 1779.000000    0.797702
 1784.000000    0.779830
 1789.000000    0.782522
 1794.000000    0.750887
 1799.000000    0.716870
 1804.000000    0.679956
 1809.000000    0.651613
 1814.000000    0.600460
 1819.000000    0.583874
 1824.000000    0.568551
 1829.000000    0.586881
 1834.000000    0.619082
 1839.000000    0.625893
 1844.000000    0.632400
 1849.000000    0.682051
 1854.000000    0.712953
 1859.000000    0.710477
 1864.000000    0.700473
 1869.000000    0.697221
 1874.000000    0.711558
 1879.000000    0.711705
 1884.000000    0.749579
 1889.000000    0.754786
 1894.000000    0.742595
 1899.000000    0.727115
