#  pixel_depth  alphabetafraction   >  Analysis of alpha beta fraction
   36.000000    0.887849
   41.000000    0.862468
   46.000000    0.813071
   51.000000    0.795087
   56.000000    0.795477
   61.000000    0.808721
   66.000000    0.816617
   71.000000    0.818661
   76.000000    0.808597
   81.000000    0.782036
   86.000000    0.799870
   91.000000    0.785573
   96.000000    0.799998
  101.000000    0.822681
  106.000000    0.827279
  111.000000    0.835493
  116.000000    0.819832
  121.000000    0.790373
  126.000000    0.768754
  131.000000    0.742100
  136.000000    0.732308
  141.000000    0.740526
  146.000000    0.743927
  151.000000    0.745829
  156.000000    0.758801
  161.000000    0.782866
  166.000000    0.790556
  171.000000    0.794369
  176.000000    0.791980
  181.000000    0.773526
  186.000000    0.768563
  191.000000    0.780036
  196.000000    0.811883
  201.000000    0.844204
  206.000000    0.850807
  211.000000    0.852363
  216.000000    0.830511
  221.000000    0.822622
  226.000000    0.799501
  231.000000    0.785427
  236.000000    0.759993
  241.000000    0.755280
  246.000000    0.747671
  251.000000    0.749764
  256.000000    0.718807
  261.000000    0.709836
  266.000000    0.703169
  271.000000    0.681004
  276.000000    0.653155
  281.000000    0.628424
  286.000000    0.623481
  291.000000    0.643733
  296.000000    0.679836
  301.000000    0.686657
  306.000000    0.693350
  311.000000    0.689175
  316.000000    0.713727
  321.000000    0.726858
  326.000000    0.767344
  331.000000    0.791030
  336.000000    0.791772
  341.000000    0.742163
  346.000000    0.717205
  351.000000    0.728904
  356.000000    0.755035
  361.000000    0.744099
  366.000000    0.741678
  371.000000    0.711359
  376.000000    0.671357
  381.000000    0.645252
  386.000000    0.663845
  391.000000    0.663986
  396.000000    0.665039
  401.000000    0.689566
  406.000000    0.701836
  411.000000    0.702715
  416.000000    0.675214
  421.000000    0.662275
  426.000000    0.657435
  431.000000    0.655549
  436.000000    0.666301
  441.000000    0.647453
  446.000000    0.659683
  451.000000    0.647590
  456.000000    0.635633
  461.000000    0.652230
  466.000000    0.649910
  471.000000    0.660875
  476.000000    0.666882
  481.000000    0.685562
  486.000000    0.691998
  491.000000    0.665765
  496.000000    0.667213
  501.000000    0.674303
  506.000000    0.674576
  511.000000    0.644174
  516.000000    0.637388
  521.000000    0.675982
  526.000000    0.695321
  531.000000    0.694778
  536.000000    0.716363
  541.000000    0.706692
  546.000000    0.706417
  551.000000    0.658845
  556.000000    0.622851
  561.000000    0.607010
  566.000000    0.623792
  571.000000    0.645384
  576.000000    0.640491
  581.000000    0.629381
  586.000000    0.629552
  591.000000    0.635900
  596.000000    0.645313
  601.000000    0.635562
  606.000000    0.670175
  611.000000    0.692675
  616.000000    0.725880
  621.000000    0.718935
  626.000000    0.692017
  631.000000    0.682074
  636.000000    0.671878
  641.000000    0.650643
  646.000000    0.627278
  651.000000    0.613381
  656.000000    0.646416
  661.000000    0.646816
  666.000000    0.665855
  671.000000    0.657571
  676.000000    0.661559
  681.000000    0.701301
  686.000000    0.718476
  691.000000    0.720588
  696.000000    0.710839
  701.000000    0.703890
  706.000000    0.686832
  711.000000    0.681818
  716.000000    0.678958
  721.000000    0.675482
  726.000000    0.633563
  731.000000    0.628210
  736.000000    0.648381
  741.000000    0.665855
  746.000000    0.692109
  751.000000    0.713928
  756.000000    0.747225
  761.000000    0.759974
  766.000000    0.746384
  771.000000    0.742217
  776.000000    0.721309
  781.000000    0.721690
  786.000000    0.723781
  791.000000    0.712731
  796.000000    0.708798
  801.000000    0.712248
  806.000000    0.702479
  811.000000    0.710580
  816.000000    0.724820
  821.000000    0.713548
  826.000000    0.666609
  831.000000    0.663230
  836.000000    0.645247
  841.000000    0.641506
  846.000000    0.649560
  851.000000    0.628511
  856.000000    0.622649
  861.000000    0.612112
  866.000000    0.601580
  871.000000    0.554018
  876.000000    0.519821
  881.000000    0.533129
  886.000000    0.544981
  891.000000    0.593809
  896.000000    0.591450
  901.000000    0.615670
  906.000000    0.656982
  911.000000    0.660713
  916.000000    0.665170
  921.000000    0.640453
  926.000000    0.624376
  931.000000    0.676340
  936.000000    0.693555
  941.000000    0.679639
  946.000000    0.687614
  951.000000    0.683217
  956.000000    0.701905
  961.000000    0.681358
  966.000000    0.650823
  971.000000    0.626363
  976.000000    0.638019
  981.000000    0.614112
  986.000000    0.571142
  991.000000    0.594036
  996.000000    0.599331
 1001.000000    0.605394
 1006.000000    0.616488
 1011.000000    0.650557
 1016.000000    0.697073
 1021.000000    0.739996
 1026.000000    0.772905
 1031.000000    0.789514
 1036.000000    0.805967
 1041.000000    0.821460
 1046.000000    0.817297
 1051.000000    0.812915
 1056.000000    0.787210
 1061.000000    0.745650
 1066.000000    0.731068
 1071.000000    0.721065
 1076.000000    0.691848
 1081.000000    0.687592
 1086.000000    0.679963
 1091.000000    0.675518
 1096.000000    0.683196
 1101.000000    0.686266
 1106.000000    0.673139
 1111.000000    0.666753
 1116.000000    0.670697
 1121.000000    0.661585
 1126.000000    0.633981
 1131.000000    0.657511
 1136.000000    0.685322
 1141.000000    0.659916
 1146.000000    0.649367
 1151.000000    0.703471
 1156.000000    0.687411
 1161.000000    0.651667
 1166.000000    0.660956
 1171.000000    0.684788
 1176.000000    0.679175
 1181.000000    0.699479
 1186.000000    0.727733
 1191.000000    0.762973
 1196.000000    0.772894
 1201.000000    0.747053
 1206.000000    0.707441
 1211.000000    0.671863
 1216.000000    0.647861
 1221.000000    0.646078
 1226.000000    0.646352
 1231.000000    0.646743
 1236.000000    0.617316
 1241.000000    0.586233
 1246.000000    0.554954
 1251.000000    0.579557
 1256.000000    0.622073
 1261.000000    0.614345
 1266.000000    0.600395
 1271.000000    0.617644
 1276.000000    0.630570
 1281.000000    0.644397
 1286.000000    0.657211
 1291.000000    0.625498
 1296.000000    0.634754
 1301.000000    0.608377
 1306.000000    0.617208
 1311.000000    0.617462
 1316.000000    0.590472
 1321.000000    0.576905
 1326.000000    0.560199
 1331.000000    0.523274
 1336.000000    0.540784
 1341.000000    0.589803
 1346.000000    0.609961
 1351.000000    0.626294
 1356.000000    0.628509
 1361.000000    0.627384
 1366.000000    0.629959
 1371.000000    0.630610
 1376.000000    0.614195
 1381.000000    0.588180
 1386.000000    0.589327
 1391.000000    0.569557
 1396.000000    0.557914
 1401.000000    0.548648
 1406.000000    0.548114
 1411.000000    0.580804
 1416.000000    0.622888
 1421.000000    0.634918
 1426.000000    0.639604
 1431.000000    0.638893
 1436.000000    0.663955
 1441.000000    0.696746
 1446.000000    0.716569
 1451.000000    0.727647
 1456.000000    0.735568
 1461.000000    0.731763
 1466.000000    0.746783
 1471.000000    0.770068
 1476.000000    0.763805
 1481.000000    0.753678
 1486.000000    0.720378
 1491.000000    0.677847
 1496.000000    0.645406
 1501.000000    0.633089
 1506.000000    0.603484
 1511.000000    0.629658
 1516.000000    0.648620
 1521.000000    0.696278
 1526.000000    0.714924
 1531.000000    0.720076
 1536.000000    0.711725
 1541.000000    0.737976
 1546.000000    0.778236
 1551.000000    0.802568
 1556.000000    0.810879
 1561.000000    0.800100
 1566.000000    0.789952
 1571.000000    0.775556
 1576.000000    0.773125
 1581.000000    0.740938
 1586.000000    0.700247
 1591.000000    0.683271
 1596.000000    0.661845
 1601.000000    0.680828
 1606.000000    0.676550
 1611.000000    0.680439
 1616.000000    0.653917
 1621.000000    0.650855
 1626.000000    0.698119
 1631.000000    0.709331
 1636.000000    0.737123
 1641.000000    0.759621
 1646.000000    0.746150
 1651.000000    0.757320
 1656.000000    0.766860
 1661.000000    0.742638
 1666.000000    0.717519
 1671.000000    0.694356
 1676.000000    0.660217
 1681.000000    0.614994
 1686.000000    0.583827
 1691.000000    0.571418
 1696.000000    0.579928
 1701.000000    0.619017
 1706.000000    0.645915
 1711.000000    0.618116
 1716.000000    0.652310
 1721.000000    0.627404
 1726.000000    0.618329
 1731.000000    0.655762
 1736.000000    0.643538
 1741.000000    0.651041
 1746.000000    0.634604
 1751.000000    0.639828
 1756.000000    0.637838
 1761.000000    0.604528
 1766.000000    0.603244
 1771.000000    0.602242
 1776.000000    0.647360
 1781.000000    0.650327
 1786.000000    0.644666
 1791.000000    0.623912
 1796.000000    0.624329
 1801.000000    0.644502
 1806.000000    0.655743
 1811.000000    0.659248
 1816.000000    0.662183
 1821.000000    0.675997
 1826.000000    0.677088
 1831.000000    0.678334
 1836.000000    0.689316
 1841.000000    0.728846
 1846.000000    0.742721
