#  pixel_depth  alphabetafraction   >  Analysis of alpha beta fraction
   85.000000    0.561733
   90.000000    0.558304
   95.000000    0.555203
  100.000000    0.560442
  105.000000    0.576385
  110.000000    0.572900
  115.000000    0.566080
  120.000000    0.626718
  125.000000    0.677118
  130.000000    0.677282
  135.000000    0.659343
  140.000000    0.645312
  145.000000    0.622758
  150.000000    0.631563
  155.000000    0.607443
  160.000000    0.586241
  165.000000    0.593424
  170.000000    0.585284
  175.000000    0.604110
  180.000000    0.577839
  185.000000    0.573089
  190.000000    0.542535
  195.000000    0.525179
  200.000000    0.534898
  205.000000    0.502973
  210.000000    0.506746
  215.000000    0.530775
  220.000000    0.550634
  225.000000    0.540176
  230.000000    0.540341
  235.000000    0.555763
  240.000000    0.555903
  245.000000    0.573544
  250.000000    0.571123
  255.000000    0.557156
  260.000000    0.559468
  265.000000    0.530288
  270.000000    0.521472
  275.000000    0.548280
  280.000000    0.606738
  285.000000    0.642683
  290.000000    0.624142
  295.000000    0.628361
  300.000000    0.625964
  305.000000    0.658577
  310.000000    0.658995
  315.000000    0.628680
  320.000000    0.616709
  325.000000    0.619397
  330.000000    0.626504
  335.000000    0.603592
  340.000000    0.575340
  345.000000    0.553909
  350.000000    0.560011
  355.000000    0.539124
  360.000000    0.540197
  365.000000    0.541293
  370.000000    0.502054
  375.000000    0.554966
  380.000000    0.569529
  385.000000    0.552586
  390.000000    0.515218
  395.000000    0.496154
  400.000000    0.513459
  405.000000    0.553402
  410.000000    0.561267
  415.000000    0.585491
  420.000000    0.616490
  425.000000    0.642878
  430.000000    0.644541
  435.000000    0.621414
  440.000000    0.630398
  445.000000    0.633374
  450.000000    0.643695
  455.000000    0.623811
  460.000000    0.582908
  465.000000    0.574493
  470.000000    0.576252
  475.000000    0.548378
  480.000000    0.574428
  485.000000    0.600758
  490.000000    0.592399
  495.000000    0.578766
  500.000000    0.586421
  505.000000    0.610336
  510.000000    0.626492
  515.000000    0.603964
  520.000000    0.615215
  525.000000    0.595694
  530.000000    0.567340
  535.000000    0.557688
  540.000000    0.575614
  545.000000    0.577265
  550.000000    0.579992
  555.000000    0.584124
  560.000000    0.559211
  565.000000    0.560715
  570.000000    0.531210
  575.000000    0.509072
  580.000000    0.527261
  585.000000    0.550564
  590.000000    0.549057
  595.000000    0.581052
  600.000000    0.615589
  605.000000    0.621887
  610.000000    0.636103
  615.000000    0.651014
  620.000000    0.661789
  625.000000    0.690089
  630.000000    0.698388
  635.000000    0.694588
  640.000000    0.662645
  645.000000    0.621662
  650.000000    0.628540
  655.000000    0.628538
  660.000000    0.604284
  665.000000    0.578834
  670.000000    0.595562
  675.000000    0.585281
  680.000000    0.608500
  685.000000    0.595052
  690.000000    0.642111
  695.000000    0.669423
  700.000000    0.651782
  705.000000    0.644474
  710.000000    0.638060
  715.000000    0.624421
  720.000000    0.627585
  725.000000    0.632106
  730.000000    0.648060
  735.000000    0.655893
  740.000000    0.619866
  745.000000    0.613861
  750.000000    0.626343
  755.000000    0.594392
  760.000000    0.597937
  765.000000    0.621442
  770.000000    0.655857
  775.000000    0.648077
  780.000000    0.621220
  785.000000    0.620396
  790.000000    0.611762
  795.000000    0.609509
  800.000000    0.596056
  805.000000    0.569831
  810.000000    0.526947
  815.000000    0.495819
  820.000000    0.490296
  825.000000    0.499604
  830.000000    0.505074
  835.000000    0.507487
  840.000000    0.514223
  845.000000    0.519487
  850.000000    0.548768
  855.000000    0.570893
  860.000000    0.593615
  865.000000    0.594574
  870.000000    0.605351
  875.000000    0.624426
  880.000000    0.590709
  885.000000    0.573428
  890.000000    0.552792
  895.000000    0.518484
  900.000000    0.502846
  905.000000    0.498416
  910.000000    0.524916
  915.000000    0.541156
  920.000000    0.540597
  925.000000    0.547963
  930.000000    0.568805
  935.000000    0.565537
  940.000000    0.559319
  945.000000    0.577848
  950.000000    0.548201
  955.000000    0.508756
  960.000000    0.494029
  965.000000    0.527887
  970.000000    0.521656
  975.000000    0.502384
  980.000000    0.508758
  985.000000    0.495766
  990.000000    0.493085
  995.000000    0.495406
 1000.000000    0.500297
 1005.000000    0.540209
 1010.000000    0.551549
 1015.000000    0.572081
 1020.000000    0.581951
 1025.000000    0.625222
 1030.000000    0.653467
 1035.000000    0.665631
 1040.000000    0.672989
 1045.000000    0.640879
 1050.000000    0.645456
 1055.000000    0.650774
 1060.000000    0.636106
 1065.000000    0.612496
 1070.000000    0.595783
 1075.000000    0.596625
 1080.000000    0.598884
 1085.000000    0.590641
 1090.000000    0.600134
 1095.000000    0.605587
 1100.000000    0.590279
 1105.000000    0.581373
 1110.000000    0.586552
 1115.000000    0.575261
 1120.000000    0.578600
 1125.000000    0.638634
 1130.000000    0.644194
 1135.000000    0.659048
 1140.000000    0.671767
 1145.000000    0.700599
 1150.000000    0.689771
 1155.000000    0.705814
 1160.000000    0.683045
 1165.000000    0.653037
 1170.000000    0.618144
 1175.000000    0.561935
 1180.000000    0.519487
 1185.000000    0.501182
 1190.000000    0.459083
 1195.000000    0.402202
 1200.000000    0.404246
 1205.000000    0.459859
 1210.000000    0.527339
 1215.000000    0.535297
 1220.000000    0.569748
 1225.000000    0.578442
 1230.000000    0.602375
 1235.000000    0.631975
 1240.000000    0.637704
 1245.000000    0.630096
 1250.000000    0.622282
 1255.000000    0.645415
 1260.000000    0.640142
 1265.000000    0.662438
 1270.000000    0.658662
 1275.000000    0.642651
 1280.000000    0.623872
 1285.000000    0.583372
 1290.000000    0.561078
 1295.000000    0.555151
 1300.000000    0.586993
 1305.000000    0.620164
 1310.000000    0.628259
 1315.000000    0.579798
 1320.000000    0.568955
 1325.000000    0.577746
 1330.000000    0.611991
 1335.000000    0.639285
 1340.000000    0.654604
 1345.000000    0.660497
 1350.000000    0.641532
 1355.000000    0.638985
 1360.000000    0.640630
 1365.000000    0.650689
 1370.000000    0.646265
 1375.000000    0.628664
 1380.000000    0.599292
 1385.000000    0.580426
 1390.000000    0.578384
 1395.000000    0.564705
 1400.000000    0.549961
 1405.000000    0.527484
 1410.000000    0.532019
 1415.000000    0.530973
 1420.000000    0.540816
 1425.000000    0.561374
 1430.000000    0.575791
 1435.000000    0.550988
 1440.000000    0.569048
 1445.000000    0.559593
 1450.000000    0.577093
 1455.000000    0.615782
 1460.000000    0.584566
 1465.000000    0.549105
 1470.000000    0.519292
 1475.000000    0.501587
 1480.000000    0.513837
 1485.000000    0.495991
 1490.000000    0.481626
 1495.000000    0.514973
 1500.000000    0.505012
 1505.000000    0.495602
 1510.000000    0.526660
 1515.000000    0.528826
 1520.000000    0.534172
 1525.000000    0.539001
 1530.000000    0.541928
 1535.000000    0.541145
 1540.000000    0.532908
 1545.000000    0.526295
 1550.000000    0.497482
 1555.000000    0.483125
 1560.000000    0.512376
 1565.000000    0.530167
 1570.000000    0.540843
 1575.000000    0.536879
 1580.000000    0.519068
 1585.000000    0.541548
 1590.000000    0.583838
 1595.000000    0.587534
 1600.000000    0.584348
 1605.000000    0.591602
 1610.000000    0.600189
 1615.000000    0.599227
 1620.000000    0.577761
 1625.000000    0.614867
 1630.000000    0.619635
 1635.000000    0.630631
 1640.000000    0.628592
 1645.000000    0.595917
 1650.000000    0.587548
 1655.000000    0.621259
 1660.000000    0.639155
