#  pixel_depth  alphabetafraction   >  Analysis of alpha beta fraction
  146.000000    0.896631
  151.000000    0.891237
  156.000000    0.877909
  161.000000    0.888589
  166.000000    0.900202
  171.000000    0.897065
  176.000000    0.901336
  181.000000    0.914672
  186.000000    0.922459
  191.000000    0.921023
  196.000000    0.915206
  201.000000    0.926121
  206.000000    0.918903
  211.000000    0.893379
  216.000000    0.885357
  221.000000    0.884951
  226.000000    0.873104
  231.000000    0.846361
  236.000000    0.833291
  241.000000    0.850289
  246.000000    0.879628
  251.000000    0.895106
  256.000000    0.884623
  261.000000    0.888638
  266.000000    0.889966
  271.000000    0.878612
  276.000000    0.889606
  281.000000    0.876432
  286.000000    0.842165
  291.000000    0.823118
  296.000000    0.798477
  301.000000    0.794323
  306.000000    0.773668
  311.000000    0.769046
  316.000000    0.750980
  321.000000    0.748806
  326.000000    0.756514
  331.000000    0.750143
  336.000000    0.791687
  341.000000    0.830335
  346.000000    0.843065
  351.000000    0.863708
  356.000000    0.889430
  361.000000    0.886165
  366.000000    0.908621
  371.000000    0.899034
  376.000000    0.914727
  381.000000    0.910380
  386.000000    0.902979
  391.000000    0.885048
  396.000000    0.858228
  401.000000    0.814334
  406.000000    0.793296
  411.000000    0.761558
  416.000000    0.768129
  421.000000    0.753369
  426.000000    0.738980
  431.000000    0.729771
  436.000000    0.720032
  441.000000    0.708326
  446.000000    0.691037
  451.000000    0.705536
  456.000000    0.703435
  461.000000    0.737293
  466.000000    0.762337
  471.000000    0.777048
  476.000000    0.794267
  481.000000    0.832470
  486.000000    0.861060
  491.000000    0.862409
  496.000000    0.850401
  501.000000    0.845079
  506.000000    0.843219
  511.000000    0.834113
  516.000000    0.820150
  521.000000    0.764666
  526.000000    0.782889
  531.000000    0.825770
  536.000000    0.865537
  541.000000    0.873265
  546.000000    0.884441
  551.000000    0.859701
  556.000000    0.817020
  561.000000    0.807656
  566.000000    0.808634
  571.000000    0.786536
  576.000000    0.774451
  581.000000    0.759066
  586.000000    0.747642
  591.000000    0.752149
  596.000000    0.732141
  601.000000    0.720938
  606.000000    0.752264
  611.000000    0.760367
  616.000000    0.794283
  621.000000    0.787515
  626.000000    0.752723
  631.000000    0.761993
  636.000000    0.817064
  641.000000    0.837469
  646.000000    0.835982
  651.000000    0.853332
  656.000000    0.842929
  661.000000    0.835538
  666.000000    0.827358
  671.000000    0.799779
  676.000000    0.818134
  681.000000    0.806211
  686.000000    0.816898
  691.000000    0.810586
  696.000000    0.779664
  701.000000    0.753899
  706.000000    0.744914
  711.000000    0.742627
  716.000000    0.762710
  721.000000    0.757391
  726.000000    0.766931
  731.000000    0.799226
  736.000000    0.797512
  741.000000    0.794761
  746.000000    0.814250
  751.000000    0.830049
  756.000000    0.833065
  761.000000    0.834343
  766.000000    0.826300
  771.000000    0.823730
  776.000000    0.801653
  781.000000    0.814869
  786.000000    0.815764
  791.000000    0.827393
  796.000000    0.815895
  801.000000    0.804828
  806.000000    0.811382
  811.000000    0.817781
  816.000000    0.817890
  821.000000    0.785250
  826.000000    0.785228
  831.000000    0.757558
  836.000000    0.752610
  841.000000    0.747329
  846.000000    0.744325
  851.000000    0.759532
  856.000000    0.817905
  861.000000    0.824501
  866.000000    0.829877
  871.000000    0.819662
  876.000000    0.806969
  881.000000    0.788977
  886.000000    0.780728
  891.000000    0.797441
  896.000000    0.771373
  901.000000    0.777558
  906.000000    0.778317
  911.000000    0.750545
  916.000000    0.810918
  921.000000    0.828467
  926.000000    0.843238
  931.000000    0.869110
  936.000000    0.894664
  941.000000    0.899671
  946.000000    0.891599
  951.000000    0.877020
  956.000000    0.870223
  961.000000    0.864487
  966.000000    0.848195
  971.000000    0.810773
  976.000000    0.774649
  981.000000    0.771905
  986.000000    0.761612
  991.000000    0.796386
  996.000000    0.816659
 1001.000000    0.812775
 1006.000000    0.835448
 1011.000000    0.831530
 1016.000000    0.853698
 1021.000000    0.857503
 1026.000000    0.841712
 1031.000000    0.844867
 1036.000000    0.828545
 1041.000000    0.825377
 1046.000000    0.825868
 1051.000000    0.829745
 1056.000000    0.824389
 1061.000000    0.831313
 1066.000000    0.816966
 1071.000000    0.796133
 1076.000000    0.800758
 1081.000000    0.802211
 1086.000000    0.806431
 1091.000000    0.795874
 1096.000000    0.800074
 1101.000000    0.792766
 1106.000000    0.772562
 1111.000000    0.760177
 1116.000000    0.773320
 1121.000000    0.771902
 1126.000000    0.764958
 1131.000000    0.736035
 1136.000000    0.741054
 1141.000000    0.740922
 1146.000000    0.740221
 1151.000000    0.743090
 1156.000000    0.769789
 1161.000000    0.758876
 1166.000000    0.734858
 1171.000000    0.737358
 1176.000000    0.766281
 1181.000000    0.780531
 1186.000000    0.787462
 1191.000000    0.771817
 1196.000000    0.783155
 1201.000000    0.776502
 1206.000000    0.790171
 1211.000000    0.826157
 1216.000000    0.840292
 1221.000000    0.857855
 1226.000000    0.834495
 1231.000000    0.830116
 1236.000000    0.851726
 1241.000000    0.827079
 1246.000000    0.781009
 1251.000000    0.765788
 1256.000000    0.758620
 1261.000000    0.795759
 1266.000000    0.794006
 1271.000000    0.787414
 1276.000000    0.774236
 1281.000000    0.778964
 1286.000000    0.739959
 1291.000000    0.731646
 1296.000000    0.747623
 1301.000000    0.752903
 1306.000000    0.759490
 1311.000000    0.769078
 1316.000000    0.769905
 1321.000000    0.785177
 1326.000000    0.780651
 1331.000000    0.787967
 1336.000000    0.727722
 1341.000000    0.691940
 1346.000000    0.727861
 1351.000000    0.740661
 1356.000000    0.751575
 1361.000000    0.745603
 1366.000000    0.762231
 1371.000000    0.731507
 1376.000000    0.733865
 1381.000000    0.712543
 1386.000000    0.703499
 1391.000000    0.702049
 1396.000000    0.740534
 1401.000000    0.754343
 1406.000000    0.770367
 1411.000000    0.755425
 1416.000000    0.760139
 1421.000000    0.747580
 1426.000000    0.755829
 1431.000000    0.745681
 1436.000000    0.741675
 1441.000000    0.736737
 1446.000000    0.765660
 1451.000000    0.756136
 1456.000000    0.750947
 1461.000000    0.711892
 1466.000000    0.725147
 1471.000000    0.735051
 1476.000000    0.753005
 1481.000000    0.778145
 1486.000000    0.766745
 1491.000000    0.783978
 1496.000000    0.788760
 1501.000000    0.826437
 1506.000000    0.832297
 1511.000000    0.806584
 1516.000000    0.794046
 1521.000000    0.760263
 1526.000000    0.725002
 1531.000000    0.757692
 1536.000000    0.781709
 1541.000000    0.796635
 1546.000000    0.813140
 1551.000000    0.803724
 1556.000000    0.784813
 1561.000000    0.768675
 1566.000000    0.773222
 1571.000000    0.734618
 1576.000000    0.690224
 1581.000000    0.740195
 1586.000000    0.772665
 1591.000000    0.786284
 1596.000000    0.829207
 1601.000000    0.834485
 1606.000000    0.830932
 1611.000000    0.804827
 1616.000000    0.822458
 1621.000000    0.815883
 1626.000000    0.813177
 1631.000000    0.806153
 1636.000000    0.803282
 1641.000000    0.810440
 1646.000000    0.804072
 1651.000000    0.784004
 1656.000000    0.785727
 1661.000000    0.787719
 1666.000000    0.805348
 1671.000000    0.801892
 1676.000000    0.777804
 1681.000000    0.744148
 1686.000000    0.747358
 1691.000000    0.767933
 1696.000000    0.775109
 1701.000000    0.812243
 1706.000000    0.837109
 1711.000000    0.837158
 1716.000000    0.851610
 1721.000000    0.846398
 1726.000000    0.824685
 1731.000000    0.789964
 1736.000000    0.770142
 1741.000000    0.748993
 1746.000000    0.705798
 1751.000000    0.662654
 1756.000000    0.661875
 1761.000000    0.725169
 1766.000000    0.745787
 1771.000000    0.764030
 1776.000000    0.778012
 1781.000000    0.809968
 1786.000000    0.785091
 1791.000000    0.761857
 1796.000000    0.771037
 1801.000000    0.764603
 1806.000000    0.785055
 1811.000000    0.792296
 1816.000000    0.813811
 1821.000000    0.835361
 1826.000000    0.844067
 1831.000000    0.850817
 1836.000000    0.858240
 1841.000000    0.870665
 1846.000000    0.859598
 1851.000000    0.862700
 1856.000000    0.874281
 1861.000000    0.874061
 1866.000000    0.860964
 1871.000000    0.861472
 1876.000000    0.838038
 1881.000000    0.804729
 1886.000000    0.769172
 1891.000000    0.731452
 1896.000000    0.747519
 1901.000000    0.763402
 1906.000000    0.767604
 1911.000000    0.783640
 1916.000000    0.808851
 1921.000000    0.803200
 1926.000000    0.805154
 1931.000000    0.784268
 1936.000000    0.785019
 1941.000000    0.811137
