#  pixel_depth  alphabetafraction   >  Analysis of alpha beta fraction
  176.000000    0.694839
  181.000000    0.733718
  186.000000    0.738813
  191.000000    0.758122
  196.000000    0.773300
  201.000000    0.784877
  206.000000    0.777228
  211.000000    0.774593
  216.000000    0.771060
  221.000000    0.752031
  226.000000    0.758583
  231.000000    0.768633
  236.000000    0.757062
  241.000000    0.706780
  246.000000    0.669915
  251.000000    0.660526
  256.000000    0.670887
  261.000000    0.662081
  266.000000    0.673469
  271.000000    0.744044
  276.000000    0.744294
  281.000000    0.701707
  286.000000    0.702199
  291.000000    0.736246
  296.000000    0.744436
  301.000000    0.762015
  306.000000    0.765867
  311.000000    0.731638
  316.000000    0.775912
  321.000000    0.803215
  326.000000    0.815739
  331.000000    0.845813
  336.000000    0.833130
  341.000000    0.827128
  346.000000    0.840076
  351.000000    0.839184
  356.000000    0.821670
  361.000000    0.797616
  366.000000    0.761009
  371.000000    0.747423
  376.000000    0.742707
  381.000000    0.705228
  386.000000    0.684337
  391.000000    0.711628
  396.000000    0.717394
  401.000000    0.720822
  406.000000    0.703504
  411.000000    0.683861
  416.000000    0.673218
  421.000000    0.653449
  426.000000    0.614080
  431.000000    0.594416
  436.000000    0.646667
  441.000000    0.692257
  446.000000    0.719942
  451.000000    0.730812
  456.000000    0.744705
  461.000000    0.755352
  466.000000    0.752485
  471.000000    0.733214
  476.000000    0.720130
  481.000000    0.705861
  486.000000    0.688021
  491.000000    0.681053
  496.000000    0.664900
  501.000000    0.666689
  506.000000    0.664735
  511.000000    0.677279
  516.000000    0.714433
  521.000000    0.751849
  526.000000    0.748434
  531.000000    0.735280
  536.000000    0.694113
  541.000000    0.687101
  546.000000    0.692088
  551.000000    0.721443
  556.000000    0.726491
  561.000000    0.719644
  566.000000    0.684644
  571.000000    0.700563
  576.000000    0.708253
  581.000000    0.710655
  586.000000    0.747103
  591.000000    0.779007
  596.000000    0.825263
  601.000000    0.828158
  606.000000    0.838837
  611.000000    0.827036
  616.000000    0.821339
  621.000000    0.852939
  626.000000    0.864154
  631.000000    0.835807
  636.000000    0.837011
  641.000000    0.835264
  646.000000    0.823660
  651.000000    0.790543
  656.000000    0.761693
  661.000000    0.728543
  666.000000    0.706551
  671.000000    0.666820
  676.000000    0.678171
  681.000000    0.698649
  686.000000    0.737812
  691.000000    0.738663
  696.000000    0.755888
  701.000000    0.768313
  706.000000    0.767946
  711.000000    0.754582
  716.000000    0.740533
  721.000000    0.745457
  726.000000    0.719975
  731.000000    0.701600
  736.000000    0.699364
  741.000000    0.708990
  746.000000    0.691148
  751.000000    0.693245
  756.000000    0.700952
  761.000000    0.707891
  766.000000    0.736601
  771.000000    0.731423
  776.000000    0.726067
  781.000000    0.716309
  786.000000    0.690175
  791.000000    0.666629
  796.000000    0.708032
  801.000000    0.747751
  806.000000    0.747885
  811.000000    0.751875
  816.000000    0.781538
  821.000000    0.814311
  826.000000    0.839375
  831.000000    0.828183
  836.000000    0.822215
  841.000000    0.791390
  846.000000    0.770218
  851.000000    0.743592
  856.000000    0.727999
  861.000000    0.697858
  866.000000    0.671129
  871.000000    0.665331
  876.000000    0.644723
  881.000000    0.635629
  886.000000    0.617348
  891.000000    0.596917
  896.000000    0.565011
  901.000000    0.551892
  906.000000    0.592018
  911.000000    0.598750
  916.000000    0.635929
  921.000000    0.687823
  926.000000    0.735307
  931.000000    0.767113
  936.000000    0.800696
  941.000000    0.811255
  946.000000    0.817071
  951.000000    0.810828
  956.000000    0.800443
  961.000000    0.783972
  966.000000    0.764373
  971.000000    0.789108
  976.000000    0.780742
  981.000000    0.777061
  986.000000    0.718229
  991.000000    0.680030
  996.000000    0.646538
 1001.000000    0.631264
 1006.000000    0.681538
 1011.000000    0.691180
 1016.000000    0.658725
 1021.000000    0.653441
 1026.000000    0.634907
 1031.000000    0.624886
 1036.000000    0.631026
 1041.000000    0.642236
 1046.000000    0.622585
 1051.000000    0.626529
 1056.000000    0.648099
 1061.000000    0.684150
 1066.000000    0.726358
 1071.000000    0.715312
 1076.000000    0.706232
 1081.000000    0.709273
 1086.000000    0.717505
 1091.000000    0.713295
 1096.000000    0.688939
 1101.000000    0.695543
 1106.000000    0.681989
 1111.000000    0.667355
 1116.000000    0.693114
 1121.000000    0.712303
 1126.000000    0.720336
 1131.000000    0.687709
 1136.000000    0.651264
 1141.000000    0.649959
 1146.000000    0.652170
 1151.000000    0.665584
 1156.000000    0.698517
 1161.000000    0.668327
 1166.000000    0.651541
 1171.000000    0.657854
 1176.000000    0.691081
 1181.000000    0.722656
 1186.000000    0.732878
 1191.000000    0.709099
 1196.000000    0.682525
 1201.000000    0.631501
 1206.000000    0.635502
 1211.000000    0.659299
 1216.000000    0.675284
 1221.000000    0.643059
 1226.000000    0.653801
 1231.000000    0.680826
 1236.000000    0.712252
 1241.000000    0.750594
 1246.000000    0.779794
 1251.000000    0.807030
 1256.000000    0.812507
 1261.000000    0.823644
 1266.000000    0.840967
 1271.000000    0.834434
 1276.000000    0.819118
 1281.000000    0.791481
 1286.000000    0.751541
 1291.000000    0.739430
 1296.000000    0.729001
 1301.000000    0.753429
 1306.000000    0.762384
 1311.000000    0.765274
 1316.000000    0.756917
 1321.000000    0.747177
 1326.000000    0.763186
 1331.000000    0.779041
 1336.000000    0.762691
 1341.000000    0.776235
 1346.000000    0.806484
 1351.000000    0.805445
 1356.000000    0.778886
 1361.000000    0.788020
 1366.000000    0.812925
 1371.000000    0.818450
 1376.000000    0.814663
 1381.000000    0.792269
 1386.000000    0.782986
 1391.000000    0.792451
 1396.000000    0.799688
 1401.000000    0.791617
 1406.000000    0.760860
 1411.000000    0.749587
 1416.000000    0.736230
 1421.000000    0.726071
 1426.000000    0.741963
 1431.000000    0.739596
 1436.000000    0.716459
 1441.000000    0.714551
 1446.000000    0.741129
 1451.000000    0.782907
 1456.000000    0.757454
 1461.000000    0.733455
 1466.000000    0.710033
 1471.000000    0.698800
 1476.000000    0.691628
 1481.000000    0.701685
 1486.000000    0.710864
 1491.000000    0.724956
 1496.000000    0.731837
 1501.000000    0.730987
 1506.000000    0.721570
 1511.000000    0.730258
 1516.000000    0.740171
 1521.000000    0.748080
 1526.000000    0.747146
 1531.000000    0.719193
 1536.000000    0.752502
 1541.000000    0.753958
 1546.000000    0.751939
 1551.000000    0.757858
 1556.000000    0.731076
 1561.000000    0.721631
 1566.000000    0.707505
 1571.000000    0.694745
 1576.000000    0.709301
 1581.000000    0.712688
 1586.000000    0.693875
 1591.000000    0.684922
 1596.000000    0.668285
 1601.000000    0.678971
 1606.000000    0.715655
 1611.000000    0.723436
 1616.000000    0.699272
 1621.000000    0.675940
 1626.000000    0.652563
 1631.000000    0.615237
 1636.000000    0.593587
 1641.000000    0.597592
 1646.000000    0.607218
 1651.000000    0.610277
 1656.000000    0.618652
 1661.000000    0.641238
 1666.000000    0.641759
 1671.000000    0.652507
 1676.000000    0.640460
 1681.000000    0.655497
 1686.000000    0.707948
 1691.000000    0.716934
 1696.000000    0.735465
 1701.000000    0.752166
 1706.000000    0.746281
 1711.000000    0.731928
 1716.000000    0.735760
 1721.000000    0.772674
 1726.000000    0.791018
 1731.000000    0.778581
 1736.000000    0.769539
 1741.000000    0.745287
 1746.000000    0.723129
 1751.000000    0.733591
 1756.000000    0.688991
 1761.000000    0.608096
 1766.000000    0.580586
 1771.000000    0.615146
 1776.000000    0.660604
 1781.000000    0.634539
 1786.000000    0.635546
 1791.000000    0.617589
 1796.000000    0.629039
 1801.000000    0.640488
 1806.000000    0.655189
 1811.000000    0.677764
 1816.000000    0.685234
 1821.000000    0.682606
 1826.000000    0.660659
 1831.000000    0.664759
 1836.000000    0.702826
 1841.000000    0.723510
 1846.000000    0.710339
 1851.000000    0.694865
 1856.000000    0.718460
 1861.000000    0.726217
 1866.000000    0.768583
 1871.000000    0.787857
 1876.000000    0.812052
 1881.000000    0.833644
 1886.000000    0.840975
 1891.000000    0.847172
 1896.000000    0.830324
 1901.000000    0.839007
 1906.000000    0.851962
 1911.000000    0.855275
