#  pixel_depth  alphabetafraction   >  Analysis of alpha beta fraction
   55.000000    0.837053
   60.000000    0.808455
   65.000000    0.788946
   70.000000    0.756150
   75.000000    0.727266
   80.000000    0.690998
   85.000000    0.679097
   90.000000    0.703955
   95.000000    0.661453
  100.000000    0.609149
  105.000000    0.583631
  110.000000    0.534977
  115.000000    0.596628
  120.000000    0.615347
  125.000000    0.642258
  130.000000    0.668238
  135.000000    0.667572
  140.000000    0.701843
  145.000000    0.720633
  150.000000    0.723346
  155.000000    0.754229
  160.000000    0.745543
  165.000000    0.766879
  170.000000    0.775976
  175.000000    0.799120
  180.000000    0.821723
  185.000000    0.805893
  190.000000    0.772523
  195.000000    0.804859
  200.000000    0.816088
  205.000000    0.799445
  210.000000    0.780902
  215.000000    0.764847
  220.000000    0.745995
  225.000000    0.732392
  230.000000    0.705657
  235.000000    0.694023
  240.000000    0.654006
  245.000000    0.623403
  250.000000    0.626350
  255.000000    0.636582
  260.000000    0.668435
  265.000000    0.650988
  270.000000    0.659095
  275.000000    0.666158
  280.000000    0.689759
  285.000000    0.729768
  290.000000    0.698374
  295.000000    0.709045
  300.000000    0.732526
  305.000000    0.751924
  310.000000    0.780123
  315.000000    0.808079
  320.000000    0.793149
  325.000000    0.779716
  330.000000    0.764893
  335.000000    0.768214
  340.000000    0.770795
  345.000000    0.765097
  350.000000    0.761508
  355.000000    0.758512
  360.000000    0.773854
  365.000000    0.801511
  370.000000    0.813324
  375.000000    0.818919
  380.000000    0.790528
  385.000000    0.761686
  390.000000    0.738848
  395.000000    0.732097
  400.000000    0.710819
  405.000000    0.725034
  410.000000    0.747795
  415.000000    0.783361
  420.000000    0.813376
  425.000000    0.821599
  430.000000    0.796626
  435.000000    0.748364
  440.000000    0.754692
  445.000000    0.735433
  450.000000    0.701551
  455.000000    0.701484
  460.000000    0.697130
  465.000000    0.700099
  470.000000    0.709058
  475.000000    0.749527
  480.000000    0.785814
  485.000000    0.782258
  490.000000    0.753397
  495.000000    0.750737
  500.000000    0.731638
  505.000000    0.728599
  510.000000    0.740031
  515.000000    0.760393
  520.000000    0.760667
  525.000000    0.737614
  530.000000    0.745756
  535.000000    0.723385
  540.000000    0.732737
  545.000000    0.717274
  550.000000    0.669275
  555.000000    0.629948
  560.000000    0.624214
  565.000000    0.605168
  570.000000    0.614410
  575.000000    0.633218
  580.000000    0.645991
  585.000000    0.660694
  590.000000    0.673683
  595.000000    0.640920
  600.000000    0.650063
  605.000000    0.691672
  610.000000    0.728507
  615.000000    0.713427
  620.000000    0.700419
  625.000000    0.706927
  630.000000    0.772599
  635.000000    0.821023
  640.000000    0.811406
  645.000000    0.776649
  650.000000    0.761391
  655.000000    0.758703
  660.000000    0.706220
  665.000000    0.690374
  670.000000    0.725237
  675.000000    0.763512
  680.000000    0.775464
  685.000000    0.824472
  690.000000    0.849323
  695.000000    0.831932
  700.000000    0.798159
  705.000000    0.789731
  710.000000    0.759177
  715.000000    0.719655
  720.000000    0.719093
  725.000000    0.694783
  730.000000    0.684889
  735.000000    0.692626
  740.000000    0.674118
  745.000000    0.674796
  750.000000    0.686678
  755.000000    0.710497
  760.000000    0.700067
  765.000000    0.686905
  770.000000    0.687308
  775.000000    0.676469
  780.000000    0.669038
  785.000000    0.664272
  790.000000    0.685042
  795.000000    0.673270
  800.000000    0.666915
  805.000000    0.644540
  810.000000    0.674321
  815.000000    0.692320
  820.000000    0.700080
  825.000000    0.694593
  830.000000    0.738132
  835.000000    0.769013
  840.000000    0.781729
  845.000000    0.804090
  850.000000    0.823019
  855.000000    0.830363
  860.000000    0.829387
  865.000000    0.810816
  870.000000    0.802402
  875.000000    0.793189
  880.000000    0.791765
  885.000000    0.809700
  890.000000    0.822404
  895.000000    0.810668
  900.000000    0.811201
  905.000000    0.806754
  910.000000    0.817959
  915.000000    0.807226
  920.000000    0.802566
  925.000000    0.776978
  930.000000    0.763212
  935.000000    0.724161
  940.000000    0.683486
  945.000000    0.678350
  950.000000    0.691903
  955.000000    0.691995
  960.000000    0.659718
  965.000000    0.652678
  970.000000    0.677129
  975.000000    0.693680
  980.000000    0.706112
  985.000000    0.710111
  990.000000    0.740943
  995.000000    0.765671
 1000.000000    0.790779
 1005.000000    0.746125
 1010.000000    0.766784
 1015.000000    0.784386
 1020.000000    0.796929
 1025.000000    0.810939
 1030.000000    0.812683
 1035.000000    0.806211
 1040.000000    0.803526
 1045.000000    0.801308
 1050.000000    0.796996
 1055.000000    0.782216
 1060.000000    0.743966
 1065.000000    0.698034
 1070.000000    0.700196
 1075.000000    0.694314
 1080.000000    0.674275
 1085.000000    0.664866
 1090.000000    0.671187
 1095.000000    0.687793
 1100.000000    0.684647
 1105.000000    0.713247
 1110.000000    0.726621
 1115.000000    0.748046
 1120.000000    0.761165
 1125.000000    0.783796
 1130.000000    0.768786
 1135.000000    0.733905
 1140.000000    0.704883
 1145.000000    0.693053
 1150.000000    0.714335
 1155.000000    0.700367
 1160.000000    0.686990
 1165.000000    0.676321
 1170.000000    0.649827
 1175.000000    0.628700
 1180.000000    0.643499
 1185.000000    0.610021
 1190.000000    0.602423
 1195.000000    0.597928
 1200.000000    0.579024
 1205.000000    0.562447
 1210.000000    0.541842
 1215.000000    0.517153
 1220.000000    0.530087
 1225.000000    0.537568
 1230.000000    0.565624
 1235.000000    0.594799
 1240.000000    0.603028
 1245.000000    0.617807
 1250.000000    0.645251
 1255.000000    0.658800
 1260.000000    0.624395
 1265.000000    0.663648
 1270.000000    0.706859
 1275.000000    0.737295
 1280.000000    0.741745
 1285.000000    0.710972
 1290.000000    0.698519
 1295.000000    0.736213
 1300.000000    0.777850
 1305.000000    0.815374
 1310.000000    0.812963
 1315.000000    0.811756
 1320.000000    0.796205
 1325.000000    0.778159
 1330.000000    0.764417
 1335.000000    0.726524
 1340.000000    0.719255
 1345.000000    0.700953
 1350.000000    0.689818
 1355.000000    0.679374
 1360.000000    0.714245
 1365.000000    0.747570
 1370.000000    0.788387
 1375.000000    0.776614
 1380.000000    0.747570
 1385.000000    0.730089
 1390.000000    0.693111
 1395.000000    0.667017
 1400.000000    0.706356
 1405.000000    0.724989
 1410.000000    0.729614
 1415.000000    0.747028
 1420.000000    0.736910
 1425.000000    0.753173
 1430.000000    0.729856
 1435.000000    0.693261
 1440.000000    0.659297
 1445.000000    0.621051
 1450.000000    0.623394
 1455.000000    0.657975
 1460.000000    0.663784
 1465.000000    0.658471
 1470.000000    0.689328
 1475.000000    0.722578
 1480.000000    0.744086
 1485.000000    0.766301
 1490.000000    0.757890
 1495.000000    0.776181
 1500.000000    0.794414
 1505.000000    0.790038
 1510.000000    0.786145
 1515.000000    0.779935
 1520.000000    0.757581
 1525.000000    0.751051
 1530.000000    0.729339
 1535.000000    0.708564
 1540.000000    0.660646
 1545.000000    0.619397
 1550.000000    0.608869
 1555.000000    0.554923
 1560.000000    0.503617
 1565.000000    0.533837
 1570.000000    0.566544
 1575.000000    0.598969
 1580.000000    0.619767
 1585.000000    0.620796
 1590.000000    0.613286
 1595.000000    0.616845
 1600.000000    0.642561
 1605.000000    0.647511
 1610.000000    0.669428
 1615.000000    0.696003
 1620.000000    0.708597
 1625.000000    0.742060
 1630.000000    0.779864
 1635.000000    0.803507
 1640.000000    0.813673
 1645.000000    0.806308
 1650.000000    0.798733
 1655.000000    0.792096
 1660.000000    0.794810
 1665.000000    0.767859
 1670.000000    0.772897
 1675.000000    0.779516
 1680.000000    0.774247
 1685.000000    0.719529
 1690.000000    0.688436
 1695.000000    0.739788
 1700.000000    0.735600
 1705.000000    0.763907
 1710.000000    0.740217
 1715.000000    0.744222
 1720.000000    0.739096
 1725.000000    0.730170
 1730.000000    0.724095
 1735.000000    0.699374
 1740.000000    0.708326
 1745.000000    0.756965
 1750.000000    0.761895
 1755.000000    0.738283
 1760.000000    0.714999
 1765.000000    0.711273
 1770.000000    0.699007
 1775.000000    0.686921
 1780.000000    0.702119
 1785.000000    0.718491
 1790.000000    0.682927
 1795.000000    0.668516
 1800.000000    0.636181
 1805.000000    0.635969
 1810.000000    0.626812
 1815.000000    0.616382
 1820.000000    0.618108
 1825.000000    0.643261
 1830.000000    0.683207
 1835.000000    0.692156
 1840.000000    0.692483
 1845.000000    0.729593
 1850.000000    0.732456
 1855.000000    0.751270
 1860.000000    0.749512
 1865.000000    0.740209
 1870.000000    0.730843
 1875.000000    0.702600
 1880.000000    0.694669
 1885.000000    0.686693
 1890.000000    0.653154
 1895.000000    0.611176
 1900.000000    0.641100
 1905.000000    0.640196
