#  pixel_depth  alphabetafraction   >  Analysis of alpha beta fraction
   54.000000    0.797819
   59.000000    0.844071
   64.000000    0.871471
   69.000000    0.885534
   74.000000    0.890718
   79.000000    0.883301
   84.000000    0.890672
   89.000000    0.906023
   94.000000    0.915086
   99.000000    0.909270
  104.000000    0.874308
  109.000000    0.888975
  114.000000    0.900265
  119.000000    0.897077
  124.000000    0.896737
  129.000000    0.908139
  134.000000    0.901727
  139.000000    0.892679
  144.000000    0.905435
  149.000000    0.904535
  154.000000    0.904478
  159.000000    0.908057
  164.000000    0.889072
  169.000000    0.865470
  174.000000    0.834711
  179.000000    0.822935
  184.000000    0.771309
  189.000000    0.771142
  194.000000    0.804231
  199.000000    0.810395
  204.000000    0.826569
  209.000000    0.855703
  214.000000    0.887542
  219.000000    0.900203
  224.000000    0.913849
  229.000000    0.930916
  234.000000    0.923706
  239.000000    0.938382
  244.000000    0.932785
  249.000000    0.924895
  254.000000    0.937463
  259.000000    0.927569
  264.000000    0.911182
  269.000000    0.884325
  274.000000    0.856614
  279.000000    0.804121
  284.000000    0.778034
  289.000000    0.780405
  294.000000    0.792340
  299.000000    0.786416
  304.000000    0.777485
  309.000000    0.780389
  314.000000    0.788896
  319.000000    0.809413
  324.000000    0.791889
  329.000000    0.766427
  334.000000    0.761894
  339.000000    0.761604
  344.000000    0.766023
  349.000000    0.804279
  354.000000    0.835595
  359.000000    0.866320
  364.000000    0.873970
  369.000000    0.877337
  374.000000    0.895952
  379.000000    0.916388
  384.000000    0.911905
  389.000000    0.915563
  394.000000    0.894435
  399.000000    0.883908
  404.000000    0.853946
  409.000000    0.847988
  414.000000    0.803368
  419.000000    0.752821
  424.000000    0.746350
  429.000000    0.762906
  434.000000    0.756783
  439.000000    0.753489
  444.000000    0.748124
  449.000000    0.750013
  454.000000    0.761860
  459.000000    0.788905
  464.000000    0.798120
  469.000000    0.791459
  474.000000    0.783230
  479.000000    0.792766
  484.000000    0.834428
  489.000000    0.856395
  494.000000    0.867094
  499.000000    0.849400
  504.000000    0.824523
  509.000000    0.804634
  514.000000    0.786251
  519.000000    0.781365
  524.000000    0.792470
  529.000000    0.790904
  534.000000    0.789132
  539.000000    0.799427
  544.000000    0.809223
  549.000000    0.795087
  554.000000    0.787585
  559.000000    0.770805
  564.000000    0.769645
  569.000000    0.777468
  574.000000    0.808625
  579.000000    0.828111
  584.000000    0.862508
  589.000000    0.880363
  594.000000    0.891817
  599.000000    0.888969
  604.000000    0.869811
  609.000000    0.841408
  614.000000    0.809868
  619.000000    0.794291
  624.000000    0.774074
  629.000000    0.785007
  634.000000    0.794848
  639.000000    0.802478
  644.000000    0.815967
  649.000000    0.797301
  654.000000    0.798295
  659.000000    0.802114
  664.000000    0.764639
  669.000000    0.727218
  674.000000    0.690919
  679.000000    0.711509
  684.000000    0.743370
  689.000000    0.769900
  694.000000    0.769363
  699.000000    0.788986
  704.000000    0.782263
  709.000000    0.775647
  714.000000    0.787213
  719.000000    0.789727
  724.000000    0.781516
  729.000000    0.808149
  734.000000    0.812620
  739.000000    0.794385
  744.000000    0.779553
  749.000000    0.743615
  754.000000    0.747567
  759.000000    0.747570
  764.000000    0.756510
  769.000000    0.749566
  774.000000    0.818703
  779.000000    0.850472
  784.000000    0.865706
  789.000000    0.877651
  794.000000    0.853865
  799.000000    0.850935
  804.000000    0.824523
  809.000000    0.811554
  814.000000    0.802492
  819.000000    0.833427
  824.000000    0.837286
  829.000000    0.843007
  834.000000    0.813354
  839.000000    0.777210
  844.000000    0.754350
  849.000000    0.765445
  854.000000    0.735554
  859.000000    0.693135
  864.000000    0.642926
  869.000000    0.675081
  874.000000    0.738341
  879.000000    0.771377
  884.000000    0.778351
  889.000000    0.756647
  894.000000    0.732627
  899.000000    0.769332
  904.000000    0.770394
  909.000000    0.795179
  914.000000    0.790346
  919.000000    0.794052
  924.000000    0.783453
  929.000000    0.748065
  934.000000    0.746127
  939.000000    0.752557
  944.000000    0.746647
  949.000000    0.758737
  954.000000    0.805998
  959.000000    0.824840
  964.000000    0.833065
  969.000000    0.873671
  974.000000    0.880618
  979.000000    0.874953
  984.000000    0.862869
  989.000000    0.837499
  994.000000    0.826038
  999.000000    0.789439
 1004.000000    0.779329
 1009.000000    0.748388
 1014.000000    0.711088
 1019.000000    0.707359
 1024.000000    0.727225
 1029.000000    0.743707
 1034.000000    0.752547
 1039.000000    0.747657
 1044.000000    0.775041
 1049.000000    0.771358
 1054.000000    0.731297
 1059.000000    0.744064
 1064.000000    0.767383
 1069.000000    0.784508
 1074.000000    0.783670
 1079.000000    0.791422
 1084.000000    0.783315
 1089.000000    0.771156
 1094.000000    0.745377
 1099.000000    0.736182
 1104.000000    0.733664
 1109.000000    0.737339
 1114.000000    0.745402
 1119.000000    0.788002
 1124.000000    0.816557
 1129.000000    0.816595
 1134.000000    0.805187
 1139.000000    0.800590
 1144.000000    0.782746
 1149.000000    0.770838
 1154.000000    0.757135
 1159.000000    0.780793
 1164.000000    0.843065
 1169.000000    0.870721
 1174.000000    0.870427
 1179.000000    0.851578
 1184.000000    0.828883
 1189.000000    0.827973
 1194.000000    0.799975
 1199.000000    0.780756
 1204.000000    0.775857
 1209.000000    0.725722
 1214.000000    0.715204
 1219.000000    0.690051
 1224.000000    0.696448
 1229.000000    0.706553
 1234.000000    0.740664
 1239.000000    0.734714
 1244.000000    0.764326
 1249.000000    0.718958
 1254.000000    0.718806
 1259.000000    0.742513
 1264.000000    0.744589
 1269.000000    0.750499
 1274.000000    0.763466
 1279.000000    0.770323
 1284.000000    0.783876
 1289.000000    0.794070
 1294.000000    0.779967
 1299.000000    0.774498
 1304.000000    0.785769
 1309.000000    0.783311
 1314.000000    0.765260
 1319.000000    0.747203
 1324.000000    0.716491
 1329.000000    0.686572
 1334.000000    0.710179
 1339.000000    0.760782
 1344.000000    0.808171
 1349.000000    0.805854
 1354.000000    0.780687
 1359.000000    0.746207
 1364.000000    0.687306
 1369.000000    0.669932
 1374.000000    0.701797
 1379.000000    0.762873
 1384.000000    0.763748
 1389.000000    0.763346
 1394.000000    0.807834
 1399.000000    0.839579
 1404.000000    0.863796
 1409.000000    0.847326
 1414.000000    0.808703
 1419.000000    0.775154
 1424.000000    0.762067
 1429.000000    0.719338
 1434.000000    0.703472
 1439.000000    0.678471
 1444.000000    0.692864
 1449.000000    0.721745
 1454.000000    0.719928
 1459.000000    0.714755
 1464.000000    0.761657
 1469.000000    0.776323
 1474.000000    0.780034
 1479.000000    0.770261
 1484.000000    0.758022
 1489.000000    0.779879
 1494.000000    0.810093
 1499.000000    0.810447
 1504.000000    0.804391
 1509.000000    0.750057
 1514.000000    0.710313
 1519.000000    0.674554
 1524.000000    0.665240
 1529.000000    0.689436
 1534.000000    0.692544
 1539.000000    0.695462
 1544.000000    0.703093
 1549.000000    0.730559
 1554.000000    0.748675
 1559.000000    0.733602
 1564.000000    0.740622
 1569.000000    0.768980
 1574.000000    0.773001
 1579.000000    0.773138
 1584.000000    0.770467
 1589.000000    0.799972
 1594.000000    0.809048
 1599.000000    0.810790
 1604.000000    0.806502
 1609.000000    0.754163
 1614.000000    0.726253
 1619.000000    0.716247
 1624.000000    0.730144
 1629.000000    0.739392
 1634.000000    0.725003
 1639.000000    0.740500
 1644.000000    0.720472
 1649.000000    0.747246
 1654.000000    0.794385
 1659.000000    0.801848
 1664.000000    0.819834
 1669.000000    0.822087
 1674.000000    0.810784
 1679.000000    0.785266
 1684.000000    0.743414
 1689.000000    0.742949
 1694.000000    0.748401
 1699.000000    0.779777
 1704.000000    0.795428
 1709.000000    0.792546
