#  pixel_depth  alphabetafraction   >  Analysis of alpha beta fraction
   64.000000    0.773453
   69.000000    0.769322
   74.000000    0.787997
   79.000000    0.765239
   84.000000    0.743331
   89.000000    0.730895
   94.000000    0.694746
   99.000000    0.631314
  104.000000    0.568731
  109.000000    0.583211
  114.000000    0.631608
  119.000000    0.673100
  124.000000    0.690430
  129.000000    0.712942
  134.000000    0.749804
  139.000000    0.786229
  144.000000    0.805324
  149.000000    0.814571
  154.000000    0.827669
  159.000000    0.806250
  164.000000    0.764457
  169.000000    0.743204
  174.000000    0.764055
  179.000000    0.775863
  184.000000    0.771723
  189.000000    0.781857
  194.000000    0.774728
  199.000000    0.759664
  204.000000    0.762198
  209.000000    0.771851
  214.000000    0.786581
  219.000000    0.788744
  224.000000    0.764965
  229.000000    0.746569
  234.000000    0.735362
  239.000000    0.749935
  244.000000    0.738849
  249.000000    0.741678
  254.000000    0.737710
  259.000000    0.726743
  264.000000    0.733510
  269.000000    0.742866
  274.000000    0.711612
  279.000000    0.703030
  284.000000    0.717763
  289.000000    0.724769
  294.000000    0.734666
  299.000000    0.746583
  304.000000    0.732354
  309.000000    0.743762
  314.000000    0.750077
  319.000000    0.755635
  324.000000    0.741740
  329.000000    0.730285
  334.000000    0.731598
  339.000000    0.718238
  344.000000    0.707308
  349.000000    0.711465
  354.000000    0.691518
  359.000000    0.702124
  364.000000    0.707261
  369.000000    0.689306
  374.000000    0.675429
  379.000000    0.682596
  384.000000    0.693174
  389.000000    0.697033
  394.000000    0.697209
  399.000000    0.692959
  404.000000    0.682398
  409.000000    0.694052
  414.000000    0.726054
  419.000000    0.762307
  424.000000    0.775838
  429.000000    0.776076
  434.000000    0.778539
  439.000000    0.787563
  444.000000    0.800011
  449.000000    0.798771
  454.000000    0.771753
  459.000000    0.766810
  464.000000    0.732611
  469.000000    0.700298
  474.000000    0.708795
  479.000000    0.737808
  484.000000    0.761474
  489.000000    0.754008
  494.000000    0.774586
  499.000000    0.769856
  504.000000    0.751995
  509.000000    0.743535
  514.000000    0.740108
  519.000000    0.739667
  524.000000    0.708136
  529.000000    0.706537
  534.000000    0.717187
  539.000000    0.719373
  544.000000    0.732831
  549.000000    0.745221
  554.000000    0.748584
  559.000000    0.718573
  564.000000    0.690418
  569.000000    0.690106
  574.000000    0.700947
  579.000000    0.681567
  584.000000    0.703984
  589.000000    0.710038
  594.000000    0.728306
  599.000000    0.738599
  604.000000    0.723231
  609.000000    0.714364
  614.000000    0.725270
  619.000000    0.704846
  624.000000    0.699284
  629.000000    0.752190
  634.000000    0.768263
  639.000000    0.795090
  644.000000    0.797941
  649.000000    0.814122
  654.000000    0.796083
  659.000000    0.814866
  664.000000    0.822152
  669.000000    0.764729
  674.000000    0.725105
  679.000000    0.708417
  684.000000    0.703321
  689.000000    0.691498
  694.000000    0.678409
  699.000000    0.696093
  704.000000    0.718920
  709.000000    0.729131
  714.000000    0.707289
  719.000000    0.703675
  724.000000    0.675278
  729.000000    0.665791
  734.000000    0.682077
  739.000000    0.662597
  744.000000    0.684766
  749.000000    0.693953
  754.000000    0.733331
  759.000000    0.746897
  764.000000    0.740386
  769.000000    0.756691
  774.000000    0.791652
  779.000000    0.773076
  784.000000    0.740145
  789.000000    0.714861
  794.000000    0.713067
  799.000000    0.689183
  804.000000    0.661426
  809.000000    0.634602
  814.000000    0.636327
  819.000000    0.614171
  824.000000    0.623757
  829.000000    0.682193
  834.000000    0.755914
  839.000000    0.773530
  844.000000    0.778849
  849.000000    0.766489
  854.000000    0.780476
  859.000000    0.763991
  864.000000    0.720461
  869.000000    0.699336
  874.000000    0.699927
  879.000000    0.709564
  884.000000    0.725392
  889.000000    0.751905
  894.000000    0.760612
  899.000000    0.766330
  904.000000    0.755832
  909.000000    0.737166
  914.000000    0.715990
  919.000000    0.725423
  924.000000    0.740662
  929.000000    0.749283
  934.000000    0.761971
  939.000000    0.760173
  944.000000    0.735478
  949.000000    0.717119
  954.000000    0.699539
  959.000000    0.693620
  964.000000    0.678276
  969.000000    0.653772
  974.000000    0.667998
  979.000000    0.666602
  984.000000    0.693508
  989.000000    0.730542
  994.000000    0.723206
  999.000000    0.717830
 1004.000000    0.714731
 1009.000000    0.652613
 1014.000000    0.628657
 1019.000000    0.643763
 1024.000000    0.680929
 1029.000000    0.696503
 1034.000000    0.708648
 1039.000000    0.717414
 1044.000000    0.704252
 1049.000000    0.696238
 1054.000000    0.707035
 1059.000000    0.711276
 1064.000000    0.722676
 1069.000000    0.730921
 1074.000000    0.744153
 1079.000000    0.762130
 1084.000000    0.796759
 1089.000000    0.819274
 1094.000000    0.821008
 1099.000000    0.806151
 1104.000000    0.764071
 1109.000000    0.756893
 1114.000000    0.752356
 1119.000000    0.734934
 1124.000000    0.726043
 1129.000000    0.699208
 1134.000000    0.684831
 1139.000000    0.674184
 1144.000000    0.673425
 1149.000000    0.688422
 1154.000000    0.708691
 1159.000000    0.722576
 1164.000000    0.751201
 1169.000000    0.752539
 1174.000000    0.694544
 1179.000000    0.696523
 1184.000000    0.719820
 1189.000000    0.720432
 1194.000000    0.720205
 1199.000000    0.695708
 1204.000000    0.705313
 1209.000000    0.716586
 1214.000000    0.715023
 1219.000000    0.724592
 1224.000000    0.720514
 1229.000000    0.735060
 1234.000000    0.750704
 1239.000000    0.741629
 1244.000000    0.727604
 1249.000000    0.703178
 1254.000000    0.661124
 1259.000000    0.657561
 1264.000000    0.645374
 1269.000000    0.630403
 1274.000000    0.640318
 1279.000000    0.617535
 1284.000000    0.605180
 1289.000000    0.616076
 1294.000000    0.626618
 1299.000000    0.650264
 1304.000000    0.689903
 1309.000000    0.712946
 1314.000000    0.710824
 1319.000000    0.666061
 1324.000000    0.679151
 1329.000000    0.689799
 1334.000000    0.692264
 1339.000000    0.708676
 1344.000000    0.708568
 1349.000000    0.721132
 1354.000000    0.738146
 1359.000000    0.733843
 1364.000000    0.753085
 1369.000000    0.737237
 1374.000000    0.731260
 1379.000000    0.713832
 1384.000000    0.699789
 1389.000000    0.688893
 1394.000000    0.687611
 1399.000000    0.733135
 1404.000000    0.732372
 1409.000000    0.728896
 1414.000000    0.737767
 1419.000000    0.728869
 1424.000000    0.729322
 1429.000000    0.736940
 1434.000000    0.735419
 1439.000000    0.721597
 1444.000000    0.694338
 1449.000000    0.713240
 1454.000000    0.722262
 1459.000000    0.704234
 1464.000000    0.708775
 1469.000000    0.707206
 1474.000000    0.696041
 1479.000000    0.707268
 1484.000000    0.728089
 1489.000000    0.738587
 1494.000000    0.717661
 1499.000000    0.715149
 1504.000000    0.723535
 1509.000000    0.743068
 1514.000000    0.714634
 1519.000000    0.679482
 1524.000000    0.661479
 1529.000000    0.656614
 1534.000000    0.671867
 1539.000000    0.667954
 1544.000000    0.676563
 1549.000000    0.675616
 1554.000000    0.686674
 1559.000000    0.670860
 1564.000000    0.665657
 1569.000000    0.687111
 1574.000000    0.690366
 1579.000000    0.677674
 1584.000000    0.680863
 1589.000000    0.678999
 1594.000000    0.707889
 1599.000000    0.703112
 1604.000000    0.731705
 1609.000000    0.773193
 1614.000000    0.795486
 1619.000000    0.796853
 1624.000000    0.778185
 1629.000000    0.774765
 1634.000000    0.755241
 1639.000000    0.737032
 1644.000000    0.735300
 1649.000000    0.715657
 1654.000000    0.704423
 1659.000000    0.710388
 1664.000000    0.686481
 1669.000000    0.669783
 1674.000000    0.698545
 1679.000000    0.717231
 1684.000000    0.684407
 1689.000000    0.682595
 1694.000000    0.691799
 1699.000000    0.685955
 1704.000000    0.679018
 1709.000000    0.696174
 1714.000000    0.686987
 1719.000000    0.691365
 1724.000000    0.711089
 1729.000000    0.729859
 1734.000000    0.736983
 1739.000000    0.756424
 1744.000000    0.739489
 1749.000000    0.740887
 1754.000000    0.752727
 1759.000000    0.789137
 1764.000000    0.792686
 1769.000000    0.766189
 1774.000000    0.760888
 1779.000000    0.752407
 1784.000000    0.754409
 1789.000000    0.771351
 1794.000000    0.779314
 1799.000000    0.770140
 1804.000000    0.735427
 1809.000000    0.689492
 1814.000000    0.685347
 1819.000000    0.696713
 1824.000000    0.705072
 1829.000000    0.688996
 1834.000000    0.656313
 1839.000000    0.639968
 1844.000000    0.623320
 1849.000000    0.604378
 1854.000000    0.619742
 1859.000000    0.660696
 1864.000000    0.708298
 1869.000000    0.709288
 1874.000000    0.715478
 1879.000000    0.689857
 1884.000000    0.680986
 1889.000000    0.691304
