#  pixel_depth  alphabetafraction   >  Analysis of alpha beta fraction
   62.000000    0.685230
   67.000000    0.697251
   72.000000    0.709148
   77.000000    0.701262
   82.000000    0.713633
   87.000000    0.705272
   92.000000    0.714849
   97.000000    0.725268
  102.000000    0.726500
  107.000000    0.723526
  112.000000    0.703535
  117.000000    0.767065
  122.000000    0.784164
  127.000000    0.780879
  132.000000    0.783294
  137.000000    0.768127
  142.000000    0.749469
  147.000000    0.748453
  152.000000    0.750220
  157.000000    0.760760
  162.000000    0.743486
  167.000000    0.706627
  172.000000    0.683856
  177.000000    0.680716
  182.000000    0.689467
  187.000000    0.709670
  192.000000    0.718605
  197.000000    0.705396
  202.000000    0.696677
  207.000000    0.680573
  212.000000    0.655908
  217.000000    0.627090
  222.000000    0.607524
  227.000000    0.609480
  232.000000    0.600135
  237.000000    0.578726
  242.000000    0.560316
  247.000000    0.562742
  252.000000    0.605704
  257.000000    0.628279
  262.000000    0.659732
  267.000000    0.698466
  272.000000    0.697507
  277.000000    0.715214
  282.000000    0.706237
  287.000000    0.731306
  292.000000    0.737691
  297.000000    0.731325
  302.000000    0.703903
  307.000000    0.683361
  312.000000    0.630499
  317.000000    0.620781
  322.000000    0.614853
  327.000000    0.617528
  332.000000    0.631165
  337.000000    0.671984
  342.000000    0.686948
  347.000000    0.680743
  352.000000    0.667618
  357.000000    0.667569
  362.000000    0.675293
  367.000000    0.660988
  372.000000    0.665479
  377.000000    0.671244
  382.000000    0.672049
  387.000000    0.684997
  392.000000    0.708178
  397.000000    0.716102
  402.000000    0.711476
  407.000000    0.678914
  412.000000    0.656484
  417.000000    0.651750
  422.000000    0.645066
  427.000000    0.669285
  432.000000    0.643043
  437.000000    0.668781
  442.000000    0.702752
  447.000000    0.725970
  452.000000    0.727642
  457.000000    0.728301
  462.000000    0.745205
  467.000000    0.772306
  472.000000    0.792321
  477.000000    0.799079
  482.000000    0.778512
  487.000000    0.788539
  492.000000    0.805021
  497.000000    0.796102
  502.000000    0.774520
  507.000000    0.723858
  512.000000    0.683291
  517.000000    0.661799
  522.000000    0.667642
  527.000000    0.674107
  532.000000    0.644556
  537.000000    0.662134
  542.000000    0.681731
  547.000000    0.676059
  552.000000    0.647353
  557.000000    0.637884
  562.000000    0.630294
  567.000000    0.587053
  572.000000    0.607889
  577.000000    0.642714
  582.000000    0.672693
  587.000000    0.696013
  592.000000    0.717506
  597.000000    0.720063
  602.000000    0.712211
  607.000000    0.700889
  612.000000    0.688980
  617.000000    0.705041
  622.000000    0.675150
  627.000000    0.680094
  632.000000    0.692119
  637.000000    0.696416
  642.000000    0.686721
  647.000000    0.672541
  652.000000    0.664938
  657.000000    0.653353
  662.000000    0.683802
  667.000000    0.657070
  672.000000    0.653585
  677.000000    0.672546
  682.000000    0.689497
  687.000000    0.682730
  692.000000    0.644872
  697.000000    0.642343
  702.000000    0.612955
  707.000000    0.622348
  712.000000    0.659216
  717.000000    0.650896
  722.000000    0.661506
  727.000000    0.649739
  732.000000    0.629709
  737.000000    0.637354
  742.000000    0.653490
  747.000000    0.689896
  752.000000    0.711007
  757.000000    0.708985
  762.000000    0.693136
  767.000000    0.688434
  772.000000    0.705679
  777.000000    0.701446
  782.000000    0.716253
  787.000000    0.729595
  792.000000    0.721377
  797.000000    0.670709
  802.000000    0.660568
  807.000000    0.625327
  812.000000    0.622717
  817.000000    0.652229
  822.000000    0.670687
  827.000000    0.693239
  832.000000    0.694446
  837.000000    0.680410
  842.000000    0.670791
  847.000000    0.668562
  852.000000    0.665149
  857.000000    0.666397
  862.000000    0.654976
  867.000000    0.668376
  872.000000    0.651577
  877.000000    0.615851
  882.000000    0.622362
  887.000000    0.627512
  892.000000    0.562153
  897.000000    0.541897
  902.000000    0.509901
  907.000000    0.487655
  912.000000    0.497513
  917.000000    0.527496
  922.000000    0.592353
  927.000000    0.618287
  932.000000    0.605101
  937.000000    0.619359
  942.000000    0.623754
  947.000000    0.650219
  952.000000    0.650607
  957.000000    0.642327
  962.000000    0.640496
  967.000000    0.623607
  972.000000    0.619522
  977.000000    0.635841
  982.000000    0.627870
  987.000000    0.648106
  992.000000    0.661221
  997.000000    0.652514
 1002.000000    0.649629
 1007.000000    0.647651
 1012.000000    0.658720
 1017.000000    0.679854
 1022.000000    0.649157
 1027.000000    0.643105
 1032.000000    0.643784
 1037.000000    0.639144
 1042.000000    0.620925
 1047.000000    0.599078
 1052.000000    0.620510
 1057.000000    0.636743
 1062.000000    0.676673
 1067.000000    0.689734
 1072.000000    0.686769
 1077.000000    0.684972
 1082.000000    0.673670
 1087.000000    0.666639
 1092.000000    0.677690
 1097.000000    0.684561
 1102.000000    0.666622
 1107.000000    0.655114
 1112.000000    0.636111
 1117.000000    0.620787
 1122.000000    0.635432
 1127.000000    0.611607
 1132.000000    0.589677
 1137.000000    0.555421
 1142.000000    0.551900
 1147.000000    0.550947
 1152.000000    0.548274
 1157.000000    0.595066
 1162.000000    0.638262
 1167.000000    0.653473
 1172.000000    0.671806
 1177.000000    0.678557
 1182.000000    0.686123
 1187.000000    0.682655
 1192.000000    0.690690
 1197.000000    0.715026
 1202.000000    0.719552
 1207.000000    0.727231
 1212.000000    0.717166
 1217.000000    0.692274
 1222.000000    0.678207
 1227.000000    0.695256
 1232.000000    0.687811
 1237.000000    0.675328
 1242.000000    0.670735
 1247.000000    0.684464
 1252.000000    0.691222
 1257.000000    0.693878
 1262.000000    0.702874
 1267.000000    0.727965
 1272.000000    0.755336
 1277.000000    0.787243
 1282.000000    0.794256
 1287.000000    0.781386
 1292.000000    0.733369
 1297.000000    0.707422
 1302.000000    0.673871
 1307.000000    0.664523
 1312.000000    0.656811
 1317.000000    0.626120
 1322.000000    0.626648
 1327.000000    0.611755
 1332.000000    0.596511
 1337.000000    0.576720
 1342.000000    0.564124
 1347.000000    0.586698
 1352.000000    0.622311
 1357.000000    0.666534
 1362.000000    0.684601
 1367.000000    0.683064
 1372.000000    0.678630
 1377.000000    0.665932
 1382.000000    0.678311
 1387.000000    0.689565
 1392.000000    0.683491
 1397.000000    0.671158
 1402.000000    0.683965
 1407.000000    0.694952
 1412.000000    0.695066
 1417.000000    0.693773
 1422.000000    0.666529
 1427.000000    0.663874
 1432.000000    0.700984
 1437.000000    0.703714
 1442.000000    0.669100
 1447.000000    0.669994
 1452.000000    0.717581
 1457.000000    0.721183
 1462.000000    0.743529
 1467.000000    0.774033
 1472.000000    0.783292
 1477.000000    0.751719
 1482.000000    0.707913
 1487.000000    0.678615
 1492.000000    0.661529
 1497.000000    0.610839
 1502.000000    0.590655
 1507.000000    0.570096
 1512.000000    0.586569
 1517.000000    0.592804
 1522.000000    0.601617
 1527.000000    0.611178
 1532.000000    0.603756
 1537.000000    0.621674
 1542.000000    0.648571
 1547.000000    0.651341
 1552.000000    0.678000
 1557.000000    0.708806
 1562.000000    0.717885
 1567.000000    0.701778
 1572.000000    0.693305
 1577.000000    0.675640
 1582.000000    0.655685
 1587.000000    0.675582
 1592.000000    0.651772
 1597.000000    0.658664
 1602.000000    0.640586
 1607.000000    0.597460
 1612.000000    0.560790
 1617.000000    0.551671
 1622.000000    0.565034
 1627.000000    0.546929
 1632.000000    0.536974
 1637.000000    0.523582
 1642.000000    0.527418
 1647.000000    0.543025
 1652.000000    0.571633
 1657.000000    0.583710
 1662.000000    0.597758
 1667.000000    0.612898
 1672.000000    0.624645
 1677.000000    0.632656
 1682.000000    0.651142
 1687.000000    0.665549
 1692.000000    0.676369
 1697.000000    0.689128
 1702.000000    0.695245
 1707.000000    0.722747
 1712.000000    0.726020
 1717.000000    0.698566
 1722.000000    0.673434
 1727.000000    0.680295
 1732.000000    0.687027
 1737.000000    0.694940
 1742.000000    0.684937
 1747.000000    0.678421
 1752.000000    0.680193
 1757.000000    0.689751
 1762.000000    0.709274
 1767.000000    0.729888
 1772.000000    0.759931
 1777.000000    0.759732
 1782.000000    0.772616
 1787.000000    0.771762
 1792.000000    0.762688
 1797.000000    0.763008
 1802.000000    0.749544
 1807.000000    0.716388
 1812.000000    0.709790
 1817.000000    0.687002
 1822.000000    0.677295
 1827.000000    0.690957
 1832.000000    0.666561
 1837.000000    0.624457
 1842.000000    0.592480
