#  pixel_depth  alphabetafraction   >  Analysis of alpha beta fraction
  112.000000    0.650439
  117.000000    0.592547
  122.000000    0.609373
  127.000000    0.610817
  132.000000    0.602958
  137.000000    0.630822
  142.000000    0.660274
  147.000000    0.659885
  152.000000    0.673285
  157.000000    0.662033
  162.000000    0.655682
  167.000000    0.648450
  172.000000    0.669047
  177.000000    0.697990
  182.000000    0.679918
  187.000000    0.687022
  192.000000    0.678706
  197.000000    0.646252
  202.000000    0.613685
  207.000000    0.597915
  212.000000    0.610154
  217.000000    0.577677
  222.000000    0.566726
  227.000000    0.601686
  232.000000    0.619524
  237.000000    0.621060
  242.000000    0.652804
  247.000000    0.678966
  252.000000    0.650973
  257.000000    0.629062
  262.000000    0.625297
  267.000000    0.667494
  272.000000    0.699429
  277.000000    0.706215
  282.000000    0.676908
  287.000000    0.681705
  292.000000    0.652153
  297.000000    0.658586
  302.000000    0.671256
  307.000000    0.689345
  312.000000    0.704687
  317.000000    0.716739
  322.000000    0.734851
  327.000000    0.716193
  332.000000    0.713458
  337.000000    0.714633
  342.000000    0.711694
  347.000000    0.708283
  352.000000    0.699090
  357.000000    0.719947
  362.000000    0.745474
  367.000000    0.748160
  372.000000    0.745637
  377.000000    0.725766
  382.000000    0.725808
  387.000000    0.740942
  392.000000    0.748670
  397.000000    0.792261
  402.000000    0.829268
  407.000000    0.822576
  412.000000    0.788475
  417.000000    0.763177
  422.000000    0.720451
  427.000000    0.694908
  432.000000    0.688112
  437.000000    0.664169
  442.000000    0.638803
  447.000000    0.639693
  452.000000    0.642652
  457.000000    0.644326
  462.000000    0.615576
  467.000000    0.631235
  472.000000    0.662847
  477.000000    0.693040
  482.000000    0.704620
  487.000000    0.735914
  492.000000    0.772125
  497.000000    0.769338
  502.000000    0.767098
  507.000000    0.783170
  512.000000    0.779108
  517.000000    0.784714
  522.000000    0.789210
  527.000000    0.765021
  532.000000    0.748249
  537.000000    0.741344
  542.000000    0.719213
  547.000000    0.709990
  552.000000    0.682012
  557.000000    0.676346
  562.000000    0.660707
  567.000000    0.667939
  572.000000    0.675936
  577.000000    0.653841
  582.000000    0.665678
  587.000000    0.676189
  592.000000    0.638240
  597.000000    0.602150
  602.000000    0.618198
  607.000000    0.626337
  612.000000    0.654006
  617.000000    0.640392
  622.000000    0.630571
  627.000000    0.636085
  632.000000    0.641590
  637.000000    0.653295
  642.000000    0.657930
  647.000000    0.671414
  652.000000    0.664384
  657.000000    0.654347
  662.000000    0.674876
  667.000000    0.688863
  672.000000    0.680961
  677.000000    0.681303
  682.000000    0.706040
  687.000000    0.722753
  692.000000    0.748372
  697.000000    0.745893
  702.000000    0.754017
  707.000000    0.731792
  712.000000    0.719964
  717.000000    0.699484
  722.000000    0.712605
  727.000000    0.683359
  732.000000    0.661268
  737.000000    0.663168
  742.000000    0.668846
  747.000000    0.634383
  752.000000    0.628347
  757.000000    0.655856
  762.000000    0.670074
  767.000000    0.670278
  772.000000    0.662242
  777.000000    0.694091
  782.000000    0.697988
  787.000000    0.716893
  792.000000    0.725484
  797.000000    0.725703
  802.000000    0.724628
  807.000000    0.693008
  812.000000    0.717780
  817.000000    0.709791
  822.000000    0.684699
  827.000000    0.653055
  832.000000    0.653813
  837.000000    0.700244
  842.000000    0.730520
  847.000000    0.732184
  852.000000    0.762404
  857.000000    0.787681
  862.000000    0.789467
  867.000000    0.785711
  872.000000    0.779103
  877.000000    0.773058
  882.000000    0.773409
  887.000000    0.731433
  892.000000    0.704924
  897.000000    0.678942
  902.000000    0.633079
  907.000000    0.581185
  912.000000    0.574375
  917.000000    0.594496
  922.000000    0.577921
  927.000000    0.557600
  932.000000    0.602156
  937.000000    0.634105
  942.000000    0.672547
  947.000000    0.698840
  952.000000    0.734668
  957.000000    0.744156
  962.000000    0.761334
  967.000000    0.771859
  972.000000    0.785315
  977.000000    0.797114
  982.000000    0.783269
  987.000000    0.746888
  992.000000    0.738504
  997.000000    0.722105
 1002.000000    0.682192
 1007.000000    0.645647
 1012.000000    0.613388
 1017.000000    0.618534
 1022.000000    0.640991
 1027.000000    0.604191
 1032.000000    0.593820
 1037.000000    0.623643
 1042.000000    0.630033
 1047.000000    0.631802
 1052.000000    0.644290
 1057.000000    0.660933
 1062.000000    0.668642
 1067.000000    0.721180
 1072.000000    0.732543
 1077.000000    0.718984
 1082.000000    0.717793
 1087.000000    0.687831
 1092.000000    0.668699
 1097.000000    0.706763
 1102.000000    0.728125
 1107.000000    0.740921
 1112.000000    0.715101
 1117.000000    0.682670
 1122.000000    0.678265
 1127.000000    0.665608
 1132.000000    0.637209
 1137.000000    0.631294
 1142.000000    0.624321
 1147.000000    0.647546
 1152.000000    0.671244
 1157.000000    0.663165
 1162.000000    0.677528
 1167.000000    0.713294
 1172.000000    0.741779
 1177.000000    0.753933
 1182.000000    0.774716
 1187.000000    0.779797
 1192.000000    0.780609
 1197.000000    0.786513
 1202.000000    0.743601
 1207.000000    0.726656
 1212.000000    0.757061
 1217.000000    0.750977
 1222.000000    0.761656
 1227.000000    0.760639
 1232.000000    0.758151
 1237.000000    0.764358
 1242.000000    0.760699
 1247.000000    0.739687
 1252.000000    0.709987
 1257.000000    0.662851
 1262.000000    0.666437
 1267.000000    0.700446
 1272.000000    0.749961
 1277.000000    0.764194
 1282.000000    0.756447
 1287.000000    0.749200
 1292.000000    0.768192
 1297.000000    0.775086
 1302.000000    0.745562
 1307.000000    0.734198
 1312.000000    0.736644
 1317.000000    0.719390
 1322.000000    0.692905
 1327.000000    0.704398
 1332.000000    0.706062
 1337.000000    0.722361
 1342.000000    0.712102
 1347.000000    0.686976
 1352.000000    0.679953
 1357.000000    0.655172
 1362.000000    0.667462
 1367.000000    0.658530
 1372.000000    0.639710
 1377.000000    0.592113
 1382.000000    0.598641
 1387.000000    0.630363
 1392.000000    0.604314
 1397.000000    0.592692
 1402.000000    0.586067
 1407.000000    0.562240
 1412.000000    0.615650
 1417.000000    0.679246
 1422.000000    0.671593
 1427.000000    0.635041
 1432.000000    0.657369
 1437.000000    0.669345
 1442.000000    0.695037
 1447.000000    0.712850
 1452.000000    0.725225
 1457.000000    0.749492
 1462.000000    0.752320
 1467.000000    0.721235
 1472.000000    0.718993
 1477.000000    0.716360
 1482.000000    0.725443
 1487.000000    0.729351
 1492.000000    0.734395
 1497.000000    0.744947
 1502.000000    0.726560
 1507.000000    0.691826
 1512.000000    0.684841
 1517.000000    0.667040
 1522.000000    0.636728
 1527.000000    0.632720
 1532.000000    0.604059
 1537.000000    0.581138
 1542.000000    0.558289
 1547.000000    0.549447
 1552.000000    0.572832
 1557.000000    0.593469
 1562.000000    0.637096
 1567.000000    0.668695
 1572.000000    0.691491
 1577.000000    0.725553
 1582.000000    0.764414
 1587.000000    0.736029
 1592.000000    0.722353
 1597.000000    0.706523
 1602.000000    0.664859
 1607.000000    0.624864
 1612.000000    0.601896
 1617.000000    0.611320
 1622.000000    0.648583
 1627.000000    0.626754
 1632.000000    0.580731
 1637.000000    0.565116
 1642.000000    0.531443
 1647.000000    0.574425
 1652.000000    0.613566
 1657.000000    0.625285
 1662.000000    0.662407
 1667.000000    0.682598
 1672.000000    0.679851
 1677.000000    0.688246
 1682.000000    0.687786
 1687.000000    0.678575
 1692.000000    0.696853
 1697.000000    0.714484
 1702.000000    0.721069
 1707.000000    0.704260
 1712.000000    0.710937
 1717.000000    0.716849
 1722.000000    0.722756
 1727.000000    0.687813
 1732.000000    0.693501
 1737.000000    0.668685
 1742.000000    0.679525
 1747.000000    0.696469
 1752.000000    0.714530
 1757.000000    0.708893
 1762.000000    0.678076
 1767.000000    0.697078
 1772.000000    0.647885
 1777.000000    0.620060
 1782.000000    0.625836
 1787.000000    0.625311
 1792.000000    0.628126
 1797.000000    0.668781
 1802.000000    0.682783
 1807.000000    0.671900
 1812.000000    0.654001
 1817.000000    0.625820
 1822.000000    0.646260
 1827.000000    0.646857
 1832.000000    0.666442
 1837.000000    0.669075
 1842.000000    0.631702
 1847.000000    0.622325
 1852.000000    0.626415
 1857.000000    0.658175
 1862.000000    0.675625
 1867.000000    0.657808
 1872.000000    0.655223
 1877.000000    0.642133
 1882.000000    0.610325
 1887.000000    0.598488
 1892.000000    0.597956
 1897.000000    0.613574
 1902.000000    0.646276
 1907.000000    0.698461
 1912.000000    0.718838
