#  pixel_depth  alphabetafraction   >  Analysis of alpha beta fraction
   55.000000    0.701094
   60.000000    0.710983
   65.000000    0.708591
   70.000000    0.692076
   75.000000    0.662551
   80.000000    0.653659
   85.000000    0.670372
   90.000000    0.677381
   95.000000    0.702688
  100.000000    0.727401
  105.000000    0.727273
  110.000000    0.737809
  115.000000    0.695421
  120.000000    0.706357
  125.000000    0.701129
  130.000000    0.691916
  135.000000    0.662214
  140.000000    0.637036
  145.000000    0.645700
  150.000000    0.642500
  155.000000    0.665729
  160.000000    0.684550
  165.000000    0.711614
  170.000000    0.691724
  175.000000    0.657050
  180.000000    0.644498
  185.000000    0.646393
  190.000000    0.606460
  195.000000    0.587101
  200.000000    0.606095
  205.000000    0.621947
  210.000000    0.613167
  215.000000    0.633313
  220.000000    0.647868
  225.000000    0.644922
  230.000000    0.622406
  235.000000    0.620280
  240.000000    0.613605
  245.000000    0.612889
  250.000000    0.602335
  255.000000    0.598639
  260.000000    0.611984
  265.000000    0.619581
  270.000000    0.642806
  275.000000    0.654047
  280.000000    0.654429
  285.000000    0.637008
  290.000000    0.621175
  295.000000    0.624153
  300.000000    0.636037
  305.000000    0.661766
  310.000000    0.668863
  315.000000    0.667953
  320.000000    0.657930
  325.000000    0.655932
  330.000000    0.679875
  335.000000    0.694271
  340.000000    0.723250
  345.000000    0.718388
  350.000000    0.688692
  355.000000    0.663488
  360.000000    0.648788
  365.000000    0.666935
  370.000000    0.645777
  375.000000    0.644044
  380.000000    0.616333
  385.000000    0.628327
  390.000000    0.637366
  395.000000    0.628575
  400.000000    0.620646
  405.000000    0.607990
  410.000000    0.593265
  415.000000    0.609517
  420.000000    0.651342
  425.000000    0.668808
  430.000000    0.677029
  435.000000    0.678699
  440.000000    0.685624
  445.000000    0.664154
  450.000000    0.658911
  455.000000    0.659287
  460.000000    0.623720
  465.000000    0.598489
  470.000000    0.586665
  475.000000    0.610150
  480.000000    0.642122
  485.000000    0.658302
  490.000000    0.654239
  495.000000    0.654640
  500.000000    0.657741
  505.000000    0.651438
  510.000000    0.648042
  515.000000    0.637910
  520.000000    0.631277
  525.000000    0.632150
  530.000000    0.617446
  535.000000    0.608969
  540.000000    0.607808
  545.000000    0.622970
  550.000000    0.581759
  555.000000    0.567746
  560.000000    0.586446
  565.000000    0.594167
  570.000000    0.609523
  575.000000    0.608650
  580.000000    0.613865
  585.000000    0.631396
  590.000000    0.656328
  595.000000    0.657400
  600.000000    0.665573
  605.000000    0.673950
  610.000000    0.676743
  615.000000    0.682845
  620.000000    0.668354
  625.000000    0.648142
  630.000000    0.609943
  635.000000    0.613480
  640.000000    0.615494
  645.000000    0.623826
  650.000000    0.617696
  655.000000    0.636783
  660.000000    0.607088
  665.000000    0.607799
  670.000000    0.590632
  675.000000    0.586900
  680.000000    0.571566
  685.000000    0.565048
  690.000000    0.565671
  695.000000    0.543265
  700.000000    0.524310
  705.000000    0.542470
  710.000000    0.570306
  715.000000    0.548597
  720.000000    0.563509
  725.000000    0.559738
  730.000000    0.563914
  735.000000    0.559960
  740.000000    0.564146
  745.000000    0.542042
  750.000000    0.536455
  755.000000    0.562784
  760.000000    0.582186
  765.000000    0.597033
  770.000000    0.598482
  775.000000    0.586761
  780.000000    0.608902
  785.000000    0.606346
  790.000000    0.599658
  795.000000    0.590864
  800.000000    0.608001
  805.000000    0.603404
  810.000000    0.568860
  815.000000    0.567935
  820.000000    0.548537
  825.000000    0.553722
  830.000000    0.544631
  835.000000    0.571412
  840.000000    0.634912
  845.000000    0.700793
  850.000000    0.725094
  855.000000    0.737756
  860.000000    0.728046
  865.000000    0.727016
  870.000000    0.743848
  875.000000    0.731662
  880.000000    0.703779
  885.000000    0.698265
  890.000000    0.691384
  895.000000    0.645253
  900.000000    0.638127
  905.000000    0.613463
  910.000000    0.555254
  915.000000    0.562321
  920.000000    0.543377
  925.000000    0.536090
  930.000000    0.561762
  935.000000    0.599482
  940.000000    0.599566
  945.000000    0.626051
  950.000000    0.642563
  955.000000    0.658367
  960.000000    0.658885
  965.000000    0.662318
  970.000000    0.642934
  975.000000    0.640107
  980.000000    0.606932
  985.000000    0.596603
  990.000000    0.607498
  995.000000    0.590851
 1000.000000    0.552600
 1005.000000    0.528903
 1010.000000    0.494494
 1015.000000    0.499682
 1020.000000    0.487802
 1025.000000    0.495343
 1030.000000    0.512548
 1035.000000    0.499754
 1040.000000    0.514181
 1045.000000    0.515728
 1050.000000    0.537569
 1055.000000    0.545946
 1060.000000    0.554189
 1065.000000    0.560106
 1070.000000    0.567896
 1075.000000    0.570655
 1080.000000    0.586284
 1085.000000    0.592441
 1090.000000    0.570342
 1095.000000    0.575668
 1100.000000    0.559295
 1105.000000    0.519080
 1110.000000    0.500443
 1115.000000    0.533619
 1120.000000    0.607038
 1125.000000    0.637873
 1130.000000    0.649805
 1135.000000    0.679362
 1140.000000    0.650930
 1145.000000    0.630408
 1150.000000    0.634656
 1155.000000    0.596570
 1160.000000    0.556866
 1165.000000    0.542547
 1170.000000    0.540080
 1175.000000    0.504068
 1180.000000    0.464614
 1185.000000    0.469964
 1190.000000    0.481313
 1195.000000    0.441165
 1200.000000    0.478873
 1205.000000    0.522451
 1210.000000    0.525943
 1215.000000    0.556745
 1220.000000    0.582158
 1225.000000    0.620358
 1230.000000    0.654424
 1235.000000    0.639029
 1240.000000    0.654455
 1245.000000    0.651973
 1250.000000    0.650923
 1255.000000    0.651134
 1260.000000    0.645534
 1265.000000    0.634283
 1270.000000    0.619768
 1275.000000    0.629612
 1280.000000    0.641618
 1285.000000    0.648544
 1290.000000    0.658181
 1295.000000    0.668393
 1300.000000    0.679256
 1305.000000    0.667071
 1310.000000    0.648184
 1315.000000    0.649069
 1320.000000    0.664541
 1325.000000    0.647457
 1330.000000    0.601908
 1335.000000    0.594462
 1340.000000    0.608504
 1345.000000    0.631928
 1350.000000    0.643547
 1355.000000    0.610971
 1360.000000    0.623671
 1365.000000    0.612277
 1370.000000    0.605268
 1375.000000    0.616840
 1380.000000    0.610614
 1385.000000    0.617655
 1390.000000    0.617588
 1395.000000    0.636067
 1400.000000    0.676108
 1405.000000    0.647998
 1410.000000    0.646776
 1415.000000    0.652597
 1420.000000    0.654300
 1425.000000    0.656686
 1430.000000    0.655074
 1435.000000    0.661864
 1440.000000    0.671516
 1445.000000    0.630789
 1450.000000    0.586918
 1455.000000    0.588987
 1460.000000    0.597641
 1465.000000    0.642394
 1470.000000    0.627623
 1475.000000    0.609152
 1480.000000    0.589414
 1485.000000    0.616156
 1490.000000    0.597154
 1495.000000    0.614981
 1500.000000    0.610955
 1505.000000    0.626867
 1510.000000    0.633184
 1515.000000    0.633064
 1520.000000    0.634848
 1525.000000    0.653433
 1530.000000    0.669417
 1535.000000    0.679332
 1540.000000    0.648186
 1545.000000    0.676409
 1550.000000    0.668283
 1555.000000    0.636529
 1560.000000    0.650326
 1565.000000    0.649124
 1570.000000    0.634979
 1575.000000    0.630302
 1580.000000    0.650870
 1585.000000    0.659756
 1590.000000    0.629069
 1595.000000    0.605322
 1600.000000    0.602795
 1605.000000    0.594622
 1610.000000    0.583129
 1615.000000    0.581932
 1620.000000    0.600874
 1625.000000    0.626851
 1630.000000    0.618644
 1635.000000    0.588463
 1640.000000    0.555887
 1645.000000    0.533238
 1650.000000    0.503028
 1655.000000    0.498133
 1660.000000    0.488250
 1665.000000    0.481090
 1670.000000    0.481764
 1675.000000    0.470864
 1680.000000    0.519138
 1685.000000    0.557244
 1690.000000    0.580807
 1695.000000    0.590303
 1700.000000    0.602743
 1705.000000    0.593561
 1710.000000    0.582335
 1715.000000    0.585042
 1720.000000    0.626403
 1725.000000    0.621818
 1730.000000    0.650360
