#  pixel_depth  alphabetafraction   >  Analysis of alpha beta fraction
  153.000000    0.753370
  158.000000    0.751051
  163.000000    0.730778
  168.000000    0.684691
  173.000000    0.675219
  178.000000    0.644387
  183.000000    0.628895
  188.000000    0.640797
  193.000000    0.643737
  198.000000    0.667401
  203.000000    0.666109
  208.000000    0.646442
  213.000000    0.666097
  218.000000    0.673806
  223.000000    0.673799
  228.000000    0.650445
  233.000000    0.620210
  238.000000    0.568702
  243.000000    0.548522
  248.000000    0.587232
  253.000000    0.637468
  258.000000    0.673913
  263.000000    0.688102
  268.000000    0.690168
  273.000000    0.691549
  278.000000    0.712470
  283.000000    0.712665
  288.000000    0.710158
  293.000000    0.734313
  298.000000    0.750541
  303.000000    0.728448
  308.000000    0.686281
  313.000000    0.672398
  318.000000    0.702414
  323.000000    0.674011
  328.000000    0.647408
  333.000000    0.654672
  338.000000    0.671300
  343.000000    0.677964
  348.000000    0.726133
  353.000000    0.770692
  358.000000    0.793676
  363.000000    0.793594
  368.000000    0.796876
  373.000000    0.802514
  378.000000    0.801455
  383.000000    0.799936
  388.000000    0.793761
  393.000000    0.787245
  398.000000    0.787477
  403.000000    0.761556
  408.000000    0.738975
  413.000000    0.722058
  418.000000    0.694471
  423.000000    0.657810
  428.000000    0.637987
  433.000000    0.652255
  438.000000    0.688058
  443.000000    0.691346
  448.000000    0.665403
  453.000000    0.633513
  458.000000    0.621611
  463.000000    0.596860
  468.000000    0.579509
  473.000000    0.597612
  478.000000    0.605697
  483.000000    0.637758
  488.000000    0.673876
  493.000000    0.707881
  498.000000    0.747050
  503.000000    0.767997
  508.000000    0.751431
  513.000000    0.748140
  518.000000    0.725432
  523.000000    0.679440
  528.000000    0.643685
  533.000000    0.626412
  538.000000    0.632571
  543.000000    0.630536
  548.000000    0.634779
  553.000000    0.614802
  558.000000    0.612291
  563.000000    0.613767
  568.000000    0.591015
  573.000000    0.594167
  578.000000    0.593455
  583.000000    0.568220
  588.000000    0.568327
  593.000000    0.567638
  598.000000    0.577997
  603.000000    0.591622
  608.000000    0.591663
  613.000000    0.597175
  618.000000    0.602046
  623.000000    0.628299
  628.000000    0.660752
  633.000000    0.670894
  638.000000    0.690544
  643.000000    0.712972
  648.000000    0.727174
  653.000000    0.736787
  658.000000    0.732864
  663.000000    0.730434
  668.000000    0.740337
  673.000000    0.742972
  678.000000    0.738080
  683.000000    0.741955
  688.000000    0.714829
  693.000000    0.710245
  698.000000    0.697659
  703.000000    0.678493
  708.000000    0.665743
  713.000000    0.659831
  718.000000    0.631211
  723.000000    0.609778
  728.000000    0.595753
  733.000000    0.572457
  738.000000    0.597567
  743.000000    0.603276
  748.000000    0.619215
  753.000000    0.647418
  758.000000    0.660735
  763.000000    0.683323
  768.000000    0.713024
  773.000000    0.711946
  778.000000    0.684612
  783.000000    0.626311
  788.000000    0.582745
  793.000000    0.568005
  798.000000    0.555185
  803.000000    0.562483
  808.000000    0.548380
  813.000000    0.522931
  818.000000    0.529194
  823.000000    0.560728
  828.000000    0.583631
  833.000000    0.611867
  838.000000    0.622699
  843.000000    0.656526
  848.000000    0.643557
  853.000000    0.628949
  858.000000    0.636048
  863.000000    0.650910
  868.000000    0.648486
  873.000000    0.646978
  878.000000    0.665609
  883.000000    0.685527
  888.000000    0.679310
  893.000000    0.696607
  898.000000    0.711572
  903.000000    0.719641
  908.000000    0.698955
  913.000000    0.673677
  918.000000    0.631231
  923.000000    0.582487
  928.000000    0.567016
  933.000000    0.552714
  938.000000    0.557421
  943.000000    0.553737
  948.000000    0.559225
  953.000000    0.548541
  958.000000    0.567766
  963.000000    0.576089
  968.000000    0.570709
  973.000000    0.582785
  978.000000    0.606480
  983.000000    0.618747
  988.000000    0.621643
  993.000000    0.644456
  998.000000    0.670730
 1003.000000    0.660463
 1008.000000    0.687129
 1013.000000    0.716365
 1018.000000    0.727007
 1023.000000    0.721181
 1028.000000    0.726371
 1033.000000    0.734781
 1038.000000    0.745269
 1043.000000    0.740199
 1048.000000    0.725199
 1053.000000    0.680938
 1058.000000    0.678428
 1063.000000    0.633894
 1068.000000    0.599400
 1073.000000    0.575385
 1078.000000    0.577489
 1083.000000    0.590535
 1088.000000    0.593927
 1093.000000    0.601873
 1098.000000    0.564168
 1103.000000    0.560621
 1108.000000    0.557680
 1113.000000    0.566884
 1118.000000    0.585887
 1123.000000    0.635114
 1128.000000    0.613565
 1133.000000    0.616195
 1138.000000    0.643223
 1143.000000    0.670668
 1148.000000    0.700648
 1153.000000    0.715511
 1158.000000    0.729857
 1163.000000    0.737835
 1168.000000    0.737178
 1173.000000    0.763771
 1178.000000    0.794581
 1183.000000    0.789624
 1188.000000    0.778126
 1193.000000    0.779558
 1198.000000    0.786255
 1203.000000    0.727865
 1208.000000    0.686954
 1213.000000    0.648757
 1218.000000    0.624917
 1223.000000    0.577411
 1228.000000    0.551140
 1233.000000    0.596773
 1238.000000    0.650337
 1243.000000    0.687402
 1248.000000    0.731246
 1253.000000    0.746210
 1258.000000    0.740227
 1263.000000    0.716673
 1268.000000    0.711625
 1273.000000    0.733434
 1278.000000    0.736807
 1283.000000    0.720820
 1288.000000    0.764963
 1293.000000    0.753233
 1298.000000    0.730594
 1303.000000    0.702930
 1308.000000    0.661792
 1313.000000    0.682239
 1318.000000    0.691330
 1323.000000    0.687284
 1328.000000    0.693633
 1333.000000    0.690306
 1338.000000    0.684587
 1343.000000    0.670370
 1348.000000    0.652945
 1353.000000    0.632428
 1358.000000    0.609244
 1363.000000    0.616963
 1368.000000    0.657519
 1373.000000    0.650085
 1378.000000    0.664916
 1383.000000    0.676911
 1388.000000    0.681939
 1393.000000    0.726757
 1398.000000    0.747207
 1403.000000    0.744879
 1408.000000    0.717490
 1413.000000    0.693829
 1418.000000    0.644035
 1423.000000    0.602693
 1428.000000    0.594740
 1433.000000    0.616009
 1438.000000    0.602946
 1443.000000    0.622606
 1448.000000    0.601724
 1453.000000    0.596926
 1458.000000    0.617318
 1463.000000    0.630792
 1468.000000    0.653388
 1473.000000    0.644534
 1478.000000    0.647257
 1483.000000    0.656243
 1488.000000    0.639406
 1493.000000    0.651627
 1498.000000    0.679632
 1503.000000    0.696760
 1508.000000    0.713812
 1513.000000    0.716952
 1518.000000    0.723795
 1523.000000    0.761616
 1528.000000    0.776881
 1533.000000    0.814073
 1538.000000    0.820278
 1543.000000    0.817893
 1548.000000    0.794517
 1553.000000    0.775203
 1558.000000    0.735528
 1563.000000    0.713834
 1568.000000    0.725970
 1573.000000    0.698352
 1578.000000    0.701376
 1583.000000    0.688901
 1588.000000    0.674974
 1593.000000    0.651589
 1598.000000    0.612339
 1603.000000    0.615183
 1608.000000    0.624571
 1613.000000    0.614594
 1618.000000    0.637981
 1623.000000    0.673931
 1628.000000    0.706365
 1633.000000    0.718510
 1638.000000    0.728835
 1643.000000    0.719805
 1648.000000    0.690618
 1653.000000    0.671392
 1658.000000    0.697886
 1663.000000    0.698804
 1668.000000    0.718510
 1673.000000    0.760519
 1678.000000    0.778605
 1683.000000    0.765645
 1688.000000    0.751391
 1693.000000    0.726412
 1698.000000    0.745908
 1703.000000    0.770230
 1708.000000    0.763923
 1713.000000    0.764027
 1718.000000    0.741595
 1723.000000    0.728183
 1728.000000    0.732289
 1733.000000    0.780058
 1738.000000    0.796283
 1743.000000    0.763371
 1748.000000    0.726678
 1753.000000    0.718386
 1758.000000    0.713209
 1763.000000    0.705701
 1768.000000    0.704765
 1773.000000    0.690218
 1778.000000    0.684769
