#  pixel_depth  alphabetafraction   >  Analysis of alpha beta fraction
  109.000000    0.513027
  114.000000    0.543840
  119.000000    0.574305
  124.000000    0.654181
  129.000000    0.691240
  134.000000    0.702498
  139.000000    0.699268
  144.000000    0.666156
  149.000000    0.661916
  154.000000    0.679487
  159.000000    0.682034
  164.000000    0.694896
  169.000000    0.689005
  174.000000    0.685081
  179.000000    0.674079
  184.000000    0.667814
  189.000000    0.685348
  194.000000    0.708794
  199.000000    0.700188
  204.000000    0.683896
  209.000000    0.692336
  214.000000    0.689935
  219.000000    0.655606
  224.000000    0.627334
  229.000000    0.618656
  234.000000    0.608909
  239.000000    0.598745
  244.000000    0.585723
  249.000000    0.570278
  254.000000    0.595627
  259.000000    0.624894
  264.000000    0.647759
  269.000000    0.614375
  274.000000    0.623472
  279.000000    0.621585
  284.000000    0.610492
  289.000000    0.590436
  294.000000    0.579220
  299.000000    0.549087
  304.000000    0.578695
  309.000000    0.605243
  314.000000    0.606175
  319.000000    0.620066
  324.000000    0.641475
  329.000000    0.650387
  334.000000    0.670477
  339.000000    0.697402
  344.000000    0.734465
  349.000000    0.755798
  354.000000    0.752497
  359.000000    0.747695
  364.000000    0.728892
  369.000000    0.710371
  374.000000    0.703102
  379.000000    0.684732
  384.000000    0.652750
  389.000000    0.667834
  394.000000    0.687836
  399.000000    0.674466
  404.000000    0.687529
  409.000000    0.699774
  414.000000    0.691887
  419.000000    0.702204
  424.000000    0.739228
  429.000000    0.753026
  434.000000    0.747823
  439.000000    0.769752
  444.000000    0.764304
  449.000000    0.761333
  454.000000    0.798620
  459.000000    0.793641
  464.000000    0.794509
  469.000000    0.809333
  474.000000    0.789299
  479.000000    0.790262
  484.000000    0.762884
  489.000000    0.716073
  494.000000    0.681295
  499.000000    0.671695
  504.000000    0.651898
  509.000000    0.671757
  514.000000    0.726593
  519.000000    0.737715
  524.000000    0.751646
  529.000000    0.754108
  534.000000    0.761856
  539.000000    0.746514
  544.000000    0.754539
  549.000000    0.749624
  554.000000    0.719973
  559.000000    0.710174
  564.000000    0.710412
  569.000000    0.723881
  574.000000    0.737310
  579.000000    0.742085
  584.000000    0.742001
  589.000000    0.729071
  594.000000    0.746226
  599.000000    0.769753
  604.000000    0.760382
  609.000000    0.737210
  614.000000    0.678855
  619.000000    0.635095
  624.000000    0.593401
  629.000000    0.514981
  634.000000    0.501679
  639.000000    0.534610
  644.000000    0.551260
  649.000000    0.573338
  654.000000    0.553627
  659.000000    0.562750
  664.000000    0.572259
  669.000000    0.577636
  674.000000    0.603300
  679.000000    0.617310
  684.000000    0.652554
  689.000000    0.684840
  694.000000    0.697940
  699.000000    0.716725
  704.000000    0.731116
  709.000000    0.739998
  714.000000    0.717668
  719.000000    0.717475
  724.000000    0.719799
  729.000000    0.712148
  734.000000    0.680590
  739.000000    0.683179
  744.000000    0.674435
  749.000000    0.683923
  754.000000    0.686064
  759.000000    0.682831
  764.000000    0.707658
  769.000000    0.705298
  774.000000    0.700663
  779.000000    0.734986
  784.000000    0.745404
  789.000000    0.733946
  794.000000    0.727438
  799.000000    0.734250
  804.000000    0.741534
  809.000000    0.748505
  814.000000    0.767613
  819.000000    0.747343
  824.000000    0.755879
  829.000000    0.740326
  834.000000    0.745272
  839.000000    0.737214
  844.000000    0.721594
  849.000000    0.748142
  854.000000    0.717167
  859.000000    0.691823
  864.000000    0.697662
  869.000000    0.701434
  874.000000    0.695918
  879.000000    0.675215
  884.000000    0.668118
  889.000000    0.679891
  894.000000    0.695700
  899.000000    0.686459
  904.000000    0.688461
  909.000000    0.684241
  914.000000    0.710797
  919.000000    0.733933
  924.000000    0.730570
  929.000000    0.737731
  934.000000    0.698521
  939.000000    0.662435
  944.000000    0.639362
  949.000000    0.608110
  954.000000    0.619423
  959.000000    0.605028
  964.000000    0.585131
  969.000000    0.585055
  974.000000    0.612509
  979.000000    0.636641
  984.000000    0.642679
  989.000000    0.609015
  994.000000    0.607912
  999.000000    0.627503
 1004.000000    0.688190
 1009.000000    0.741113
 1014.000000    0.768084
 1019.000000    0.745416
 1024.000000    0.747653
 1029.000000    0.761750
 1034.000000    0.783124
 1039.000000    0.800374
 1044.000000    0.798205
 1049.000000    0.791195
 1054.000000    0.784553
 1059.000000    0.764192
 1064.000000    0.712516
 1069.000000    0.714396
 1074.000000    0.689788
 1079.000000    0.614215
 1084.000000    0.544860
 1089.000000    0.518868
 1094.000000    0.528836
 1099.000000    0.533754
 1104.000000    0.560760
 1109.000000    0.604041
 1114.000000    0.636949
 1119.000000    0.671758
 1124.000000    0.693812
 1129.000000    0.712514
 1134.000000    0.709647
 1139.000000    0.712200
 1144.000000    0.713501
 1149.000000    0.716154
 1154.000000    0.713016
 1159.000000    0.691913
 1164.000000    0.692712
 1169.000000    0.689634
 1174.000000    0.678776
 1179.000000    0.656587
 1184.000000    0.690866
 1189.000000    0.711638
 1194.000000    0.705670
 1199.000000    0.693484
 1204.000000    0.710066
 1209.000000    0.732225
 1214.000000    0.702504
 1219.000000    0.685692
 1224.000000    0.680140
 1229.000000    0.654757
 1234.000000    0.652281
 1239.000000    0.636055
 1244.000000    0.670189
 1249.000000    0.685944
 1254.000000    0.698177
 1259.000000    0.715290
 1264.000000    0.732113
 1269.000000    0.746140
 1274.000000    0.742181
 1279.000000    0.736817
 1284.000000    0.717975
 1289.000000    0.732617
 1294.000000    0.748107
 1299.000000    0.752680
 1304.000000    0.746398
 1309.000000    0.739013
 1314.000000    0.748238
 1319.000000    0.703383
 1324.000000    0.700066
 1329.000000    0.682514
 1334.000000    0.667271
 1339.000000    0.638588
 1344.000000    0.604603
 1349.000000    0.601609
 1354.000000    0.607661
 1359.000000    0.602718
 1364.000000    0.604607
 1369.000000    0.627227
 1374.000000    0.659818
 1379.000000    0.698461
 1384.000000    0.710114
 1389.000000    0.690029
 1394.000000    0.693716
 1399.000000    0.714182
 1404.000000    0.697628
 1409.000000    0.688366
 1414.000000    0.694215
 1419.000000    0.701176
 1424.000000    0.673803
 1429.000000    0.680478
 1434.000000    0.685117
 1439.000000    0.712956
 1444.000000    0.709211
 1449.000000    0.706143
 1454.000000    0.729596
 1459.000000    0.694997
 1464.000000    0.688781
 1469.000000    0.674636
 1474.000000    0.617021
 1479.000000    0.608542
 1484.000000    0.607547
 1489.000000    0.636569
 1494.000000    0.611937
 1499.000000    0.586895
 1504.000000    0.583031
 1509.000000    0.599329
 1514.000000    0.627855
 1519.000000    0.669160
 1524.000000    0.718210
 1529.000000    0.730921
 1534.000000    0.750309
 1539.000000    0.735342
 1544.000000    0.754166
 1549.000000    0.766678
 1554.000000    0.740254
 1559.000000    0.730078
 1564.000000    0.718484
 1569.000000    0.701526
 1574.000000    0.677791
 1579.000000    0.651925
 1584.000000    0.658925
 1589.000000    0.666762
 1594.000000    0.667044
 1599.000000    0.668146
 1604.000000    0.651389
 1609.000000    0.709055
 1614.000000    0.711387
 1619.000000    0.748066
 1624.000000    0.758034
 1629.000000    0.770231
 1634.000000    0.766926
 1639.000000    0.769829
 1644.000000    0.755828
 1649.000000    0.734883
 1654.000000    0.717985
 1659.000000    0.717169
 1664.000000    0.711602
 1669.000000    0.699364
 1674.000000    0.682206
 1679.000000    0.650582
 1684.000000    0.652918
 1689.000000    0.703410
 1694.000000    0.725394
 1699.000000    0.709133
 1704.000000    0.715668
 1709.000000    0.737572
 1714.000000    0.742774
 1719.000000    0.734425
 1724.000000    0.739186
 1729.000000    0.748923
 1734.000000    0.744069
 1739.000000    0.744765
 1744.000000    0.743449
 1749.000000    0.721064
 1754.000000    0.714250
 1759.000000    0.726775
 1764.000000    0.738587
 1769.000000    0.735340
 1774.000000    0.748738
 1779.000000    0.787584
 1784.000000    0.764980
 1789.000000    0.754182
 1794.000000    0.697653
 1799.000000    0.617347
 1804.000000    0.568967
 1809.000000    0.568334
 1814.000000    0.574020
 1819.000000    0.587449
 1824.000000    0.575994
 1829.000000    0.557533
 1834.000000    0.571669
 1839.000000    0.583985
 1844.000000    0.585380
 1849.000000    0.579945
 1854.000000    0.617896
 1859.000000    0.647289
 1864.000000    0.671118
 1869.000000    0.701176
