#  pixel_depth  alphabetafraction   >  Analysis of alpha beta fraction
   75.000000    0.706295
   80.000000    0.701155
   85.000000    0.673014
   90.000000    0.650297
   95.000000    0.653095
  100.000000    0.617588
  105.000000    0.604096
  110.000000    0.591915
  115.000000    0.599406
  120.000000    0.621008
  125.000000    0.638149
  130.000000    0.660553
  135.000000    0.679406
  140.000000    0.688685
  145.000000    0.694457
  150.000000    0.684345
  155.000000    0.689553
  160.000000    0.697658
  165.000000    0.705025
  170.000000    0.719100
  175.000000    0.728290
  180.000000    0.721090
  185.000000    0.702996
  190.000000    0.682330
  195.000000    0.687870
  200.000000    0.679861
  205.000000    0.698715
  210.000000    0.721443
  215.000000    0.724333
  220.000000    0.730988
  225.000000    0.734742
  230.000000    0.759287
  235.000000    0.778717
  240.000000    0.771469
  245.000000    0.766201
  250.000000    0.751202
  255.000000    0.740763
  260.000000    0.743762
  265.000000    0.735017
  270.000000    0.730246
  275.000000    0.729881
  280.000000    0.723197
  285.000000    0.695465
  290.000000    0.688010
  295.000000    0.705192
  300.000000    0.687170
  305.000000    0.650635
  310.000000    0.631736
  315.000000    0.629150
  320.000000    0.633073
  325.000000    0.641717
  330.000000    0.638516
  335.000000    0.642245
  340.000000    0.674041
  345.000000    0.691265
  350.000000    0.677347
  355.000000    0.679810
  360.000000    0.678985
  365.000000    0.662168
  370.000000    0.639926
  375.000000    0.614296
  380.000000    0.570038
  385.000000    0.543177
  390.000000    0.537510
  395.000000    0.549520
  400.000000    0.552106
  405.000000    0.549474
  410.000000    0.568044
  415.000000    0.578226
  420.000000    0.599047
  425.000000    0.668082
  430.000000    0.732909
  435.000000    0.746991
  440.000000    0.746315
  445.000000    0.768542
  450.000000    0.782280
  455.000000    0.797280
  460.000000    0.815163
  465.000000    0.836139
  470.000000    0.862432
  475.000000    0.856510
  480.000000    0.852638
  485.000000    0.865190
  490.000000    0.872386
  495.000000    0.845790
  500.000000    0.827258
  505.000000    0.805014
  510.000000    0.797874
  515.000000    0.769665
  520.000000    0.767999
  525.000000    0.776206
  530.000000    0.787174
  535.000000    0.793973
  540.000000    0.797277
  545.000000    0.791655
  550.000000    0.785155
  555.000000    0.778490
  560.000000    0.774965
  565.000000    0.787824
  570.000000    0.771371
  575.000000    0.736898
  580.000000    0.748831
  585.000000    0.744251
  590.000000    0.723762
  595.000000    0.708805
  600.000000    0.685200
  605.000000    0.663325
  610.000000    0.619447
  615.000000    0.602398
  620.000000    0.578939
  625.000000    0.549244
  630.000000    0.538398
  635.000000    0.538200
  640.000000    0.558483
  645.000000    0.569937
  650.000000    0.603105
  655.000000    0.608711
  660.000000    0.620608
  665.000000    0.622582
  670.000000    0.641968
  675.000000    0.656832
  680.000000    0.675425
  685.000000    0.689602
  690.000000    0.684837
  695.000000    0.683337
  700.000000    0.659824
  705.000000    0.645260
  710.000000    0.621284
  715.000000    0.625102
  720.000000    0.642674
  725.000000    0.643773
  730.000000    0.652177
  735.000000    0.635318
  740.000000    0.638797
  745.000000    0.609894
  750.000000    0.599284
  755.000000    0.615148
  760.000000    0.623744
  765.000000    0.635532
  770.000000    0.647749
  775.000000    0.649517
  780.000000    0.651794
  785.000000    0.633847
  790.000000    0.621772
  795.000000    0.627690
  800.000000    0.670240
  805.000000    0.677913
  810.000000    0.669144
  815.000000    0.653980
  820.000000    0.666379
  825.000000    0.660414
  830.000000    0.641844
  835.000000    0.652077
  840.000000    0.652401
  845.000000    0.688897
  850.000000    0.709834
  855.000000    0.715955
  860.000000    0.735326
  865.000000    0.756440
  870.000000    0.783755
  875.000000    0.783094
  880.000000    0.779350
  885.000000    0.781947
  890.000000    0.776240
  895.000000    0.749692
  900.000000    0.724189
  905.000000    0.730257
  910.000000    0.743877
  915.000000    0.755395
  920.000000    0.766983
  925.000000    0.775201
  930.000000    0.777406
  935.000000    0.769060
  940.000000    0.763734
  945.000000    0.723257
  950.000000    0.695346
  955.000000    0.685467
  960.000000    0.665598
  965.000000    0.638749
  970.000000    0.607857
  975.000000    0.607796
  980.000000    0.578825
  985.000000    0.559941
  990.000000    0.552986
  995.000000    0.572693
 1000.000000    0.574890
 1005.000000    0.599091
 1010.000000    0.611434
 1015.000000    0.625662
 1020.000000    0.638660
 1025.000000    0.649555
 1030.000000    0.688269
 1035.000000    0.711976
 1040.000000    0.724282
 1045.000000    0.731140
 1050.000000    0.754385
 1055.000000    0.778965
 1060.000000    0.819903
 1065.000000    0.830363
 1070.000000    0.811792
 1075.000000    0.805486
 1080.000000    0.792985
 1085.000000    0.799567
 1090.000000    0.775973
 1095.000000    0.757759
 1100.000000    0.748789
 1105.000000    0.734936
 1110.000000    0.719563
 1115.000000    0.706243
 1120.000000    0.702327
 1125.000000    0.667731
 1130.000000    0.657820
 1135.000000    0.658922
 1140.000000    0.696274
 1145.000000    0.701580
 1150.000000    0.678592
 1155.000000    0.681625
 1160.000000    0.704059
 1165.000000    0.725861
 1170.000000    0.781015
 1175.000000    0.837006
 1180.000000    0.834871
 1185.000000    0.831164
 1190.000000    0.786002
 1195.000000    0.747725
 1200.000000    0.724572
 1205.000000    0.713928
 1210.000000    0.728600
 1215.000000    0.727114
 1220.000000    0.744582
 1225.000000    0.766729
 1230.000000    0.796725
 1235.000000    0.805356
 1240.000000    0.828581
 1245.000000    0.840400
 1250.000000    0.851197
 1255.000000    0.852571
 1260.000000    0.835260
 1265.000000    0.835327
 1270.000000    0.817722
 1275.000000    0.776254
 1280.000000    0.736871
 1285.000000    0.708882
 1290.000000    0.709585
 1295.000000    0.711913
 1300.000000    0.725063
 1305.000000    0.715731
 1310.000000    0.695480
 1315.000000    0.724617
 1320.000000    0.737597
 1325.000000    0.734612
 1330.000000    0.732012
 1335.000000    0.714076
 1340.000000    0.722690
 1345.000000    0.717903
 1350.000000    0.705496
 1355.000000    0.665864
 1360.000000    0.671472
 1365.000000    0.674775
 1370.000000    0.666525
 1375.000000    0.657992
 1380.000000    0.659493
 1385.000000    0.659659
 1390.000000    0.697192
 1395.000000    0.724613
 1400.000000    0.706053
 1405.000000    0.690785
 1410.000000    0.704863
 1415.000000    0.699940
 1420.000000    0.691260
 1425.000000    0.692658
 1430.000000    0.700748
 1435.000000    0.695752
 1440.000000    0.681770
 1445.000000    0.672098
 1450.000000    0.662768
 1455.000000    0.633824
 1460.000000    0.627873
 1465.000000    0.626295
 1470.000000    0.620880
 1475.000000    0.614492
 1480.000000    0.602907
 1485.000000    0.583041
 1490.000000    0.568212
 1495.000000    0.551632
 1500.000000    0.541466
 1505.000000    0.549210
 1510.000000    0.564258
 1515.000000    0.589784
 1520.000000    0.591788
 1525.000000    0.613085
 1530.000000    0.632861
 1535.000000    0.660670
 1540.000000    0.703673
 1545.000000    0.742586
 1550.000000    0.772302
 1555.000000    0.798538
 1560.000000    0.813436
 1565.000000    0.813065
 1570.000000    0.791664
 1575.000000    0.778414
 1580.000000    0.775625
 1585.000000    0.752647
 1590.000000    0.720978
 1595.000000    0.736156
 1600.000000    0.729392
 1605.000000    0.725531
 1610.000000    0.684906
 1615.000000    0.683135
 1620.000000    0.686735
 1625.000000    0.658438
 1630.000000    0.646387
 1635.000000    0.608377
 1640.000000    0.605310
 1645.000000    0.535387
 1650.000000    0.521783
 1655.000000    0.527524
 1660.000000    0.525347
 1665.000000    0.522174
 1670.000000    0.538734
 1675.000000    0.547156
 1680.000000    0.590748
 1685.000000    0.632131
 1690.000000    0.638872
 1695.000000    0.644032
 1700.000000    0.665632
 1705.000000    0.670065
 1710.000000    0.694275
 1715.000000    0.677635
 1720.000000    0.696739
 1725.000000    0.703686
 1730.000000    0.696088
 1735.000000    0.684014
 1740.000000    0.705483
 1745.000000    0.740265
 1750.000000    0.757339
 1755.000000    0.750622
 1760.000000    0.753070
 1765.000000    0.747878
 1770.000000    0.731533
 1775.000000    0.706498
 1780.000000    0.679867
 1785.000000    0.668618
 1790.000000    0.659322
 1795.000000    0.647416
 1800.000000    0.640157
 1805.000000    0.625157
 1810.000000    0.603581
 1815.000000    0.619558
 1820.000000    0.643107
 1825.000000    0.666928
 1830.000000    0.674368
 1835.000000    0.669177
 1840.000000    0.682287
 1845.000000    0.697203
 1850.000000    0.699396
 1855.000000    0.691395
 1860.000000    0.732690
 1865.000000    0.753250
 1870.000000    0.754972
 1875.000000    0.757728
