#  pixel_depth  alphabetafraction   >  Analysis of alpha beta fraction
  105.000000    0.782816
  110.000000    0.803884
  115.000000    0.785361
  120.000000    0.764455
  125.000000    0.754106
  130.000000    0.749093
  135.000000    0.762716
  140.000000    0.765245
  145.000000    0.770642
  150.000000    0.773485
  155.000000    0.796294
  160.000000    0.796341
  165.000000    0.785456
  170.000000    0.775095
  175.000000    0.798111
  180.000000    0.802509
  185.000000    0.817147
  190.000000    0.792301
  195.000000    0.769583
  200.000000    0.756123
  205.000000    0.744020
  210.000000    0.716871
  215.000000    0.726594
  220.000000    0.717116
  225.000000    0.719700
  230.000000    0.744008
  235.000000    0.751576
  240.000000    0.770808
  245.000000    0.778808
  250.000000    0.798505
  255.000000    0.807351
  260.000000    0.798502
  265.000000    0.812356
  270.000000    0.789695
  275.000000    0.778597
  280.000000    0.795110
  285.000000    0.823372
  290.000000    0.842467
  295.000000    0.837437
  300.000000    0.797425
  305.000000    0.795234
  310.000000    0.765315
  315.000000    0.737942
  320.000000    0.701915
  325.000000    0.677333
  330.000000    0.669478
  335.000000    0.649463
  340.000000    0.712910
  345.000000    0.718761
  350.000000    0.668922
  355.000000    0.644612
  360.000000    0.681270
  365.000000    0.674756
  370.000000    0.686727
  375.000000    0.698771
  380.000000    0.702083
  385.000000    0.730223
  390.000000    0.758082
  395.000000    0.751827
  400.000000    0.749649
  405.000000    0.751456
  410.000000    0.720838
  415.000000    0.716187
  420.000000    0.717559
  425.000000    0.723161
  430.000000    0.713008
  435.000000    0.687866
  440.000000    0.702750
  445.000000    0.713404
  450.000000    0.719920
  455.000000    0.718645
  460.000000    0.731148
  465.000000    0.751517
  470.000000    0.772553
  475.000000    0.776450
  480.000000    0.757837
  485.000000    0.753890
  490.000000    0.742765
  495.000000    0.764254
  500.000000    0.725607
  505.000000    0.683836
  510.000000    0.655721
  515.000000    0.612952
  520.000000    0.654577
  525.000000    0.666642
  530.000000    0.662049
  535.000000    0.656517
  540.000000    0.689971
  545.000000    0.714580
  550.000000    0.720439
  555.000000    0.733563
  560.000000    0.763143
  565.000000    0.758305
  570.000000    0.763418
  575.000000    0.787611
  580.000000    0.769199
  585.000000    0.753944
  590.000000    0.744839
  595.000000    0.745441
  600.000000    0.756776
  605.000000    0.772297
  610.000000    0.735316
  615.000000    0.708170
  620.000000    0.692092
  625.000000    0.670919
  630.000000    0.639628
  635.000000    0.660588
  640.000000    0.658578
  645.000000    0.689920
  650.000000    0.708606
  655.000000    0.743114
  660.000000    0.760253
  665.000000    0.773710
  670.000000    0.768225
  675.000000    0.762287
  680.000000    0.759001
  685.000000    0.786721
  690.000000    0.750890
  695.000000    0.711327
  700.000000    0.707803
  705.000000    0.711639
  710.000000    0.680312
  715.000000    0.675935
  720.000000    0.681840
  725.000000    0.668217
  730.000000    0.629219
  735.000000    0.632746
  740.000000    0.670184
  745.000000    0.698169
  750.000000    0.722102
  755.000000    0.748466
  760.000000    0.788926
  765.000000    0.778649
  770.000000    0.762163
  775.000000    0.764695
  780.000000    0.739797
  785.000000    0.766781
  790.000000    0.744613
  795.000000    0.727296
  800.000000    0.693142
  805.000000    0.693132
  810.000000    0.662980
  815.000000    0.645532
  820.000000    0.651420
  825.000000    0.659332
  830.000000    0.643531
  835.000000    0.641514
  840.000000    0.678562
  845.000000    0.701490
  850.000000    0.716383
  855.000000    0.761075
  860.000000    0.793905
  865.000000    0.813006
  870.000000    0.827396
  875.000000    0.828855
  880.000000    0.809625
  885.000000    0.782882
  890.000000    0.765322
  895.000000    0.785171
  900.000000    0.782170
  905.000000    0.786199
  910.000000    0.761165
  915.000000    0.754215
  920.000000    0.756567
  925.000000    0.765409
  930.000000    0.750670
  935.000000    0.734113
  940.000000    0.717633
  945.000000    0.721190
  950.000000    0.749022
  955.000000    0.765833
  960.000000    0.782787
  965.000000    0.770488
  970.000000    0.758317
  975.000000    0.723037
  980.000000    0.716626
  985.000000    0.722350
  990.000000    0.736370
  995.000000    0.738985
 1000.000000    0.720311
 1005.000000    0.718801
 1010.000000    0.711659
 1015.000000    0.708618
 1020.000000    0.694399
 1025.000000    0.676347
 1030.000000    0.686295
 1035.000000    0.666037
 1040.000000    0.631153
 1045.000000    0.606722
 1050.000000    0.619619
 1055.000000    0.637469
 1060.000000    0.653554
 1065.000000    0.667873
 1070.000000    0.697415
 1075.000000    0.767366
 1080.000000    0.807584
 1085.000000    0.823168
 1090.000000    0.829614
 1095.000000    0.830024
 1100.000000    0.795974
 1105.000000    0.734467
 1110.000000    0.727612
 1115.000000    0.727133
 1120.000000    0.748094
 1125.000000    0.752122
 1130.000000    0.743940
 1135.000000    0.732760
 1140.000000    0.735210
 1145.000000    0.714623
 1150.000000    0.708649
 1155.000000    0.725304
 1160.000000    0.711322
 1165.000000    0.736770
 1170.000000    0.729733
 1175.000000    0.707297
 1180.000000    0.728802
 1185.000000    0.774372
 1190.000000    0.780374
 1195.000000    0.750121
 1200.000000    0.738930
 1205.000000    0.740559
 1210.000000    0.764520
 1215.000000    0.806401
 1220.000000    0.801376
 1225.000000    0.778765
 1230.000000    0.764985
 1235.000000    0.751608
 1240.000000    0.726723
 1245.000000    0.693624
 1250.000000    0.686252
 1255.000000    0.679332
 1260.000000    0.698594
 1265.000000    0.704737
 1270.000000    0.709029
 1275.000000    0.714086
 1280.000000    0.720537
 1285.000000    0.727041
 1290.000000    0.728458
 1295.000000    0.706909
 1300.000000    0.722473
 1305.000000    0.735782
 1310.000000    0.742577
 1315.000000    0.771638
 1320.000000    0.784068
 1325.000000    0.763754
 1330.000000    0.747262
 1335.000000    0.743133
 1340.000000    0.713337
 1345.000000    0.724934
 1350.000000    0.730068
 1355.000000    0.753785
 1360.000000    0.751094
 1365.000000    0.749817
 1370.000000    0.733791
 1375.000000    0.752074
 1380.000000    0.753116
 1385.000000    0.750193
 1390.000000    0.755484
 1395.000000    0.747964
 1400.000000    0.781647
 1405.000000    0.819883
 1410.000000    0.838141
 1415.000000    0.841823
 1420.000000    0.820238
 1425.000000    0.806669
 1430.000000    0.806723
 1435.000000    0.773959
 1440.000000    0.729729
 1445.000000    0.719807
 1450.000000    0.728287
 1455.000000    0.741960
 1460.000000    0.754233
 1465.000000    0.791112
 1470.000000    0.791333
 1475.000000    0.796720
 1480.000000    0.781505
 1485.000000    0.750062
 1490.000000    0.741029
 1495.000000    0.708969
 1500.000000    0.691998
 1505.000000    0.669045
 1510.000000    0.684025
 1515.000000    0.717749
 1520.000000    0.772428
 1525.000000    0.778895
 1530.000000    0.748779
 1535.000000    0.740687
 1540.000000    0.766352
 1545.000000    0.780594
 1550.000000    0.751736
 1555.000000    0.754076
 1560.000000    0.754556
 1565.000000    0.760637
 1570.000000    0.745286
 1575.000000    0.749208
 1580.000000    0.757469
 1585.000000    0.747479
 1590.000000    0.746782
 1595.000000    0.722162
 1600.000000    0.710457
 1605.000000    0.697693
 1610.000000    0.684146
 1615.000000    0.702520
 1620.000000    0.737910
 1625.000000    0.760447
 1630.000000    0.770133
 1635.000000    0.776985
 1640.000000    0.782751
 1645.000000    0.800487
 1650.000000    0.826917
 1655.000000    0.817709
 1660.000000    0.819142
 1665.000000    0.768725
 1670.000000    0.718956
 1675.000000    0.706952
 1680.000000    0.701589
 1685.000000    0.739983
 1690.000000    0.723601
 1695.000000    0.718577
 1700.000000    0.716571
 1705.000000    0.712141
 1710.000000    0.695391
 1715.000000    0.720920
 1720.000000    0.745552
 1725.000000    0.761015
 1730.000000    0.761961
 1735.000000    0.746047
 1740.000000    0.722585
 1745.000000    0.704864
 1750.000000    0.705779
 1755.000000    0.712640
 1760.000000    0.720798
 1765.000000    0.732436
 1770.000000    0.729048
 1775.000000    0.682653
 1780.000000    0.703100
 1785.000000    0.742963
 1790.000000    0.767798
 1795.000000    0.744838
 1800.000000    0.730280
 1805.000000    0.735230
 1810.000000    0.740290
 1815.000000    0.769868
 1820.000000    0.785211
 1825.000000    0.785501
 1830.000000    0.781035
 1835.000000    0.790572
 1840.000000    0.775616
 1845.000000    0.742483
 1850.000000    0.760453
 1855.000000    0.755073
 1860.000000    0.755993
 1865.000000    0.742363
 1870.000000    0.702359
 1875.000000    0.673889
 1880.000000    0.654823
 1885.000000    0.628066
 1890.000000    0.618773
 1895.000000    0.625180
 1900.000000    0.648472
