#  pixel_depth  alphabetafraction   >  Analysis of alpha beta fraction
   84.000000    0.766145
   89.000000    0.755299
   94.000000    0.758566
   99.000000    0.730432
  104.000000    0.698783
  109.000000    0.693222
  114.000000    0.711548
  119.000000    0.697718
  124.000000    0.703867
  129.000000    0.686287
  134.000000    0.634306
  139.000000    0.603290
  144.000000    0.600206
  149.000000    0.605165
  154.000000    0.638451
  159.000000    0.666235
  164.000000    0.702113
  169.000000    0.717412
  174.000000    0.719200
  179.000000    0.697034
  184.000000    0.691826
  189.000000    0.674607
  194.000000    0.668059
  199.000000    0.660219
  204.000000    0.653965
  209.000000    0.682608
  214.000000    0.703791
  219.000000    0.717412
  224.000000    0.723326
  229.000000    0.742878
  234.000000    0.737696
  239.000000    0.737008
  244.000000    0.707475
  249.000000    0.671140
  254.000000    0.659851
  259.000000    0.677464
  264.000000    0.678920
  269.000000    0.681192
  274.000000    0.650784
  279.000000    0.628893
  284.000000    0.637726
  289.000000    0.659600
  294.000000    0.681187
  299.000000    0.702288
  304.000000    0.725269
  309.000000    0.754405
  314.000000    0.793885
  319.000000    0.794581
  324.000000    0.796765
  329.000000    0.795411
  334.000000    0.787392
  339.000000    0.755801
  344.000000    0.742139
  349.000000    0.728679
  354.000000    0.688902
  359.000000    0.692365
  364.000000    0.716113
  369.000000    0.751656
  374.000000    0.756610
  379.000000    0.764213
  384.000000    0.798300
  389.000000    0.827268
  394.000000    0.826315
  399.000000    0.803511
  404.000000    0.804895
  409.000000    0.792009
  414.000000    0.787979
  419.000000    0.804842
  424.000000    0.797426
  429.000000    0.769065
  434.000000    0.730530
  439.000000    0.701487
  444.000000    0.673122
  449.000000    0.655607
  454.000000    0.637280
  459.000000    0.639427
  464.000000    0.613254
  469.000000    0.606075
  474.000000    0.609807
  479.000000    0.599745
  484.000000    0.584017
  489.000000    0.617047
  494.000000    0.630738
  499.000000    0.642711
  504.000000    0.674458
  509.000000    0.690802
  514.000000    0.700467
  519.000000    0.699487
  524.000000    0.677913
  529.000000    0.659230
  534.000000    0.676445
  539.000000    0.667888
  544.000000    0.666045
  549.000000    0.669568
  554.000000    0.658735
  559.000000    0.648673
  564.000000    0.657546
  569.000000    0.674681
  574.000000    0.681742
  579.000000    0.678946
  584.000000    0.685171
  589.000000    0.706288
  594.000000    0.743825
  599.000000    0.754386
  604.000000    0.758224
  609.000000    0.756471
  614.000000    0.715936
  619.000000    0.719660
  624.000000    0.716959
  629.000000    0.725910
  634.000000    0.724118
  639.000000    0.727782
  644.000000    0.725578
  649.000000    0.739075
  654.000000    0.745177
  659.000000    0.748009
  664.000000    0.749644
  669.000000    0.753412
  674.000000    0.758218
  679.000000    0.760522
  684.000000    0.752549
  689.000000    0.759391
  694.000000    0.761995
  699.000000    0.754563
  704.000000    0.767282
  709.000000    0.706233
  714.000000    0.672987
  719.000000    0.656026
  724.000000    0.619910
  729.000000    0.615433
  734.000000    0.602836
  739.000000    0.601118
  744.000000    0.603341
  749.000000    0.649953
  754.000000    0.682272
  759.000000    0.704081
  764.000000    0.729072
  769.000000    0.735994
  774.000000    0.756216
  779.000000    0.761515
  784.000000    0.759371
  789.000000    0.758133
  794.000000    0.748575
  799.000000    0.735419
  804.000000    0.709381
  809.000000    0.679196
  814.000000    0.683721
  819.000000    0.720234
  824.000000    0.751139
  829.000000    0.771799
  834.000000    0.805086
  839.000000    0.823394
  844.000000    0.799183
  849.000000    0.795452
  854.000000    0.786965
  859.000000    0.774603
  864.000000    0.751531
  869.000000    0.757678
  874.000000    0.765960
  879.000000    0.731514
  884.000000    0.693603
  889.000000    0.705292
  894.000000    0.690587
  899.000000    0.702544
  904.000000    0.701067
  909.000000    0.722949
  914.000000    0.756364
  919.000000    0.787191
  924.000000    0.793561
  929.000000    0.799561
  934.000000    0.791902
  939.000000    0.798735
  944.000000    0.777560
  949.000000    0.741160
  954.000000    0.741427
  959.000000    0.732880
  964.000000    0.722688
  969.000000    0.737835
  974.000000    0.757828
  979.000000    0.775365
  984.000000    0.801773
  989.000000    0.809089
  994.000000    0.815420
  999.000000    0.808059
 1004.000000    0.792970
 1009.000000    0.756572
 1014.000000    0.715746
 1019.000000    0.689018
 1024.000000    0.688856
 1029.000000    0.681547
 1034.000000    0.668640
 1039.000000    0.653728
 1044.000000    0.663730
 1049.000000    0.650227
 1054.000000    0.667978
 1059.000000    0.695326
 1064.000000    0.694865
 1069.000000    0.707022
 1074.000000    0.701408
 1079.000000    0.714443
 1084.000000    0.698475
 1089.000000    0.690875
 1094.000000    0.681027
 1099.000000    0.701412
 1104.000000    0.718241
 1109.000000    0.728355
 1114.000000    0.744808
 1119.000000    0.753702
 1124.000000    0.740942
 1129.000000    0.707659
 1134.000000    0.683181
 1139.000000    0.669132
 1144.000000    0.652254
 1149.000000    0.633347
 1154.000000    0.637221
 1159.000000    0.644747
 1164.000000    0.648535
 1169.000000    0.616516
 1174.000000    0.587976
 1179.000000    0.585862
 1184.000000    0.615410
 1189.000000    0.650732
 1194.000000    0.674297
 1199.000000    0.673921
 1204.000000    0.664943
 1209.000000    0.653114
 1214.000000    0.690450
 1219.000000    0.691871
 1224.000000    0.707339
 1229.000000    0.725832
 1234.000000    0.735003
 1239.000000    0.725924
 1244.000000    0.734599
 1249.000000    0.712725
 1254.000000    0.706225
 1259.000000    0.734690
 1264.000000    0.749219
 1269.000000    0.730899
 1274.000000    0.722337
 1279.000000    0.730616
 1284.000000    0.749275
 1289.000000    0.756464
 1294.000000    0.742957
 1299.000000    0.723764
 1304.000000    0.726088
 1309.000000    0.725438
 1314.000000    0.721754
 1319.000000    0.687784
 1324.000000    0.693526
 1329.000000    0.699644
 1334.000000    0.701747
 1339.000000    0.703761
 1344.000000    0.727144
 1349.000000    0.729318
 1354.000000    0.732907
 1359.000000    0.743133
 1364.000000    0.748459
 1369.000000    0.726814
 1374.000000    0.716210
 1379.000000    0.713525
 1384.000000    0.699397
 1389.000000    0.693883
 1394.000000    0.686533
 1399.000000    0.705037
 1404.000000    0.705074
 1409.000000    0.700208
 1414.000000    0.726767
 1419.000000    0.735651
 1424.000000    0.732304
 1429.000000    0.730295
 1434.000000    0.755367
 1439.000000    0.757674
 1444.000000    0.776199
 1449.000000    0.804270
 1454.000000    0.808358
 1459.000000    0.822927
 1464.000000    0.824079
 1469.000000    0.814104
 1474.000000    0.809522
 1479.000000    0.797305
 1484.000000    0.766985
 1489.000000    0.759453
 1494.000000    0.725659
 1499.000000    0.714221
 1504.000000    0.702152
 1509.000000    0.659482
 1514.000000    0.635761
 1519.000000    0.634557
 1524.000000    0.655682
 1529.000000    0.637569
 1534.000000    0.640122
 1539.000000    0.660828
 1544.000000    0.695013
 1549.000000    0.718040
 1554.000000    0.735407
 1559.000000    0.765577
 1564.000000    0.774560
 1569.000000    0.782288
 1574.000000    0.766219
 1579.000000    0.786709
 1584.000000    0.768848
 1589.000000    0.729926
 1594.000000    0.742432
 1599.000000    0.783260
 1604.000000    0.778638
 1609.000000    0.776623
 1614.000000    0.757457
 1619.000000    0.733694
 1624.000000    0.726018
 1629.000000    0.731256
 1634.000000    0.735113
 1639.000000    0.738656
 1644.000000    0.703141
 1649.000000    0.667837
 1654.000000    0.692856
 1659.000000    0.712060
 1664.000000    0.675825
 1669.000000    0.594735
 1674.000000    0.603965
 1679.000000    0.624278
 1684.000000    0.649876
 1689.000000    0.675888
 1694.000000    0.706610
 1699.000000    0.721830
 1704.000000    0.723702
 1709.000000    0.736064
