#  pixel_depth  alphabetafraction   >  Analysis of alpha beta fraction
  322.000000    0.747298
  327.000000    0.725680
  332.000000    0.673794
  337.000000    0.629252
  342.000000    0.635010
  347.000000    0.645727
  352.000000    0.638946
  357.000000    0.686974
  362.000000    0.721983
  367.000000    0.750395
  372.000000    0.761042
  377.000000    0.744789
  382.000000    0.756815
  387.000000    0.781827
  392.000000    0.767951
  397.000000    0.766370
  402.000000    0.741707
  407.000000    0.730584
  412.000000    0.705949
  417.000000    0.696697
  422.000000    0.697386
  427.000000    0.659891
  432.000000    0.646026
  437.000000    0.663935
  442.000000    0.630855
  447.000000    0.653624
  452.000000    0.679016
  457.000000    0.699939
  462.000000    0.708676
  467.000000    0.711740
  472.000000    0.697498
  477.000000    0.698928
  482.000000    0.676759
  487.000000    0.666806
  492.000000    0.653038
  497.000000    0.665825
  502.000000    0.680815
  507.000000    0.673026
  512.000000    0.658748
  517.000000    0.653304
  522.000000    0.671607
  527.000000    0.694249
  532.000000    0.721705
  537.000000    0.740518
  542.000000    0.747964
  547.000000    0.744888
  552.000000    0.756162
  557.000000    0.746334
  562.000000    0.718183
  567.000000    0.707534
  572.000000    0.698727
  577.000000    0.698393
  582.000000    0.709832
  587.000000    0.692299
  592.000000    0.692157
  597.000000    0.680627
  602.000000    0.668848
  607.000000    0.644493
  612.000000    0.655406
  617.000000    0.639097
  622.000000    0.618059
  627.000000    0.598448
  632.000000    0.617329
  637.000000    0.598077
  642.000000    0.598922
  647.000000    0.626680
  652.000000    0.633371
  657.000000    0.657500
  662.000000    0.697799
  667.000000    0.731944
  672.000000    0.756742
  677.000000    0.790882
  682.000000    0.818516
  687.000000    0.822716
  692.000000    0.801067
  697.000000    0.757631
  702.000000    0.774671
  707.000000    0.749512
  712.000000    0.701260
  717.000000    0.656765
  722.000000    0.617250
  727.000000    0.620050
  732.000000    0.653668
  737.000000    0.675053
  742.000000    0.685978
  747.000000    0.693129
  752.000000    0.684530
  757.000000    0.675999
  762.000000    0.696125
  767.000000    0.705916
  772.000000    0.717629
  777.000000    0.688818
  782.000000    0.627491
  787.000000    0.567385
  792.000000    0.571453
  797.000000    0.603776
  802.000000    0.623742
  807.000000    0.614845
  812.000000    0.606563
  817.000000    0.627935
  822.000000    0.658571
  827.000000    0.678945
  832.000000    0.706366
  837.000000    0.720098
  842.000000    0.678884
  847.000000    0.651113
  852.000000    0.657178
  857.000000    0.692205
  862.000000    0.700497
  867.000000    0.660120
  872.000000    0.642536
  877.000000    0.665693
  882.000000    0.673094
  887.000000    0.698442
  892.000000    0.735939
  897.000000    0.749824
  902.000000    0.718066
  907.000000    0.711350
  912.000000    0.729340
  917.000000    0.737281
  922.000000    0.762101
  927.000000    0.777942
  932.000000    0.789592
  937.000000    0.814096
  942.000000    0.786646
  947.000000    0.771488
  952.000000    0.759439
  957.000000    0.750479
  962.000000    0.759064
  967.000000    0.757131
  972.000000    0.760819
  977.000000    0.768597
  982.000000    0.817297
  987.000000    0.819629
  992.000000    0.809232
  997.000000    0.805728
 1002.000000    0.822257
 1007.000000    0.819340
 1012.000000    0.842913
 1017.000000    0.838366
 1022.000000    0.797995
 1027.000000    0.742546
 1032.000000    0.733162
 1037.000000    0.711905
 1042.000000    0.683042
 1047.000000    0.719633
 1052.000000    0.738901
 1057.000000    0.750578
 1062.000000    0.728017
 1067.000000    0.690405
 1072.000000    0.695852
 1077.000000    0.699605
 1082.000000    0.712119
 1087.000000    0.720527
 1092.000000    0.728972
 1097.000000    0.740229
 1102.000000    0.710146
 1107.000000    0.725511
 1112.000000    0.727174
 1117.000000    0.736370
 1122.000000    0.754438
 1127.000000    0.779021
 1132.000000    0.784469
 1137.000000    0.789012
 1142.000000    0.765358
 1147.000000    0.735488
 1152.000000    0.738621
 1157.000000    0.751010
 1162.000000    0.776751
 1167.000000    0.824989
 1172.000000    0.810192
 1177.000000    0.822372
 1182.000000    0.800918
 1187.000000    0.784727
 1192.000000    0.758222
 1197.000000    0.747739
 1202.000000    0.737295
 1207.000000    0.729668
 1212.000000    0.720120
 1217.000000    0.703355
 1222.000000    0.691118
 1227.000000    0.678983
 1232.000000    0.716604
 1237.000000    0.750856
 1242.000000    0.744606
 1247.000000    0.709139
 1252.000000    0.713940
 1257.000000    0.729110
 1262.000000    0.764845
 1267.000000    0.766236
 1272.000000    0.780637
 1277.000000    0.785172
 1282.000000    0.800575
 1287.000000    0.848494
 1292.000000    0.858112
 1297.000000    0.845087
 1302.000000    0.738264
 1307.000000    0.705792
 1312.000000    0.700097
 1317.000000    0.684643
 1322.000000    0.684435
 1327.000000    0.722334
 1332.000000    0.742910
 1337.000000    0.753602
 1342.000000    0.756736
 1347.000000    0.732695
 1352.000000    0.727267
 1357.000000    0.731634
 1362.000000    0.734829
 1367.000000    0.763015
 1372.000000    0.795305
 1377.000000    0.783651
 1382.000000    0.755713
 1387.000000    0.749897
 1392.000000    0.713807
 1397.000000    0.722296
 1402.000000    0.739208
 1407.000000    0.738914
 1412.000000    0.736949
 1417.000000    0.739280
 1422.000000    0.711425
 1427.000000    0.728128
 1432.000000    0.747590
 1437.000000    0.749845
 1442.000000    0.754793
 1447.000000    0.767701
 1452.000000    0.739798
 1457.000000    0.724193
 1462.000000    0.714489
 1467.000000    0.754476
 1472.000000    0.763907
 1477.000000    0.782440
 1482.000000    0.806164
 1487.000000    0.832234
 1492.000000    0.800317
 1497.000000    0.748428
 1502.000000    0.728750
 1507.000000    0.713113
 1512.000000    0.699661
 1517.000000    0.694587
 1522.000000    0.709690
 1527.000000    0.738582
 1532.000000    0.723383
 1537.000000    0.706064
 1542.000000    0.709061
 1547.000000    0.687955
 1552.000000    0.728176
 1557.000000    0.755803
 1562.000000    0.756319
 1567.000000    0.747708
 1572.000000    0.756498
 1577.000000    0.739798
 1582.000000    0.735368
 1587.000000    0.729941
 1592.000000    0.692893
 1597.000000    0.665281
 1602.000000    0.654810
 1607.000000    0.645376
 1612.000000    0.659935
 1617.000000    0.730787
 1622.000000    0.784006
 1627.000000    0.782662
 1632.000000    0.766402
 1637.000000    0.746473
 1642.000000    0.739791
 1647.000000    0.709739
 1652.000000    0.711546
 1657.000000    0.739326
 1662.000000    0.715467
 1667.000000    0.690494
 1672.000000    0.683467
 1677.000000    0.683376
 1682.000000    0.721216
 1687.000000    0.750413
 1692.000000    0.793043
 1697.000000    0.793243
 1702.000000    0.818912
 1707.000000    0.813392
 1712.000000    0.818749
 1717.000000    0.760927
 1722.000000    0.729534
 1727.000000    0.721549
 1732.000000    0.717555
 1737.000000    0.710105
 1742.000000    0.722643
 1747.000000    0.741845
 1752.000000    0.753959
 1757.000000    0.732620
 1762.000000    0.736282
 1767.000000    0.759847
 1772.000000    0.750272
 1777.000000    0.737687
 1782.000000    0.705105
 1787.000000    0.659454
 1792.000000    0.639953
 1797.000000    0.636164
 1802.000000    0.648476
 1807.000000    0.674312
 1812.000000    0.690234
 1817.000000    0.734821
 1822.000000    0.766487
 1827.000000    0.782425
 1832.000000    0.773328
 1837.000000    0.779574
 1842.000000    0.777232
 1847.000000    0.771586
 1852.000000    0.770157
 1857.000000    0.750332
 1862.000000    0.710226
 1867.000000    0.678318
 1872.000000    0.692113
 1877.000000    0.702192
 1882.000000    0.674846
 1887.000000    0.686211
 1892.000000    0.695320
 1897.000000    0.747625
 1902.000000    0.755211
 1907.000000    0.755314
 1912.000000    0.778993
 1917.000000    0.763719
 1922.000000    0.772916
 1927.000000    0.762767
 1932.000000    0.745461
 1937.000000    0.722921
 1942.000000    0.717323
