#  pixel_depth  alphabetafraction   >  Analysis of alpha beta fraction
   80.000000    0.779941
   85.000000    0.712473
   90.000000    0.693946
   95.000000    0.687496
  100.000000    0.699856
  105.000000    0.730980
  110.000000    0.719848
  115.000000    0.743665
  120.000000    0.761719
  125.000000    0.776642
  130.000000    0.783136
  135.000000    0.775807
  140.000000    0.771771
  145.000000    0.806466
  150.000000    0.807009
  155.000000    0.813980
  160.000000    0.815266
  165.000000    0.806947
  170.000000    0.798675
  175.000000    0.777201
  180.000000    0.722839
  185.000000    0.706503
  190.000000    0.705198
  195.000000    0.701026
  200.000000    0.712440
  205.000000    0.736932
  210.000000    0.751393
  215.000000    0.749139
  220.000000    0.755106
  225.000000    0.755104
  230.000000    0.729974
  235.000000    0.682049
  240.000000    0.622723
  245.000000    0.599713
  250.000000    0.587621
  255.000000    0.574415
  260.000000    0.600374
  265.000000    0.625354
  270.000000    0.672502
  275.000000    0.720211
  280.000000    0.737973
  285.000000    0.739439
  290.000000    0.711616
  295.000000    0.715891
  300.000000    0.739235
  305.000000    0.762658
  310.000000    0.793310
  315.000000    0.810975
  320.000000    0.810322
  325.000000    0.816713
  330.000000    0.804835
  335.000000    0.817344
  340.000000    0.826282
  345.000000    0.807136
  350.000000    0.802630
  355.000000    0.770076
  360.000000    0.752054
  365.000000    0.759039
  370.000000    0.769669
  375.000000    0.746378
  380.000000    0.708414
  385.000000    0.691548
  390.000000    0.689229
  395.000000    0.709948
  400.000000    0.685980
  405.000000    0.669466
  410.000000    0.626554
  415.000000    0.605587
  420.000000    0.580501
  425.000000    0.605434
  430.000000    0.644351
  435.000000    0.696049
  440.000000    0.726616
  445.000000    0.711512
  450.000000    0.701870
  455.000000    0.671075
  460.000000    0.665068
  465.000000    0.705921
  470.000000    0.755778
  475.000000    0.762182
  480.000000    0.733688
  485.000000    0.716669
  490.000000    0.709504
  495.000000    0.729533
  500.000000    0.752460
  505.000000    0.731797
  510.000000    0.723828
  515.000000    0.700041
  520.000000    0.696736
  525.000000    0.682853
  530.000000    0.701845
  535.000000    0.681222
  540.000000    0.667447
  545.000000    0.676176
  550.000000    0.634898
  555.000000    0.589438
  560.000000    0.593457
  565.000000    0.618901
  570.000000    0.645990
  575.000000    0.672167
  580.000000    0.672102
  585.000000    0.706943
  590.000000    0.765237
  595.000000    0.796762
  600.000000    0.789996
  605.000000    0.776400
  610.000000    0.770410
  615.000000    0.789998
  620.000000    0.815887
  625.000000    0.812021
  630.000000    0.806460
  635.000000    0.801124
  640.000000    0.815577
  645.000000    0.805844
  650.000000    0.777645
  655.000000    0.748518
  660.000000    0.720397
  665.000000    0.734234
  670.000000    0.748451
  675.000000    0.727630
  680.000000    0.666487
  685.000000    0.637959
  690.000000    0.643138
  695.000000    0.659138
  700.000000    0.665219
  705.000000    0.720138
  710.000000    0.717982
  715.000000    0.721061
  720.000000    0.730337
  725.000000    0.754150
  730.000000    0.768863
  735.000000    0.751275
  740.000000    0.751505
  745.000000    0.742502
  750.000000    0.739544
  755.000000    0.730739
  760.000000    0.737798
  765.000000    0.732585
  770.000000    0.760696
  775.000000    0.745061
  780.000000    0.739649
  785.000000    0.707893
  790.000000    0.686978
  795.000000    0.676193
  800.000000    0.701138
  805.000000    0.707783
  810.000000    0.664601
  815.000000    0.664017
  820.000000    0.692577
  825.000000    0.739361
  830.000000    0.759546
  835.000000    0.762957
  840.000000    0.811960
  845.000000    0.848344
  850.000000    0.838748
  855.000000    0.804055
  860.000000    0.763849
  865.000000    0.711875
  870.000000    0.700334
  875.000000    0.705195
  880.000000    0.691619
  885.000000    0.690724
  890.000000    0.701881
  895.000000    0.721361
  900.000000    0.734989
  905.000000    0.742059
  910.000000    0.740012
  915.000000    0.701993
  920.000000    0.694783
  925.000000    0.679766
  930.000000    0.677715
  935.000000    0.683688
  940.000000    0.718717
  945.000000    0.726202
  950.000000    0.732204
  955.000000    0.776962
  960.000000    0.776829
  965.000000    0.765477
  970.000000    0.769198
  975.000000    0.771055
  980.000000    0.783578
  985.000000    0.776235
  990.000000    0.735943
  995.000000    0.687176
 1000.000000    0.674117
 1005.000000    0.678471
 1010.000000    0.655841
 1015.000000    0.681206
 1020.000000    0.673521
 1025.000000    0.686660
 1030.000000    0.730496
 1035.000000    0.753999
 1040.000000    0.743095
 1045.000000    0.755860
 1050.000000    0.776398
 1055.000000    0.766196
 1060.000000    0.696477
 1065.000000    0.680597
 1070.000000    0.701648
 1075.000000    0.650944
 1080.000000    0.649431
 1085.000000    0.720022
 1090.000000    0.736253
 1095.000000    0.751547
 1100.000000    0.753244
 1105.000000    0.728391
 1110.000000    0.740857
 1115.000000    0.771753
 1120.000000    0.785942
 1125.000000    0.783646
 1130.000000    0.760461
 1135.000000    0.757252
 1140.000000    0.717130
 1145.000000    0.718814
 1150.000000    0.718765
 1155.000000    0.705060
 1160.000000    0.714395
 1165.000000    0.741975
 1170.000000    0.763415
 1175.000000    0.747796
 1180.000000    0.769610
 1185.000000    0.789286
 1190.000000    0.809301
 1195.000000    0.824168
 1200.000000    0.841022
 1205.000000    0.840636
 1210.000000    0.812415
 1215.000000    0.782676
 1220.000000    0.745056
 1225.000000    0.720435
 1230.000000    0.720222
 1235.000000    0.677972
 1240.000000    0.678378
 1245.000000    0.668212
 1250.000000    0.628534
 1255.000000    0.636417
 1260.000000    0.644155
 1265.000000    0.651252
 1270.000000    0.655460
 1275.000000    0.671197
 1280.000000    0.696187
 1285.000000    0.719954
 1290.000000    0.766762
 1295.000000    0.767179
 1300.000000    0.743673
 1305.000000    0.760782
 1310.000000    0.746630
 1315.000000    0.756744
 1320.000000    0.756977
 1325.000000    0.755258
 1330.000000    0.733754
 1335.000000    0.728550
 1340.000000    0.773871
 1345.000000    0.798662
 1350.000000    0.766362
 1355.000000    0.772763
 1360.000000    0.744725
 1365.000000    0.724691
 1370.000000    0.721020
 1375.000000    0.709836
 1380.000000    0.689066
 1385.000000    0.706189
 1390.000000    0.741701
 1395.000000    0.724751
 1400.000000    0.736300
 1405.000000    0.732860
 1410.000000    0.731446
 1415.000000    0.742377
 1420.000000    0.752732
 1425.000000    0.767974
 1430.000000    0.773629
 1435.000000    0.772807
 1440.000000    0.766035
 1445.000000    0.797570
 1450.000000    0.792890
 1455.000000    0.776444
 1460.000000    0.754807
 1465.000000    0.757898
 1470.000000    0.773559
 1475.000000    0.781405
 1480.000000    0.798092
 1485.000000    0.784080
 1490.000000    0.776444
 1495.000000    0.764642
 1500.000000    0.748438
 1505.000000    0.751386
 1510.000000    0.741282
 1515.000000    0.754140
 1520.000000    0.752566
 1525.000000    0.738680
 1530.000000    0.721227
 1535.000000    0.730062
 1540.000000    0.764933
 1545.000000    0.813389
 1550.000000    0.822125
 1555.000000    0.830864
 1560.000000    0.845810
 1565.000000    0.822592
 1570.000000    0.831106
 1575.000000    0.819213
 1580.000000    0.792191
 1585.000000    0.765461
 1590.000000    0.766551
 1595.000000    0.759143
 1600.000000    0.732706
 1605.000000    0.721444
 1610.000000    0.732023
 1615.000000    0.695436
 1620.000000    0.699031
 1625.000000    0.698589
 1630.000000    0.710209
 1635.000000    0.726280
 1640.000000    0.712630
 1645.000000    0.693433
 1650.000000    0.724055
 1655.000000    0.695212
 1660.000000    0.680316
 1665.000000    0.674441
 1670.000000    0.669330
 1675.000000    0.658504
 1680.000000    0.652548
 1685.000000    0.637923
 1690.000000    0.651333
 1695.000000    0.675963
 1700.000000    0.684144
 1705.000000    0.708460
 1710.000000    0.791440
 1715.000000    0.805523
 1720.000000    0.783102
 1725.000000    0.782073
 1730.000000    0.792541
 1735.000000    0.805229
 1740.000000    0.830387
 1745.000000    0.837929
 1750.000000    0.833710
 1755.000000    0.813267
 1760.000000    0.799299
 1765.000000    0.825510
 1770.000000    0.833330
 1775.000000    0.827932
 1780.000000    0.795488
 1785.000000    0.789069
 1790.000000    0.781857
 1795.000000    0.758832
 1800.000000    0.739646
 1805.000000    0.708891
 1810.000000    0.672103
 1815.000000    0.620850
 1820.000000    0.640179
 1825.000000    0.648068
 1830.000000    0.666800
 1835.000000    0.730526
 1840.000000    0.742931
 1845.000000    0.728102
 1850.000000    0.717043
 1855.000000    0.673767
 1860.000000    0.649186
 1865.000000    0.665307
 1870.000000    0.678531
 1875.000000    0.733309
 1880.000000    0.730865
 1885.000000    0.738570
 1890.000000    0.717011
 1895.000000    0.696247
