#  pixel_depth  alphabetafraction   >  Analysis of alpha beta fraction
   32.000000    0.752858
   37.000000    0.730377
   42.000000    0.699023
   47.000000    0.667469
   52.000000    0.632612
   57.000000    0.684363
   62.000000    0.676444
   67.000000    0.700670
   72.000000    0.686221
   77.000000    0.720476
   82.000000    0.723606
   87.000000    0.705037
   92.000000    0.712727
   97.000000    0.732422
  102.000000    0.747311
  107.000000    0.745400
  112.000000    0.755684
  117.000000    0.786245
  122.000000    0.791312
  127.000000    0.785761
  132.000000    0.775842
  137.000000    0.750996
  142.000000    0.746501
  147.000000    0.744847
  152.000000    0.726697
  157.000000    0.684397
  162.000000    0.660057
  167.000000    0.672945
  172.000000    0.667096
  177.000000    0.646759
  182.000000    0.647937
  187.000000    0.656298
  192.000000    0.661272
  197.000000    0.660571
  202.000000    0.650839
  207.000000    0.655783
  212.000000    0.664755
  217.000000    0.679060
  222.000000    0.686054
  227.000000    0.714784
  232.000000    0.750895
  237.000000    0.750168
  242.000000    0.742924
  247.000000    0.764961
  252.000000    0.780469
  257.000000    0.781727
  262.000000    0.762443
  267.000000    0.784501
  272.000000    0.767006
  277.000000    0.761073
  282.000000    0.739384
  287.000000    0.700621
  292.000000    0.676205
  297.000000    0.687437
  302.000000    0.711575
  307.000000    0.677883
  312.000000    0.647799
  317.000000    0.643977
  322.000000    0.615676
  327.000000    0.612158
  332.000000    0.596495
  337.000000    0.604825
  342.000000    0.617843
  347.000000    0.633860
  352.000000    0.646663
  357.000000    0.676897
  362.000000    0.680500
  367.000000    0.688117
  372.000000    0.741526
  377.000000    0.749041
  382.000000    0.719475
  387.000000    0.690413
  392.000000    0.674020
  397.000000    0.685628
  402.000000    0.699802
  407.000000    0.698618
  412.000000    0.697676
  417.000000    0.663627
  422.000000    0.654611
  427.000000    0.663875
  432.000000    0.676812
  437.000000    0.703529
  442.000000    0.732746
  447.000000    0.733752
  452.000000    0.729121
  457.000000    0.741665
  462.000000    0.800570
  467.000000    0.822288
  472.000000    0.823749
  477.000000    0.800978
  482.000000    0.773037
  487.000000    0.761039
  492.000000    0.742231
  497.000000    0.747717
  502.000000    0.735510
  507.000000    0.722136
  512.000000    0.732243
  517.000000    0.735477
  522.000000    0.719694
  527.000000    0.734227
  532.000000    0.729880
  537.000000    0.712731
  542.000000    0.710640
  547.000000    0.686602
  552.000000    0.649321
  557.000000    0.657883
  562.000000    0.700081
  567.000000    0.734572
  572.000000    0.755176
  577.000000    0.716312
  582.000000    0.730112
  587.000000    0.725940
  592.000000    0.703247
  597.000000    0.703405
  602.000000    0.682962
  607.000000    0.674770
  612.000000    0.692962
  617.000000    0.688454
  622.000000    0.698643
  627.000000    0.722225
  632.000000    0.736922
  637.000000    0.715923
  642.000000    0.745644
  647.000000    0.717702
  652.000000    0.678537
  657.000000    0.680887
  662.000000    0.660864
  667.000000    0.593269
  672.000000    0.565301
  677.000000    0.548915
  682.000000    0.541200
  687.000000    0.512030
  692.000000    0.538366
  697.000000    0.578987
  702.000000    0.625111
  707.000000    0.635117
  712.000000    0.641591
  717.000000    0.631680
  722.000000    0.603401
  727.000000    0.620423
  732.000000    0.649174
  737.000000    0.679498
  742.000000    0.698113
  747.000000    0.700964
  752.000000    0.720646
  757.000000    0.730698
  762.000000    0.725911
  767.000000    0.707038
  772.000000    0.711988
  777.000000    0.731740
  782.000000    0.731236
  787.000000    0.744731
  792.000000    0.739137
  797.000000    0.754223
  802.000000    0.742440
  807.000000    0.738535
  812.000000    0.771328
  817.000000    0.791513
  822.000000    0.785328
  827.000000    0.776898
  832.000000    0.766821
  837.000000    0.752075
  842.000000    0.664399
  847.000000    0.653005
  852.000000    0.644564
  857.000000    0.619181
  862.000000    0.575385
  867.000000    0.580878
  872.000000    0.586047
  877.000000    0.588051
  882.000000    0.586699
  887.000000    0.628578
  892.000000    0.655093
  897.000000    0.647248
  902.000000    0.619071
  907.000000    0.619229
  912.000000    0.610044
  917.000000    0.613181
  922.000000    0.593904
  927.000000    0.607978
  932.000000    0.637314
  937.000000    0.653874
  942.000000    0.634178
  947.000000    0.634452
  952.000000    0.606695
  957.000000    0.590030
  962.000000    0.589476
  967.000000    0.611754
  972.000000    0.621837
  977.000000    0.664010
  982.000000    0.693184
  987.000000    0.675430
  992.000000    0.647913
  997.000000    0.651701
 1002.000000    0.658424
 1007.000000    0.731847
 1012.000000    0.723176
 1017.000000    0.737328
 1022.000000    0.719485
 1027.000000    0.690903
 1032.000000    0.654559
 1037.000000    0.654129
 1042.000000    0.631449
 1047.000000    0.650150
 1052.000000    0.672521
 1057.000000    0.650575
 1062.000000    0.646824
 1067.000000    0.638651
 1072.000000    0.629194
 1077.000000    0.589817
 1082.000000    0.569604
 1087.000000    0.579567
 1092.000000    0.619785
 1097.000000    0.654128
 1102.000000    0.681281
 1107.000000    0.680350
 1112.000000    0.662532
 1117.000000    0.643373
 1122.000000    0.667919
 1127.000000    0.698534
 1132.000000    0.679985
 1137.000000    0.657092
 1142.000000    0.645834
 1147.000000    0.636655
 1152.000000    0.664262
 1157.000000    0.688299
 1162.000000    0.722793
 1167.000000    0.715074
 1172.000000    0.671287
 1177.000000    0.653139
 1182.000000    0.668791
 1187.000000    0.671784
 1192.000000    0.717702
 1197.000000    0.723496
 1202.000000    0.748603
 1207.000000    0.757049
 1212.000000    0.722276
 1217.000000    0.725263
 1222.000000    0.701795
 1227.000000    0.736435
 1232.000000    0.746274
 1237.000000    0.743231
 1242.000000    0.751927
 1247.000000    0.797106
 1252.000000    0.810294
 1257.000000    0.792083
 1262.000000    0.771442
 1267.000000    0.746360
 1272.000000    0.733794
 1277.000000    0.698474
 1282.000000    0.650055
 1287.000000    0.651051
 1292.000000    0.640872
 1297.000000    0.664166
 1302.000000    0.648722
 1307.000000    0.651398
 1312.000000    0.661826
 1317.000000    0.684521
 1322.000000    0.736042
 1327.000000    0.766832
 1332.000000    0.748480
 1337.000000    0.753319
 1342.000000    0.769791
 1347.000000    0.792491
 1352.000000    0.789298
 1357.000000    0.776419
 1362.000000    0.782358
 1367.000000    0.779181
 1372.000000    0.792052
 1377.000000    0.739809
 1382.000000    0.732943
 1387.000000    0.717483
 1392.000000    0.701483
 1397.000000    0.733805
 1402.000000    0.724840
 1407.000000    0.734470
 1412.000000    0.734494
 1417.000000    0.708303
 1422.000000    0.699438
 1427.000000    0.697909
 1432.000000    0.683643
 1437.000000    0.643365
 1442.000000    0.669922
 1447.000000    0.662424
 1452.000000    0.634177
 1457.000000    0.629226
 1462.000000    0.628841
 1467.000000    0.624860
 1472.000000    0.646760
 1477.000000    0.658128
 1482.000000    0.671237
 1487.000000    0.667843
 1492.000000    0.651074
 1497.000000    0.647544
 1502.000000    0.657340
 1507.000000    0.667042
 1512.000000    0.659112
 1517.000000    0.685636
 1522.000000    0.682439
 1527.000000    0.665683
 1532.000000    0.681335
 1537.000000    0.731021
 1542.000000    0.768410
 1547.000000    0.783906
 1552.000000    0.809333
 1557.000000    0.770747
 1562.000000    0.770748
 1567.000000    0.787590
 1572.000000    0.759497
 1577.000000    0.781646
 1582.000000    0.802290
 1587.000000    0.796804
 1592.000000    0.791835
 1597.000000    0.788417
 1602.000000    0.771199
 1607.000000    0.762256
 1612.000000    0.744271
 1617.000000    0.726150
 1622.000000    0.717476
 1627.000000    0.710231
 1632.000000    0.692267
 1637.000000    0.663934
 1642.000000    0.643691
 1647.000000    0.614377
 1652.000000    0.654631
 1657.000000    0.668357
 1662.000000    0.656404
 1667.000000    0.637311
 1672.000000    0.650349
 1677.000000    0.627451
 1682.000000    0.587638
 1687.000000    0.553738
 1692.000000    0.512884
 1697.000000    0.484554
 1702.000000    0.508601
 1707.000000    0.532004
 1712.000000    0.573428
 1717.000000    0.596602
 1722.000000    0.626660
 1727.000000    0.643169
 1732.000000    0.633051
 1737.000000    0.607635
 1742.000000    0.661221
 1747.000000    0.663807
 1752.000000    0.689565
 1757.000000    0.726868
 1762.000000    0.751051
 1767.000000    0.760412
 1772.000000    0.775260
 1777.000000    0.761327
 1782.000000    0.755591
 1787.000000    0.759258
 1792.000000    0.768361
 1797.000000    0.775473
 1802.000000    0.779729
 1807.000000    0.744400
 1812.000000    0.752626
 1817.000000    0.748029
 1822.000000    0.732831
 1827.000000    0.679468
 1832.000000    0.653438
 1837.000000    0.626829
 1842.000000    0.633516
 1847.000000    0.613083
 1852.000000    0.624912
 1857.000000    0.640849
 1862.000000    0.653489
 1867.000000    0.642829
 1872.000000    0.680506
