#  pixel_depth  alphabetafraction   >  Analysis of alpha beta fraction
   46.000000    0.751675
   51.000000    0.731015
   56.000000    0.722834
   61.000000    0.707587
   66.000000    0.705038
   71.000000    0.691821
   76.000000    0.674452
   81.000000    0.664614
   86.000000    0.659720
   91.000000    0.646780
   96.000000    0.645860
  101.000000    0.665018
  106.000000    0.669832
  111.000000    0.672985
  116.000000    0.683464
  121.000000    0.685387
  126.000000    0.688090
  131.000000    0.691794
  136.000000    0.680165
  141.000000    0.657886
  146.000000    0.644307
  151.000000    0.651324
  156.000000    0.660693
  161.000000    0.659712
  166.000000    0.658205
  171.000000    0.663042
  176.000000    0.676299
  181.000000    0.660750
  186.000000    0.667315
  191.000000    0.711368
  196.000000    0.741088
  201.000000    0.752693
  206.000000    0.759990
  211.000000    0.764237
  216.000000    0.748985
  221.000000    0.738094
  226.000000    0.729045
  231.000000    0.713404
  236.000000    0.700833
  241.000000    0.706086
  246.000000    0.715019
  251.000000    0.718058
  256.000000    0.734103
  261.000000    0.751924
  266.000000    0.754999
  271.000000    0.759721
  276.000000    0.779025
  281.000000    0.788555
  286.000000    0.798083
  291.000000    0.811933
  296.000000    0.794236
  301.000000    0.779987
  306.000000    0.772945
  311.000000    0.766191
  316.000000    0.774707
  321.000000    0.773743
  326.000000    0.752913
  331.000000    0.723877
  336.000000    0.703877
  341.000000    0.689504
  346.000000    0.706669
  351.000000    0.701873
  356.000000    0.696743
  361.000000    0.679569
  366.000000    0.661491
  371.000000    0.612464
  376.000000    0.606796
  381.000000    0.649312
  386.000000    0.692672
  391.000000    0.715868
  396.000000    0.712534
  401.000000    0.698671
  406.000000    0.690711
  411.000000    0.655157
  416.000000    0.640674
  421.000000    0.654291
  426.000000    0.689920
  431.000000    0.706623
  436.000000    0.690214
  441.000000    0.693711
  446.000000    0.698174
  451.000000    0.704888
  456.000000    0.699570
  461.000000    0.692839
  466.000000    0.672962
  471.000000    0.621266
  476.000000    0.583273
  481.000000    0.575122
  486.000000    0.601123
  491.000000    0.594971
  496.000000    0.599013
  501.000000    0.617792
  506.000000    0.645547
  511.000000    0.647898
  516.000000    0.648543
  521.000000    0.656733
  526.000000    0.696849
  531.000000    0.719283
  536.000000    0.748398
  541.000000    0.769485
  546.000000    0.776238
  551.000000    0.794896
  556.000000    0.808330
  561.000000    0.810064
  566.000000    0.807950
  571.000000    0.796350
  576.000000    0.782197
  581.000000    0.746922
  586.000000    0.721615
  591.000000    0.702835
  596.000000    0.713055
  601.000000    0.714934
  606.000000    0.731754
  611.000000    0.758400
  616.000000    0.774335
  621.000000    0.792900
  626.000000    0.802020
  631.000000    0.800828
  636.000000    0.782696
  641.000000    0.783464
  646.000000    0.820693
  651.000000    0.822535
  656.000000    0.804928
  661.000000    0.798450
  666.000000    0.801437
  671.000000    0.813573
  676.000000    0.806727
  681.000000    0.811600
  686.000000    0.793278
  691.000000    0.773172
  696.000000    0.775925
  701.000000    0.778434
  706.000000    0.763079
  711.000000    0.754254
  716.000000    0.759473
  721.000000    0.757460
  726.000000    0.747906
  731.000000    0.735783
  736.000000    0.746302
  741.000000    0.777355
  746.000000    0.775559
  751.000000    0.751484
  756.000000    0.743756
  761.000000    0.740364
  766.000000    0.781486
  771.000000    0.779106
  776.000000    0.791485
  781.000000    0.781301
  786.000000    0.805556
  791.000000    0.834340
  796.000000    0.821053
  801.000000    0.804018
  806.000000    0.797690
  811.000000    0.805894
  816.000000    0.818122
  821.000000    0.811594
  826.000000    0.777229
  831.000000    0.763906
  836.000000    0.753457
  841.000000    0.742619
  846.000000    0.759953
  851.000000    0.779296
  856.000000    0.768649
  861.000000    0.747645
  866.000000    0.717776
  871.000000    0.726667
  876.000000    0.747622
  881.000000    0.774858
  886.000000    0.794025
  891.000000    0.807458
  896.000000    0.832850
  901.000000    0.824116
  906.000000    0.793088
  911.000000    0.772737
  916.000000    0.767867
  921.000000    0.755261
  926.000000    0.746449
  931.000000    0.720897
  936.000000    0.704724
  941.000000    0.702575
  946.000000    0.714332
  951.000000    0.712757
  956.000000    0.719200
  961.000000    0.711837
  966.000000    0.720512
  971.000000    0.709368
  976.000000    0.688956
  981.000000    0.686501
  986.000000    0.706927
  991.000000    0.706560
  996.000000    0.705612
 1001.000000    0.705241
 1006.000000    0.684875
 1011.000000    0.680025
 1016.000000    0.696537
 1021.000000    0.720919
 1026.000000    0.728061
 1031.000000    0.746310
 1036.000000    0.761930
 1041.000000    0.762999
 1046.000000    0.703187
 1051.000000    0.680481
 1056.000000    0.672611
 1061.000000    0.660012
 1066.000000    0.626822
 1071.000000    0.597809
 1076.000000    0.603329
 1081.000000    0.602527
 1086.000000    0.593268
 1091.000000    0.591112
 1096.000000    0.615646
 1101.000000    0.637861
 1106.000000    0.599973
 1111.000000    0.595055
 1116.000000    0.585596
 1121.000000    0.579561
 1126.000000    0.572184
 1131.000000    0.582966
 1136.000000    0.602872
 1141.000000    0.638179
 1146.000000    0.654440
 1151.000000    0.672732
 1156.000000    0.700524
 1161.000000    0.708090
 1166.000000    0.722417
 1171.000000    0.710210
 1176.000000    0.707043
 1181.000000    0.713368
 1186.000000    0.747339
 1191.000000    0.751452
 1196.000000    0.744201
 1201.000000    0.767722
 1206.000000    0.752013
 1211.000000    0.713782
 1216.000000    0.685294
 1221.000000    0.652393
 1226.000000    0.623315
 1231.000000    0.633420
 1236.000000    0.667129
 1241.000000    0.676047
 1246.000000    0.664860
 1251.000000    0.709654
 1256.000000    0.724634
 1261.000000    0.724608
 1266.000000    0.717375
 1271.000000    0.733958
 1276.000000    0.758027
 1281.000000    0.729932
 1286.000000    0.709603
 1291.000000    0.710204
 1296.000000    0.730472
 1301.000000    0.754970
 1306.000000    0.770320
 1311.000000    0.773830
 1316.000000    0.748543
 1321.000000    0.738909
 1326.000000    0.744593
 1331.000000    0.734233
 1336.000000    0.740803
 1341.000000    0.711427
 1346.000000    0.680073
 1351.000000    0.669912
 1356.000000    0.655882
 1361.000000    0.643514
 1366.000000    0.624519
 1371.000000    0.651019
 1376.000000    0.674251
 1381.000000    0.675961
 1386.000000    0.689111
 1391.000000    0.705303
 1396.000000    0.694913
 1401.000000    0.657882
 1406.000000    0.630385
 1411.000000    0.619460
 1416.000000    0.620541
 1421.000000    0.628930
 1426.000000    0.634254
 1431.000000    0.662284
 1436.000000    0.669851
 1441.000000    0.662988
 1446.000000    0.688509
 1451.000000    0.689953
 1456.000000    0.689265
 1461.000000    0.708040
 1466.000000    0.720163
 1471.000000    0.727320
 1476.000000    0.741130
 1481.000000    0.739046
 1486.000000    0.746186
 1491.000000    0.752948
 1496.000000    0.749244
 1501.000000    0.739175
 1506.000000    0.735171
 1511.000000    0.708173
 1516.000000    0.696258
 1521.000000    0.690294
 1526.000000    0.682325
 1531.000000    0.675021
 1536.000000    0.669466
 1541.000000    0.690469
 1546.000000    0.732718
 1551.000000    0.735957
 1556.000000    0.717502
 1561.000000    0.713740
 1566.000000    0.729710
 1571.000000    0.743716
 1576.000000    0.734406
 1581.000000    0.739365
 1586.000000    0.750181
 1591.000000    0.783468
 1596.000000    0.806761
 1601.000000    0.767533
 1606.000000    0.748486
 1611.000000    0.758627
 1616.000000    0.762832
 1621.000000    0.764707
 1626.000000    0.768604
 1631.000000    0.777536
 1636.000000    0.757608
 1641.000000    0.735556
 1646.000000    0.751499
 1651.000000    0.758891
 1656.000000    0.750848
 1661.000000    0.746688
 1666.000000    0.743598
 1671.000000    0.700050
 1676.000000    0.706021
 1681.000000    0.690015
 1686.000000    0.686232
 1691.000000    0.712083
 1696.000000    0.740309
 1701.000000    0.773577
 1706.000000    0.821709
 1711.000000    0.819891
 1716.000000    0.795372
 1721.000000    0.788349
 1726.000000    0.789319
 1731.000000    0.766833
 1736.000000    0.810609
 1741.000000    0.819256
 1746.000000    0.833246
 1751.000000    0.840948
 1756.000000    0.825530
 1761.000000    0.808536
 1766.000000    0.822075
 1771.000000    0.827796
