#  pixel_depth  alphabetafraction   >  Analysis of alpha beta fraction
   39.000000    0.875703
   44.000000    0.842511
   49.000000    0.816342
   54.000000    0.820458
   59.000000    0.853788
   64.000000    0.880209
   69.000000    0.868934
   74.000000    0.855051
   79.000000    0.821100
   84.000000    0.820205
   89.000000    0.804783
   94.000000    0.784427
   99.000000    0.777388
  104.000000    0.820013
  109.000000    0.845251
  114.000000    0.876079
  119.000000    0.875219
  124.000000    0.855925
  129.000000    0.821473
  134.000000    0.813170
  139.000000    0.821411
  144.000000    0.820584
  149.000000    0.814666
  154.000000    0.815238
  159.000000    0.807174
  164.000000    0.814490
  169.000000    0.823289
  174.000000    0.814564
  179.000000    0.798474
  184.000000    0.807352
  189.000000    0.799088
  194.000000    0.782032
  199.000000    0.749988
  204.000000    0.731530
  209.000000    0.745534
  214.000000    0.788325
  219.000000    0.790153
  224.000000    0.786224
  229.000000    0.780083
  234.000000    0.762196
  239.000000    0.736599
  244.000000    0.715958
  249.000000    0.707777
  254.000000    0.704908
  259.000000    0.701297
  264.000000    0.708267
  269.000000    0.695806
  274.000000    0.722141
  279.000000    0.729680
  284.000000    0.759022
  289.000000    0.789550
  294.000000    0.794077
  299.000000    0.786156
  304.000000    0.772346
  309.000000    0.753222
  314.000000    0.736307
  319.000000    0.688893
  324.000000    0.624551
  329.000000    0.611572
  334.000000    0.627225
  339.000000    0.658688
  344.000000    0.711358
  349.000000    0.736657
  354.000000    0.738877
  359.000000    0.766337
  364.000000    0.796021
  369.000000    0.830115
  374.000000    0.831381
  379.000000    0.803448
  384.000000    0.774099
  389.000000    0.778581
  394.000000    0.765695
  399.000000    0.755401
  404.000000    0.768373
  409.000000    0.783046
  414.000000    0.833097
  419.000000    0.821554
  424.000000    0.813958
  429.000000    0.832346
  434.000000    0.835448
  439.000000    0.844052
  444.000000    0.839860
  449.000000    0.827491
  454.000000    0.798787
  459.000000    0.761637
  464.000000    0.735692
  469.000000    0.691206
  474.000000    0.667525
  479.000000    0.668180
  484.000000    0.698758
  489.000000    0.724442
  494.000000    0.776833
  499.000000    0.786159
  504.000000    0.786001
  509.000000    0.795732
  514.000000    0.797188
  519.000000    0.757888
  524.000000    0.748680
  529.000000    0.736731
  534.000000    0.752018
  539.000000    0.776947
  544.000000    0.783204
  549.000000    0.753962
  554.000000    0.767126
  559.000000    0.792138
  564.000000    0.813543
  569.000000    0.772920
  574.000000    0.769641
  579.000000    0.752239
  584.000000    0.736887
  589.000000    0.738124
  594.000000    0.729738
  599.000000    0.751024
  604.000000    0.761379
  609.000000    0.762229
  614.000000    0.778152
  619.000000    0.806175
  624.000000    0.826840
  629.000000    0.824379
  634.000000    0.827108
  639.000000    0.814837
  644.000000    0.816730
  649.000000    0.794151
  654.000000    0.797849
  659.000000    0.779067
  664.000000    0.767134
  669.000000    0.736043
  674.000000    0.715933
  679.000000    0.705206
  684.000000    0.696309
  689.000000    0.674134
  694.000000    0.655313
  699.000000    0.650056
  704.000000    0.631042
  709.000000    0.671842
  714.000000    0.695516
  719.000000    0.726151
  724.000000    0.733629
  729.000000    0.751911
  734.000000    0.759649
  739.000000    0.778767
  744.000000    0.806336
  749.000000    0.819805
  754.000000    0.785731
  759.000000    0.745185
  764.000000    0.708710
  769.000000    0.693227
  774.000000    0.689869
  779.000000    0.682833
  784.000000    0.707212
  789.000000    0.724697
  794.000000    0.719279
  799.000000    0.728944
  804.000000    0.717141
  809.000000    0.728054
  814.000000    0.748910
  819.000000    0.761586
  824.000000    0.779480
  829.000000    0.789361
  834.000000    0.789298
  839.000000    0.786636
  844.000000    0.797993
  849.000000    0.791971
  854.000000    0.764488
  859.000000    0.755496
  864.000000    0.748615
  869.000000    0.734275
  874.000000    0.742111
  879.000000    0.752691
  884.000000    0.755846
  889.000000    0.770517
  894.000000    0.764183
  899.000000    0.767832
  904.000000    0.753312
  909.000000    0.722164
  914.000000    0.722551
  919.000000    0.755572
  924.000000    0.762242
  929.000000    0.763004
  934.000000    0.763950
  939.000000    0.747807
  944.000000    0.737493
  949.000000    0.746606
  954.000000    0.753151
  959.000000    0.758571
  964.000000    0.787412
  969.000000    0.819293
  974.000000    0.831411
  979.000000    0.829747
  984.000000    0.842723
  989.000000    0.833458
  994.000000    0.824925
  999.000000    0.836795
 1004.000000    0.849338
 1009.000000    0.825173
 1014.000000    0.820641
 1019.000000    0.801859
 1024.000000    0.765697
 1029.000000    0.749782
 1034.000000    0.721145
 1039.000000    0.747554
 1044.000000    0.737595
 1049.000000    0.740149
 1054.000000    0.759925
 1059.000000    0.751914
 1064.000000    0.733305
 1069.000000    0.731401
 1074.000000    0.714485
 1079.000000    0.719298
 1084.000000    0.735538
 1089.000000    0.759026
 1094.000000    0.744924
 1099.000000    0.731310
 1104.000000    0.738950
 1109.000000    0.750869
 1114.000000    0.739221
 1119.000000    0.748717
 1124.000000    0.718842
 1129.000000    0.693879
 1134.000000    0.715593
 1139.000000    0.705367
 1144.000000    0.721543
 1149.000000    0.771120
 1154.000000    0.811948
 1159.000000    0.779674
 1164.000000    0.749537
 1169.000000    0.741432
 1174.000000    0.762088
 1179.000000    0.765436
 1184.000000    0.783722
 1189.000000    0.794756
 1194.000000    0.787882
 1199.000000    0.756588
 1204.000000    0.717848
 1209.000000    0.734551
 1214.000000    0.730357
 1219.000000    0.730165
 1224.000000    0.740056
 1229.000000    0.739488
 1234.000000    0.728705
 1239.000000    0.716918
 1244.000000    0.693537
 1249.000000    0.662331
 1254.000000    0.699693
 1259.000000    0.793061
 1264.000000    0.803624
 1269.000000    0.815669
 1274.000000    0.845188
 1279.000000    0.841818
 1284.000000    0.844615
 1289.000000    0.849185
 1294.000000    0.828293
 1299.000000    0.801794
 1304.000000    0.802250
 1309.000000    0.781450
 1314.000000    0.755289
 1319.000000    0.732462
 1324.000000    0.740081
 1329.000000    0.745045
 1334.000000    0.734327
 1339.000000    0.732351
 1344.000000    0.749145
 1349.000000    0.743754
 1354.000000    0.735144
 1359.000000    0.733648
 1364.000000    0.748011
 1369.000000    0.759891
 1374.000000    0.757263
 1379.000000    0.759236
 1384.000000    0.757658
 1389.000000    0.779849
 1394.000000    0.807802
 1399.000000    0.795910
 1404.000000    0.805147
 1409.000000    0.787819
 1414.000000    0.786499
 1419.000000    0.757042
 1424.000000    0.740676
 1429.000000    0.743178
 1434.000000    0.765267
 1439.000000    0.779504
 1444.000000    0.780397
 1449.000000    0.790097
 1454.000000    0.781554
 1459.000000    0.777671
 1464.000000    0.773827
 1469.000000    0.749671
 1474.000000    0.757593
 1479.000000    0.791740
 1484.000000    0.805206
 1489.000000    0.797011
 1494.000000    0.754541
 1499.000000    0.742206
 1504.000000    0.749190
 1509.000000    0.714346
 1514.000000    0.681488
 1519.000000    0.688243
 1524.000000    0.719663
 1529.000000    0.725811
 1534.000000    0.714151
 1539.000000    0.735028
 1544.000000    0.777175
 1549.000000    0.763832
 1554.000000    0.751213
 1559.000000    0.771165
 1564.000000    0.770759
 1569.000000    0.750990
 1574.000000    0.749048
 1579.000000    0.770790
 1584.000000    0.808781
 1589.000000    0.840081
 1594.000000    0.851737
 1599.000000    0.832952
 1604.000000    0.804473
 1609.000000    0.812153
 1614.000000    0.804101
 1619.000000    0.800025
 1624.000000    0.827202
 1629.000000    0.828397
 1634.000000    0.814823
 1639.000000    0.788479
 1644.000000    0.770860
 1649.000000    0.772462
 1654.000000    0.774541
 1659.000000    0.739067
 1664.000000    0.744802
 1669.000000    0.756838
 1674.000000    0.776747
 1679.000000    0.798323
 1684.000000    0.821921
 1689.000000    0.791955
 1694.000000    0.762989
 1699.000000    0.724258
 1704.000000    0.700720
 1709.000000    0.730094
 1714.000000    0.743514
 1719.000000    0.739519
 1724.000000    0.739299
 1729.000000    0.730631
 1734.000000    0.738094
 1739.000000    0.697255
 1744.000000    0.704823
 1749.000000    0.757491
 1754.000000    0.762277
 1759.000000    0.791962
 1764.000000    0.786520
 1769.000000    0.767867
 1774.000000    0.761243
 1779.000000    0.770144
 1784.000000    0.784148
 1789.000000    0.778846
