#  pixel_depth  alphabetafraction   >  Analysis of alpha beta fraction
   30.000000    0.923231
   35.000000    0.942310
   40.000000    0.947673
   45.000000    0.932335
   50.000000    0.916639
   55.000000    0.927419
   60.000000    0.933265
   65.000000    0.938391
   70.000000    0.934936
   75.000000    0.925864
   80.000000    0.946799
   85.000000    0.942786
   90.000000    0.939569
   95.000000    0.916623
  100.000000    0.889892
  105.000000    0.896411
  110.000000    0.912734
  115.000000    0.904213
  120.000000    0.898377
  125.000000    0.896606
  130.000000    0.912750
  135.000000    0.918445
  140.000000    0.911461
  145.000000    0.922041
  150.000000    0.929117
  155.000000    0.916502
  160.000000    0.899199
  165.000000    0.902898
  170.000000    0.910344
  175.000000    0.928741
  180.000000    0.933243
  185.000000    0.938121
  190.000000    0.929548
  195.000000    0.895556
  200.000000    0.910621
  205.000000    0.906352
  210.000000    0.879521
  215.000000    0.860589
  220.000000    0.860691
  225.000000    0.876731
  230.000000    0.908957
  235.000000    0.937104
  240.000000    0.937562
  245.000000    0.947585
  250.000000    0.924481
  255.000000    0.913187
  260.000000    0.899989
  265.000000    0.886746
  270.000000    0.865764
  275.000000    0.866734
  280.000000    0.876237
  285.000000    0.882938
  290.000000    0.871304
  295.000000    0.868210
  300.000000    0.852350
  305.000000    0.823381
  310.000000    0.858729
  315.000000    0.871548
  320.000000    0.887620
  325.000000    0.888003
  330.000000    0.878037
  335.000000    0.893261
  340.000000    0.889992
  345.000000    0.880538
  350.000000    0.867175
  355.000000    0.871931
  360.000000    0.894402
  365.000000    0.890403
  370.000000    0.884267
  375.000000    0.885481
  380.000000    0.889566
  385.000000    0.879968
  390.000000    0.868897
  395.000000    0.874074
  400.000000    0.886744
  405.000000    0.890323
  410.000000    0.883425
  415.000000    0.876061
  420.000000    0.862886
  425.000000    0.849364
  430.000000    0.809909
  435.000000    0.831688
  440.000000    0.856571
  445.000000    0.858874
  450.000000    0.853151
  455.000000    0.860859
  460.000000    0.866699
  465.000000    0.868047
  470.000000    0.846810
  475.000000    0.856466
  480.000000    0.866661
  485.000000    0.848452
  490.000000    0.846708
  495.000000    0.821310
  500.000000    0.807551
  505.000000    0.771237
  510.000000    0.805412
  515.000000    0.860114
  520.000000    0.866669
  525.000000    0.878281
  530.000000    0.893512
  535.000000    0.908485
  540.000000    0.923464
  545.000000    0.922649
  550.000000    0.897701
  555.000000    0.871870
  560.000000    0.876147
  565.000000    0.874469
  570.000000    0.870693
  575.000000    0.851686
  580.000000    0.835142
  585.000000    0.819319
  590.000000    0.823822
  595.000000    0.870766
  600.000000    0.891917
  605.000000    0.893787
  610.000000    0.878501
  615.000000    0.869870
  620.000000    0.851499
  625.000000    0.832259
  630.000000    0.819064
  635.000000    0.830741
  640.000000    0.823079
  645.000000    0.802489
  650.000000    0.819223
  655.000000    0.834490
  660.000000    0.808830
  665.000000    0.773706
  670.000000    0.769671
  675.000000    0.783189
  680.000000    0.824005
  685.000000    0.828514
  690.000000    0.792430
  695.000000    0.767475
  700.000000    0.771115
  705.000000    0.784140
  710.000000    0.800310
  715.000000    0.832814
  720.000000    0.865953
  725.000000    0.878580
  730.000000    0.877622
  735.000000    0.869878
  740.000000    0.846855
  745.000000    0.820072
  750.000000    0.775136
  755.000000    0.715896
  760.000000    0.696829
  765.000000    0.703127
  770.000000    0.723597
  775.000000    0.739860
  780.000000    0.791200
  785.000000    0.808946
  790.000000    0.809193
  795.000000    0.807122
  800.000000    0.795038
  805.000000    0.815316
  810.000000    0.841248
  815.000000    0.846917
  820.000000    0.838263
  825.000000    0.792137
  830.000000    0.726213
  835.000000    0.648404
  840.000000    0.610611
  845.000000    0.666958
  850.000000    0.742842
  855.000000    0.792808
  860.000000    0.810309
  865.000000    0.814524
  870.000000    0.806667
  875.000000    0.803938
  880.000000    0.791211
  885.000000    0.782897
  890.000000    0.791299
  895.000000    0.783867
  900.000000    0.789657
  905.000000    0.823342
  910.000000    0.826474
  915.000000    0.804488
  920.000000    0.791577
  925.000000    0.776689
  930.000000    0.789758
  935.000000    0.779334
  940.000000    0.761701
  945.000000    0.782027
  950.000000    0.789518
  955.000000    0.783719
  960.000000    0.784278
  965.000000    0.782834
  970.000000    0.780970
  975.000000    0.761203
  980.000000    0.741581
  985.000000    0.727127
  990.000000    0.708284
  995.000000    0.701801
 1000.000000    0.706439
 1005.000000    0.722961
 1010.000000    0.711557
 1015.000000    0.679474
 1020.000000    0.718016
 1025.000000    0.748496
 1030.000000    0.757958
 1035.000000    0.774002
 1040.000000    0.788348
 1045.000000    0.799813
 1050.000000    0.819519
 1055.000000    0.807305
 1060.000000    0.804550
 1065.000000    0.806113
 1070.000000    0.805370
 1075.000000    0.785193
 1080.000000    0.763886
 1085.000000    0.759011
 1090.000000    0.747639
 1095.000000    0.750076
 1100.000000    0.730334
 1105.000000    0.720087
 1110.000000    0.702475
 1115.000000    0.678155
 1120.000000    0.701510
 1125.000000    0.716179
 1130.000000    0.736797
 1135.000000    0.753862
 1140.000000    0.768635
 1145.000000    0.789253
 1150.000000    0.807218
 1155.000000    0.810937
 1160.000000    0.776017
 1165.000000    0.766822
 1170.000000    0.782272
 1175.000000    0.762466
 1180.000000    0.746177
 1185.000000    0.730049
 1190.000000    0.735079
 1195.000000    0.739018
 1200.000000    0.774791
 1205.000000    0.791813
 1210.000000    0.815063
 1215.000000    0.814914
 1220.000000    0.814912
 1225.000000    0.812128
 1230.000000    0.788102
 1235.000000    0.755511
 1240.000000    0.715154
 1245.000000    0.701990
 1250.000000    0.691400
 1255.000000    0.686151
 1260.000000    0.667491
 1265.000000    0.683937
 1270.000000    0.698800
 1275.000000    0.712221
 1280.000000    0.729308
 1285.000000    0.725385
 1290.000000    0.761414
 1295.000000    0.796313
 1300.000000    0.819456
 1305.000000    0.825041
 1310.000000    0.833320
 1315.000000    0.823070
 1320.000000    0.793567
 1325.000000    0.751951
 1330.000000    0.723514
 1335.000000    0.694858
 1340.000000    0.673458
 1345.000000    0.689158
 1350.000000    0.673692
 1355.000000    0.682803
 1360.000000    0.718820
 1365.000000    0.703268
 1370.000000    0.687475
 1375.000000    0.697750
 1380.000000    0.709362
 1385.000000    0.701464
 1390.000000    0.730644
 1395.000000    0.738104
 1400.000000    0.743457
 1405.000000    0.755527
 1410.000000    0.769482
 1415.000000    0.792902
 1420.000000    0.813866
 1425.000000    0.816153
 1430.000000    0.798312
 1435.000000    0.817644
 1440.000000    0.808597
 1445.000000    0.808148
 1450.000000    0.765300
 1455.000000    0.691384
 1460.000000    0.690782
 1465.000000    0.696841
 1470.000000    0.704590
 1475.000000    0.690461
 1480.000000    0.691554
 1485.000000    0.688837
 1490.000000    0.684497
 1495.000000    0.704571
 1500.000000    0.701447
 1505.000000    0.699792
 1510.000000    0.714554
 1515.000000    0.718543
 1520.000000    0.706807
 1525.000000    0.723030
 1530.000000    0.710570
 1535.000000    0.691254
 1540.000000    0.704865
 1545.000000    0.676245
 1550.000000    0.670713
 1555.000000    0.687451
 1560.000000    0.703854
 1565.000000    0.699931
 1570.000000    0.648835
 1575.000000    0.611237
 1580.000000    0.604608
 1585.000000    0.629273
 1590.000000    0.631895
 1595.000000    0.646971
 1600.000000    0.671337
 1605.000000    0.682866
 1610.000000    0.692578
 1615.000000    0.732916
 1620.000000    0.764761
 1625.000000    0.763840
 1630.000000    0.746055
 1635.000000    0.763005
 1640.000000    0.796677
 1645.000000    0.799722
 1650.000000    0.787600
 1655.000000    0.757617
 1660.000000    0.761293
 1665.000000    0.761411
 1670.000000    0.761099
 1675.000000    0.747480
 1680.000000    0.701871
 1685.000000    0.682715
 1690.000000    0.663399
 1695.000000    0.649108
 1700.000000    0.680402
 1705.000000    0.712258
 1710.000000    0.722688
 1715.000000    0.732457
 1720.000000    0.717432
 1725.000000    0.695952
 1730.000000    0.704893
 1735.000000    0.698957
 1740.000000    0.699957
 1745.000000    0.705222
 1750.000000    0.683283
 1755.000000    0.678839
 1760.000000    0.692846
 1765.000000    0.723311
 1770.000000    0.713202
 1775.000000    0.692516
 1780.000000    0.704235
 1785.000000    0.700216
 1790.000000    0.691225
 1795.000000    0.695555
 1800.000000    0.729588
 1805.000000    0.786983
 1810.000000    0.814326
 1815.000000    0.826012
 1820.000000    0.810471
 1825.000000    0.779196
 1830.000000    0.792856
