#  pixel_depth  alphabetafraction   >  Analysis of alpha beta fraction
  113.000000    0.734606
  118.000000    0.707882
  123.000000    0.682058
  128.000000    0.665309
  133.000000    0.678288
  138.000000    0.675680
  143.000000    0.630780
  148.000000    0.588578
  153.000000    0.577950
  158.000000    0.603871
  163.000000    0.629093
  168.000000    0.617716
  173.000000    0.613197
  178.000000    0.620530
  183.000000    0.630540
  188.000000    0.662399
  193.000000    0.693374
  198.000000    0.697838
  203.000000    0.697149
  208.000000    0.721256
  213.000000    0.694508
  218.000000    0.696581
  223.000000    0.720548
  228.000000    0.738667
  233.000000    0.757970
  238.000000    0.737782
  243.000000    0.735270
  248.000000    0.737279
  253.000000    0.723920
  258.000000    0.704827
  263.000000    0.702157
  268.000000    0.689397
  273.000000    0.680673
  278.000000    0.691387
  283.000000    0.704934
  288.000000    0.696545
  293.000000    0.711413
  298.000000    0.696533
  303.000000    0.702463
  308.000000    0.734052
  313.000000    0.731495
  318.000000    0.741106
  323.000000    0.752273
  328.000000    0.779879
  333.000000    0.811158
  338.000000    0.831447
  343.000000    0.826471
  348.000000    0.840956
  353.000000    0.826882
  358.000000    0.833563
  363.000000    0.834688
  368.000000    0.815910
  373.000000    0.794333
  378.000000    0.755753
  383.000000    0.742087
  388.000000    0.724465
  393.000000    0.710310
  398.000000    0.707663
  403.000000    0.691921
  408.000000    0.667145
  413.000000    0.637429
  418.000000    0.671933
  423.000000    0.672946
  428.000000    0.694001
  433.000000    0.699141
  438.000000    0.701447
  443.000000    0.704597
  448.000000    0.716455
  453.000000    0.720333
  458.000000    0.720646
  463.000000    0.735614
  468.000000    0.786107
  473.000000    0.804546
  478.000000    0.831845
  483.000000    0.836111
  488.000000    0.822901
  493.000000    0.802784
  498.000000    0.777011
  503.000000    0.764074
  508.000000    0.774673
  513.000000    0.787381
  518.000000    0.809213
  523.000000    0.819387
  528.000000    0.836876
  533.000000    0.823982
  538.000000    0.837994
  543.000000    0.852350
  548.000000    0.837105
  553.000000    0.835638
  558.000000    0.830657
  563.000000    0.814736
  568.000000    0.765055
  573.000000    0.732780
  578.000000    0.725006
  583.000000    0.695842
  588.000000    0.733123
  593.000000    0.739802
  598.000000    0.761696
  603.000000    0.739028
  608.000000    0.729656
  613.000000    0.730725
  618.000000    0.707445
  623.000000    0.724104
  628.000000    0.747063
  633.000000    0.762165
  638.000000    0.715980
  643.000000    0.659972
  648.000000    0.671032
  653.000000    0.697466
  658.000000    0.719308
  663.000000    0.730237
  668.000000    0.731164
  673.000000    0.722259
  678.000000    0.737037
  683.000000    0.724251
  688.000000    0.727789
  693.000000    0.692565
  698.000000    0.656318
  703.000000    0.657291
  708.000000    0.657818
  713.000000    0.657676
  718.000000    0.633585
  723.000000    0.617652
  728.000000    0.661544
  733.000000    0.662547
  738.000000    0.689196
  743.000000    0.717681
  748.000000    0.717169
  753.000000    0.737668
  758.000000    0.748909
  763.000000    0.769113
  768.000000    0.753960
  773.000000    0.741286
  778.000000    0.752856
  783.000000    0.782358
  788.000000    0.815329
  793.000000    0.838438
  798.000000    0.845325
  803.000000    0.838445
  808.000000    0.808553
  813.000000    0.780641
  818.000000    0.724210
  823.000000    0.724821
  828.000000    0.723956
  833.000000    0.721888
  838.000000    0.729671
  843.000000    0.707384
  848.000000    0.677187
  853.000000    0.632597
  858.000000    0.633208
  863.000000    0.593016
  868.000000    0.594493
  873.000000    0.570611
  878.000000    0.615557
  883.000000    0.639990
  888.000000    0.631016
  893.000000    0.639761
  898.000000    0.652586
  903.000000    0.647328
  908.000000    0.636133
  913.000000    0.677543
  918.000000    0.686416
  923.000000    0.717640
  928.000000    0.720665
  933.000000    0.716686
  938.000000    0.729113
  943.000000    0.747982
  948.000000    0.771946
  953.000000    0.733670
  958.000000    0.728261
  963.000000    0.733012
  968.000000    0.702853
  973.000000    0.713564
  978.000000    0.713160
  983.000000    0.706534
  988.000000    0.728936
  993.000000    0.722739
  998.000000    0.698081
 1003.000000    0.713765
 1008.000000    0.709859
 1013.000000    0.687522
 1018.000000    0.695350
 1023.000000    0.710655
 1028.000000    0.725955
 1033.000000    0.715134
 1038.000000    0.739613
 1043.000000    0.784449
 1048.000000    0.781409
 1053.000000    0.798676
 1058.000000    0.796529
 1063.000000    0.791026
 1068.000000    0.786601
 1073.000000    0.792151
 1078.000000    0.813238
 1083.000000    0.830987
 1088.000000    0.841406
 1093.000000    0.822464
 1098.000000    0.826502
 1103.000000    0.839685
 1108.000000    0.813464
 1113.000000    0.804886
 1118.000000    0.848467
 1123.000000    0.844448
 1128.000000    0.825983
 1133.000000    0.824485
 1138.000000    0.843889
 1143.000000    0.847277
 1148.000000    0.852964
 1153.000000    0.862637
 1158.000000    0.858653
 1163.000000    0.870535
 1168.000000    0.857203
 1173.000000    0.841938
 1178.000000    0.839164
 1183.000000    0.827796
 1188.000000    0.807242
 1193.000000    0.796054
 1198.000000    0.761774
 1203.000000    0.712280
 1208.000000    0.710647
 1213.000000    0.680933
 1218.000000    0.698863
 1223.000000    0.726644
 1228.000000    0.730715
 1233.000000    0.711039
 1238.000000    0.718406
 1243.000000    0.700055
 1248.000000    0.686782
 1253.000000    0.712576
 1258.000000    0.711647
 1263.000000    0.714002
 1268.000000    0.682838
 1273.000000    0.670112
 1278.000000    0.670719
 1283.000000    0.711671
 1288.000000    0.736204
 1293.000000    0.740389
 1298.000000    0.755355
 1303.000000    0.766134
 1308.000000    0.754218
 1313.000000    0.760760
 1318.000000    0.732479
 1323.000000    0.749042
 1328.000000    0.756372
 1333.000000    0.751415
 1338.000000    0.749688
 1343.000000    0.744613
 1348.000000    0.783815
 1353.000000    0.826916
 1358.000000    0.831683
 1363.000000    0.846230
 1368.000000    0.836140
 1373.000000    0.775038
 1378.000000    0.715168
 1383.000000    0.685859
 1388.000000    0.712656
 1393.000000    0.744587
 1398.000000    0.736642
 1403.000000    0.759227
 1408.000000    0.769395
 1413.000000    0.792467
 1418.000000    0.803564
 1423.000000    0.761143
 1428.000000    0.725048
 1433.000000    0.711460
 1438.000000    0.706786
 1443.000000    0.698550
 1448.000000    0.719821
 1453.000000    0.734469
 1458.000000    0.754761
 1463.000000    0.783237
 1468.000000    0.826218
 1473.000000    0.832652
 1478.000000    0.863737
 1483.000000    0.885055
 1488.000000    0.888182
 1493.000000    0.891597
 1498.000000    0.877722
 1503.000000    0.854576
 1508.000000    0.809533
 1513.000000    0.788682
 1518.000000    0.788508
 1523.000000    0.747837
 1528.000000    0.744255
 1533.000000    0.767652
 1538.000000    0.781035
 1543.000000    0.779334
 1548.000000    0.789633
 1553.000000    0.799227
 1558.000000    0.798219
 1563.000000    0.803551
 1568.000000    0.824880
 1573.000000    0.824072
 1578.000000    0.823727
 1583.000000    0.830940
 1588.000000    0.809005
 1593.000000    0.793690
 1598.000000    0.810205
 1603.000000    0.802096
 1608.000000    0.812742
 1613.000000    0.837019
 1618.000000    0.848734
 1623.000000    0.832149
 1628.000000    0.797266
 1633.000000    0.758592
 1638.000000    0.768968
 1643.000000    0.779799
 1648.000000    0.770038
 1653.000000    0.748278
 1658.000000    0.705799
 1663.000000    0.694771
 1668.000000    0.686604
 1673.000000    0.702198
 1678.000000    0.717072
 1683.000000    0.763608
 1688.000000    0.784381
 1693.000000    0.771745
 1698.000000    0.774313
 1703.000000    0.790060
 1708.000000    0.792711
 1713.000000    0.826309
 1718.000000    0.854671
 1723.000000    0.876097
 1728.000000    0.882993
 1733.000000    0.876979
 1738.000000    0.861620
 1743.000000    0.857908
 1748.000000    0.869908
 1753.000000    0.854487
 1758.000000    0.829486
 1763.000000    0.837806
 1768.000000    0.847704
 1773.000000    0.827358
 1778.000000    0.803671
 1783.000000    0.810353
 1788.000000    0.749043
 1793.000000    0.716265
 1798.000000    0.721647
 1803.000000    0.707299
 1808.000000    0.688250
 1813.000000    0.707724
 1818.000000    0.691228
 1823.000000    0.676683
 1828.000000    0.695721
 1833.000000    0.730133
 1838.000000    0.732785
 1843.000000    0.722062
 1848.000000    0.719457
 1853.000000    0.723805
 1858.000000    0.761530
 1863.000000    0.774449
 1868.000000    0.776245
 1873.000000    0.812774
 1878.000000    0.840290
 1883.000000    0.865339
 1888.000000    0.889565
 1893.000000    0.903348
 1898.000000    0.915539
 1903.000000    0.881163
 1908.000000    0.855842
 1913.000000    0.831686
 1918.000000    0.824229
 1923.000000    0.786742
 1928.000000    0.761917
 1933.000000    0.712666
 1938.000000    0.695929
 1943.000000    0.709020
