#  pixel_depth  alphabetafraction   >  Analysis of alpha beta fraction
    5.000000    0.818000
   10.000000    0.820303
   15.000000    0.824100
   20.000000    0.790657
   25.000000    0.796225
   30.000000    0.815273
   35.000000    0.826865
   40.000000    0.820272
   45.000000    0.826486
   50.000000    0.815358
   55.000000    0.781151
   60.000000    0.759383
   65.000000    0.759296
   70.000000    0.764218
   75.000000    0.751508
   80.000000    0.750230
   85.000000    0.716297
   90.000000    0.692256
   95.000000    0.704466
  100.000000    0.739078
  105.000000    0.760388
  110.000000    0.763170
  115.000000    0.762848
  120.000000    0.750295
  125.000000    0.779845
  130.000000    0.782122
  135.000000    0.790722
  140.000000    0.820619
  145.000000    0.801510
  150.000000    0.799696
  155.000000    0.764469
  160.000000    0.738175
  165.000000    0.731041
  170.000000    0.751845
  175.000000    0.731634
  180.000000    0.696867
  185.000000    0.677553
  190.000000    0.720303
  195.000000    0.741672
  200.000000    0.744769
  205.000000    0.720749
  210.000000    0.703100
  215.000000    0.715202
  220.000000    0.764792
  225.000000    0.759147
  230.000000    0.759082
  235.000000    0.727223
  240.000000    0.703702
  245.000000    0.710092
  250.000000    0.742556
  255.000000    0.761080
  260.000000    0.757277
  265.000000    0.758626
  270.000000    0.740963
  275.000000    0.746249
  280.000000    0.742720
  285.000000    0.696560
  290.000000    0.663673
  295.000000    0.628727
  300.000000    0.625645
  305.000000    0.629958
  310.000000    0.690606
  315.000000    0.710733
  320.000000    0.721364
  325.000000    0.705625
  330.000000    0.678008
  335.000000    0.716796
  340.000000    0.655662
  345.000000    0.643933
  350.000000    0.663459
  355.000000    0.711390
  360.000000    0.698818
  365.000000    0.682168
  370.000000    0.720176
  375.000000    0.746718
  380.000000    0.758846
  385.000000    0.754492
  390.000000    0.747387
  395.000000    0.725016
  400.000000    0.728442
  405.000000    0.747221
  410.000000    0.710577
  415.000000    0.683401
  420.000000    0.670336
  425.000000    0.664343
  430.000000    0.706610
  435.000000    0.792874
  440.000000    0.822546
  445.000000    0.846591
  450.000000    0.859609
  455.000000    0.855131
  460.000000    0.840654
  465.000000    0.792876
  470.000000    0.777369
  475.000000    0.756027
  480.000000    0.775234
  485.000000    0.796121
  490.000000    0.803328
  495.000000    0.806922
  500.000000    0.821164
  505.000000    0.826460
  510.000000    0.823901
  515.000000    0.811539
  520.000000    0.773383
  525.000000    0.724881
  530.000000    0.712978
  535.000000    0.704827
  540.000000    0.691341
  545.000000    0.692619
  550.000000    0.672065
  555.000000    0.661597
  560.000000    0.736126
  565.000000    0.771430
  570.000000    0.785545
  575.000000    0.795002
  580.000000    0.759622
  585.000000    0.742196
  590.000000    0.774899
  595.000000    0.815475
  600.000000    0.817338
  605.000000    0.836682
  610.000000    0.840108
  615.000000    0.846230
  620.000000    0.824364
  625.000000    0.822400
  630.000000    0.800646
  635.000000    0.758215
  640.000000    0.750570
  645.000000    0.720082
  650.000000    0.729604
  655.000000    0.783417
  660.000000    0.799553
  665.000000    0.820893
  670.000000    0.825819
  675.000000    0.810106
  680.000000    0.747518
  685.000000    0.723934
  690.000000    0.748425
  695.000000    0.744401
  700.000000    0.718602
  705.000000    0.706196
  710.000000    0.713122
  715.000000    0.720014
  720.000000    0.754539
  725.000000    0.771423
  730.000000    0.777587
  735.000000    0.802599
  740.000000    0.814513
  745.000000    0.812209
  750.000000    0.828667
  755.000000    0.840005
  760.000000    0.866100
  765.000000    0.885220
  770.000000    0.871489
  775.000000    0.841797
  780.000000    0.825450
  785.000000    0.806175
  790.000000    0.783598
  795.000000    0.747399
  800.000000    0.709738
  805.000000    0.688765
  810.000000    0.700831
  815.000000    0.740914
  820.000000    0.764382
  825.000000    0.786675
  830.000000    0.758490
  835.000000    0.765036
  840.000000    0.794058
  845.000000    0.819282
  850.000000    0.834395
  855.000000    0.844258
  860.000000    0.850631
  865.000000    0.861574
  870.000000    0.859358
  875.000000    0.853210
  880.000000    0.850867
  885.000000    0.844504
  890.000000    0.841794
  895.000000    0.855860
  900.000000    0.851922
  905.000000    0.827446
  910.000000    0.766324
  915.000000    0.760085
  920.000000    0.777321
  925.000000    0.770908
  930.000000    0.727271
  935.000000    0.684682
  940.000000    0.708980
  945.000000    0.751419
  950.000000    0.775584
  955.000000    0.802685
  960.000000    0.824693
  965.000000    0.861892
  970.000000    0.860192
  975.000000    0.851437
  980.000000    0.850725
  985.000000    0.809515
  990.000000    0.755981
  995.000000    0.710484
 1000.000000    0.720978
 1005.000000    0.747327
 1010.000000    0.754693
 1015.000000    0.790288
 1020.000000    0.814371
 1025.000000    0.858282
 1030.000000    0.851736
 1035.000000    0.853822
 1040.000000    0.894627
 1045.000000    0.916919
 1050.000000    0.890416
 1055.000000    0.878141
 1060.000000    0.849189
 1065.000000    0.782506
 1070.000000    0.790243
 1075.000000    0.783336
 1080.000000    0.760294
 1085.000000    0.766902
 1090.000000    0.744231
 1095.000000    0.763311
 1100.000000    0.763057
 1105.000000    0.743143
 1110.000000    0.741973
 1115.000000    0.746043
 1120.000000    0.778541
 1125.000000    0.787419
 1130.000000    0.791804
 1135.000000    0.796542
 1140.000000    0.761895
 1145.000000    0.760085
 1150.000000    0.777575
 1155.000000    0.775665
 1160.000000    0.733960
 1165.000000    0.719436
 1170.000000    0.714474
 1175.000000    0.676031
 1180.000000    0.708160
 1185.000000    0.726435
 1190.000000    0.751956
 1195.000000    0.779428
 1200.000000    0.801054
 1205.000000    0.810652
 1210.000000    0.780827
 1215.000000    0.802999
 1220.000000    0.803561
 1225.000000    0.771306
 1230.000000    0.741677
 1235.000000    0.733266
 1240.000000    0.758310
 1245.000000    0.768231
 1250.000000    0.767667
 1255.000000    0.789514
 1260.000000    0.787034
 1265.000000    0.797850
 1270.000000    0.827104
 1275.000000    0.853529
 1280.000000    0.861367
 1285.000000    0.852608
 1290.000000    0.861932
