#  pixel_depth  alphabetafraction   >  Analysis of alpha beta fraction
   46.000000    0.930934
   51.000000    0.896500
   56.000000    0.880552
   61.000000    0.900052
   66.000000    0.896227
   71.000000    0.900991
   76.000000    0.896903
   81.000000    0.895865
   86.000000    0.890558
   91.000000    0.882480
   96.000000    0.890349
  101.000000    0.875278
  106.000000    0.854254
  111.000000    0.856428
  116.000000    0.853338
  121.000000    0.832837
  126.000000    0.825849
  131.000000    0.832026
  136.000000    0.799606
  141.000000    0.776616
  146.000000    0.755136
  151.000000    0.709180
  156.000000    0.701031
  161.000000    0.694351
  166.000000    0.748444
  171.000000    0.754628
  176.000000    0.791447
  181.000000    0.819909
  186.000000    0.824441
  191.000000    0.809880
  196.000000    0.805652
  201.000000    0.791895
  206.000000    0.794015
  211.000000    0.811913
  216.000000    0.815861
  221.000000    0.818494
  226.000000    0.809731
  231.000000    0.801271
  236.000000    0.795872
  241.000000    0.772106
  246.000000    0.739376
  251.000000    0.702402
  256.000000    0.704167
  261.000000    0.729071
  266.000000    0.766769
  271.000000    0.785811
  276.000000    0.788455
  281.000000    0.792927
  286.000000    0.780276
  291.000000    0.787695
  296.000000    0.766892
  301.000000    0.768928
  306.000000    0.775693
  311.000000    0.778202
  316.000000    0.787780
  321.000000    0.795233
  326.000000    0.800290
  331.000000    0.786573
  336.000000    0.786123
  341.000000    0.762589
  346.000000    0.752298
  351.000000    0.768140
  356.000000    0.782668
  361.000000    0.797568
  366.000000    0.780369
  371.000000    0.777251
  376.000000    0.794003
  381.000000    0.801137
  386.000000    0.812155
  391.000000    0.766468
  396.000000    0.790843
  401.000000    0.793450
  406.000000    0.775896
  411.000000    0.763174
  416.000000    0.755910
  421.000000    0.746485
  426.000000    0.745603
  431.000000    0.728534
  436.000000    0.736947
  441.000000    0.757505
  446.000000    0.739087
  451.000000    0.772323
  456.000000    0.786414
  461.000000    0.810807
  466.000000    0.797749
  471.000000    0.802260
  476.000000    0.759523
  481.000000    0.727674
  486.000000    0.750429
  491.000000    0.745570
  496.000000    0.757491
  501.000000    0.721055
  506.000000    0.708107
  511.000000    0.715648
  516.000000    0.715400
  521.000000    0.699810
  526.000000    0.706839
  531.000000    0.715671
  536.000000    0.761024
  541.000000    0.738368
  546.000000    0.727473
  551.000000    0.713909
  556.000000    0.735852
  561.000000    0.740158
  566.000000    0.732796
  571.000000    0.688067
  576.000000    0.659403
  581.000000    0.643574
  586.000000    0.624375
  591.000000    0.687502
  596.000000    0.700512
  601.000000    0.726422
  606.000000    0.750575
  611.000000    0.756004
  616.000000    0.769187
  621.000000    0.758403
  626.000000    0.765539
  631.000000    0.794154
  636.000000    0.810076
  641.000000    0.814358
  646.000000    0.839581
  651.000000    0.846652
  656.000000    0.844397
  661.000000    0.842180
  666.000000    0.838934
  671.000000    0.838852
  676.000000    0.868000
  681.000000    0.857098
  686.000000    0.861236
  691.000000    0.872067
  696.000000    0.856896
  701.000000    0.822505
  706.000000    0.795161
  711.000000    0.786878
  716.000000    0.779523
  721.000000    0.749966
  726.000000    0.756534
  731.000000    0.774846
  736.000000    0.748406
  741.000000    0.724400
  746.000000    0.760828
  751.000000    0.731917
  756.000000    0.762071
  761.000000    0.798562
  766.000000    0.787522
  771.000000    0.762851
  776.000000    0.739566
  781.000000    0.728324
  786.000000    0.721550
  791.000000    0.722848
  796.000000    0.754202
  801.000000    0.749396
  806.000000    0.742306
  811.000000    0.736768
  816.000000    0.735440
  821.000000    0.750383
  826.000000    0.743068
  831.000000    0.738401
  836.000000    0.719898
  841.000000    0.705146
  846.000000    0.689637
  851.000000    0.724544
  856.000000    0.761691
  861.000000    0.757740
  866.000000    0.753668
  871.000000    0.737326
  876.000000    0.715324
  881.000000    0.714407
  886.000000    0.705345
  891.000000    0.701822
  896.000000    0.724180
  901.000000    0.720015
  906.000000    0.689538
  911.000000    0.724877
  916.000000    0.721044
  921.000000    0.728145
  926.000000    0.721287
  931.000000    0.735691
  936.000000    0.737206
  941.000000    0.701938
  946.000000    0.681198
  951.000000    0.683380
  956.000000    0.698207
  961.000000    0.692947
  966.000000    0.706482
  971.000000    0.705703
  976.000000    0.737304
  981.000000    0.736312
  986.000000    0.746013
  991.000000    0.776605
  996.000000    0.799641
 1001.000000    0.798909
 1006.000000    0.813827
 1011.000000    0.818955
 1016.000000    0.815459
 1021.000000    0.819884
 1026.000000    0.822601
 1031.000000    0.833264
 1036.000000    0.813887
 1041.000000    0.832212
 1046.000000    0.864047
 1051.000000    0.881053
 1056.000000    0.874381
 1061.000000    0.892348
 1066.000000    0.892227
 1071.000000    0.882528
 1076.000000    0.877371
 1081.000000    0.824190
 1086.000000    0.785326
 1091.000000    0.776480
 1096.000000    0.741392
 1101.000000    0.723966
 1106.000000    0.743070
 1111.000000    0.756320
 1116.000000    0.819725
 1121.000000    0.801348
 1126.000000    0.789287
 1131.000000    0.789431
 1136.000000    0.768414
 1141.000000    0.751944
 1146.000000    0.717072
 1151.000000    0.702977
 1156.000000    0.707476
 1161.000000    0.733203
 1166.000000    0.723799
 1171.000000    0.730977
 1176.000000    0.714962
 1181.000000    0.691296
 1186.000000    0.696594
 1191.000000    0.700450
 1196.000000    0.705334
 1201.000000    0.675632
 1206.000000    0.716878
 1211.000000    0.696868
 1216.000000    0.714974
 1221.000000    0.743817
 1226.000000    0.763566
 1231.000000    0.781065
 1236.000000    0.792548
 1241.000000    0.804371
 1246.000000    0.800176
 1251.000000    0.782905
 1256.000000    0.749992
 1261.000000    0.719775
 1266.000000    0.753662
 1271.000000    0.768809
 1276.000000    0.792864
 1281.000000    0.814937
 1286.000000    0.818182
 1291.000000    0.816711
 1296.000000    0.834425
 1301.000000    0.846317
 1306.000000    0.838846
 1311.000000    0.836826
 1316.000000    0.843663
 1321.000000    0.857581
 1326.000000    0.855693
 1331.000000    0.861684
 1336.000000    0.833981
 1341.000000    0.802396
 1346.000000    0.802555
 1351.000000    0.804591
 1356.000000    0.793382
 1361.000000    0.794821
 1366.000000    0.793162
 1371.000000    0.792494
 1376.000000    0.756450
 1381.000000    0.753822
 1386.000000    0.775054
 1391.000000    0.767700
 1396.000000    0.777047
 1401.000000    0.740732
 1406.000000    0.733914
 1411.000000    0.745440
 1416.000000    0.732964
 1421.000000    0.700545
 1426.000000    0.675948
 1431.000000    0.665033
 1436.000000    0.708137
 1441.000000    0.704337
 1446.000000    0.698026
 1451.000000    0.716526
 1456.000000    0.754729
 1461.000000    0.775403
 1466.000000    0.785016
 1471.000000    0.778604
 1476.000000    0.777425
 1481.000000    0.782407
 1486.000000    0.788186
 1491.000000    0.799512
 1496.000000    0.804438
 1501.000000    0.820143
 1506.000000    0.828563
 1511.000000    0.824307
 1516.000000    0.816087
 1521.000000    0.798437
 1526.000000    0.799219
 1531.000000    0.769636
 1536.000000    0.749852
 1541.000000    0.736015
 1546.000000    0.730253
 1551.000000    0.762775
 1556.000000    0.789256
 1561.000000    0.802766
 1566.000000    0.809106
 1571.000000    0.781809
 1576.000000    0.773375
 1581.000000    0.778418
 1586.000000    0.765188
 1591.000000    0.718519
 1596.000000    0.710904
 1601.000000    0.687357
 1606.000000    0.648468
 1611.000000    0.621842
 1616.000000    0.623991
 1621.000000    0.607576
 1626.000000    0.595106
 1631.000000    0.609803
 1636.000000    0.602180
 1641.000000    0.599528
 1646.000000    0.623515
 1651.000000    0.657677
 1656.000000    0.689650
 1661.000000    0.698221
 1666.000000    0.716826
 1671.000000    0.729888
 1676.000000    0.750899
 1681.000000    0.775994
 1686.000000    0.769102
 1691.000000    0.761211
 1696.000000    0.754157
 1701.000000    0.769588
 1706.000000    0.785708
 1711.000000    0.807596
 1716.000000    0.797850
 1721.000000    0.820770
 1726.000000    0.811827
 1731.000000    0.791885
 1736.000000    0.769420
 1741.000000    0.760799
 1746.000000    0.753810
 1751.000000    0.745438
 1756.000000    0.744295
 1761.000000    0.745317
 1766.000000    0.745340
 1771.000000    0.723312
 1776.000000    0.720458
 1781.000000    0.754691
 1786.000000    0.736473
 1791.000000    0.717331
 1796.000000    0.716305
 1801.000000    0.739765
 1806.000000    0.776947
 1811.000000    0.765326
 1816.000000    0.747289
 1821.000000    0.708633
 1826.000000    0.738506
 1831.000000    0.745266
 1836.000000    0.720604
 1841.000000    0.717349
 1846.000000    0.736130
