#  pixel_depth  alphabetafraction   >  Analysis of alpha beta fraction
   87.000000    0.808389
   92.000000    0.830482
   97.000000    0.865245
  102.000000    0.882461
  107.000000    0.889306
  112.000000    0.864432
  117.000000    0.865802
  122.000000    0.861536
  127.000000    0.863019
  132.000000    0.821113
  137.000000    0.799565
  142.000000    0.806385
  147.000000    0.798853
  152.000000    0.815782
  157.000000    0.810287
  162.000000    0.794124
  167.000000    0.779916
  172.000000    0.784146
  177.000000    0.807164
  182.000000    0.818872
  187.000000    0.825785
  192.000000    0.852510
  197.000000    0.821471
  202.000000    0.779388
  207.000000    0.766350
  212.000000    0.765882
  217.000000    0.788210
  222.000000    0.770336
  227.000000    0.776104
  232.000000    0.794395
  237.000000    0.788608
  242.000000    0.774593
  247.000000    0.782414
  252.000000    0.772020
  257.000000    0.759658
  262.000000    0.754420
  267.000000    0.736454
  272.000000    0.737242
  277.000000    0.765369
  282.000000    0.808429
  287.000000    0.842028
  292.000000    0.846057
  297.000000    0.841180
  302.000000    0.840306
  307.000000    0.843200
  312.000000    0.814606
  317.000000    0.784993
  322.000000    0.783681
  327.000000    0.788440
  332.000000    0.784721
  337.000000    0.794689
  342.000000    0.792767
  347.000000    0.760039
  352.000000    0.753149
  357.000000    0.729103
  362.000000    0.720438
  367.000000    0.694633
  372.000000    0.706791
  377.000000    0.716329
  382.000000    0.720112
  387.000000    0.776068
  392.000000    0.809704
  397.000000    0.818875
  402.000000    0.834981
  407.000000    0.831595
  412.000000    0.816201
  417.000000    0.791685
  422.000000    0.798466
  427.000000    0.797000
  432.000000    0.792909
  437.000000    0.808325
  442.000000    0.830705
  447.000000    0.839085
  452.000000    0.854017
  457.000000    0.848520
  462.000000    0.829521
  467.000000    0.820636
  472.000000    0.803898
  477.000000    0.801368
  482.000000    0.784943
  487.000000    0.782416
  492.000000    0.785401
  497.000000    0.781678
  502.000000    0.757565
  507.000000    0.727163
  512.000000    0.750909
  517.000000    0.754848
  522.000000    0.764460
  527.000000    0.760173
  532.000000    0.750347
  537.000000    0.730256
  542.000000    0.737868
  547.000000    0.760058
  552.000000    0.773699
  557.000000    0.767835
  562.000000    0.753869
  567.000000    0.761427
  572.000000    0.767425
  577.000000    0.756522
  582.000000    0.768231
  587.000000    0.782861
  592.000000    0.802709
  597.000000    0.809339
  602.000000    0.811048
  607.000000    0.810684
  612.000000    0.809186
  617.000000    0.791964
  622.000000    0.794333
  627.000000    0.783794
  632.000000    0.763396
  637.000000    0.755575
  642.000000    0.773702
  647.000000    0.806627
  652.000000    0.821680
  657.000000    0.814793
  662.000000    0.799077
  667.000000    0.796040
  672.000000    0.818604
  677.000000    0.826675
  682.000000    0.792109
  687.000000    0.756932
  692.000000    0.730161
  697.000000    0.714634
  702.000000    0.715392
  707.000000    0.730487
  712.000000    0.732369
  717.000000    0.719889
  722.000000    0.716515
  727.000000    0.717196
  732.000000    0.713836
  737.000000    0.717940
  742.000000    0.740052
  747.000000    0.747979
  752.000000    0.745460
  757.000000    0.740316
  762.000000    0.731409
  767.000000    0.722272
  772.000000    0.703467
  777.000000    0.679894
  782.000000    0.697332
  787.000000    0.683619
  792.000000    0.693885
  797.000000    0.709140
  802.000000    0.731304
  807.000000    0.748735
  812.000000    0.754882
  817.000000    0.777834
  822.000000    0.800136
  827.000000    0.824526
  832.000000    0.820977
  837.000000    0.809225
  842.000000    0.810189
  847.000000    0.827855
  852.000000    0.844722
  857.000000    0.845439
  862.000000    0.849470
  867.000000    0.817412
  872.000000    0.788708
  877.000000    0.758416
  882.000000    0.740538
  887.000000    0.701086
  892.000000    0.691351
  897.000000    0.681392
  902.000000    0.702583
  907.000000    0.709899
  912.000000    0.712351
  917.000000    0.728729
  922.000000    0.741350
  927.000000    0.760435
  932.000000    0.744297
  937.000000    0.743799
  942.000000    0.725550
  947.000000    0.731854
  952.000000    0.729790
  957.000000    0.716599
  962.000000    0.718193
  967.000000    0.716836
  972.000000    0.721430
  977.000000    0.728744
  982.000000    0.735733
  987.000000    0.715569
  992.000000    0.702528
  997.000000    0.679279
 1002.000000    0.659099
 1007.000000    0.685463
 1012.000000    0.704931
 1017.000000    0.704806
 1022.000000    0.692704
 1027.000000    0.704567
 1032.000000    0.721552
 1037.000000    0.699628
 1042.000000    0.700247
 1047.000000    0.696135
 1052.000000    0.696156
 1057.000000    0.749315
 1062.000000    0.777934
 1067.000000    0.814177
 1072.000000    0.842851
 1077.000000    0.865119
 1082.000000    0.875711
 1087.000000    0.875295
 1092.000000    0.872322
 1097.000000    0.871834
 1102.000000    0.866008
 1107.000000    0.854113
 1112.000000    0.832280
 1117.000000    0.811826
 1122.000000    0.807205
 1127.000000    0.810049
 1132.000000    0.830091
 1137.000000    0.823576
 1142.000000    0.798120
 1147.000000    0.780309
 1152.000000    0.772685
 1157.000000    0.777649
 1162.000000    0.807809
 1167.000000    0.820738
 1172.000000    0.803457
 1177.000000    0.795005
 1182.000000    0.793660
 1187.000000    0.784278
 1192.000000    0.793202
 1197.000000    0.789051
 1202.000000    0.778624
 1207.000000    0.788241
 1212.000000    0.772934
 1217.000000    0.766240
 1222.000000    0.761033
 1227.000000    0.755099
 1232.000000    0.751520
 1237.000000    0.747525
 1242.000000    0.742006
 1247.000000    0.766664
 1252.000000    0.767451
 1257.000000    0.780928
 1262.000000    0.806176
 1267.000000    0.798388
 1272.000000    0.799782
 1277.000000    0.798994
 1282.000000    0.839813
 1287.000000    0.840528
 1292.000000    0.824283
 1297.000000    0.811976
 1302.000000    0.781253
 1307.000000    0.759080
 1312.000000    0.769652
 1317.000000    0.785327
 1322.000000    0.787488
 1327.000000    0.782308
 1332.000000    0.776245
 1337.000000    0.781245
 1342.000000    0.784826
 1347.000000    0.788038
 1352.000000    0.788280
 1357.000000    0.780102
 1362.000000    0.777616
 1367.000000    0.778475
 1372.000000    0.799291
 1377.000000    0.786846
 1382.000000    0.777945
 1387.000000    0.766974
 1392.000000    0.775311
 1397.000000    0.769321
 1402.000000    0.773035
 1407.000000    0.763991
 1412.000000    0.749396
 1417.000000    0.727187
 1422.000000    0.721100
 1427.000000    0.727728
 1432.000000    0.775921
 1437.000000    0.825753
 1442.000000    0.869242
 1447.000000    0.867162
 1452.000000    0.846409
 1457.000000    0.849868
 1462.000000    0.865123
 1467.000000    0.858181
 1472.000000    0.839444
 1477.000000    0.842048
 1482.000000    0.843637
 1487.000000    0.834532
 1492.000000    0.825155
 1497.000000    0.808643
 1502.000000    0.806720
 1507.000000    0.794849
 1512.000000    0.778360
 1517.000000    0.756681
 1522.000000    0.731304
 1527.000000    0.760754
 1532.000000    0.757327
 1537.000000    0.704155
 1542.000000    0.682369
 1547.000000    0.674256
 1552.000000    0.705454
 1557.000000    0.719302
 1562.000000    0.758027
 1567.000000    0.768699
 1572.000000    0.765825
 1577.000000    0.777356
 1582.000000    0.765550
 1587.000000    0.748352
 1592.000000    0.732215
 1597.000000    0.702541
 1602.000000    0.694759
 1607.000000    0.708537
 1612.000000    0.731273
 1617.000000    0.768556
 1622.000000    0.763417
 1627.000000    0.758588
 1632.000000    0.728941
 1637.000000    0.699867
 1642.000000    0.687828
 1647.000000    0.688740
 1652.000000    0.687440
 1657.000000    0.705391
 1662.000000    0.718662
 1667.000000    0.764371
 1672.000000    0.780984
 1677.000000    0.782612
 1682.000000    0.788990
 1687.000000    0.784671
 1692.000000    0.771632
 1697.000000    0.768967
 1702.000000    0.758668
 1707.000000    0.747433
 1712.000000    0.723199
 1717.000000    0.748630
 1722.000000    0.756384
 1727.000000    0.755751
 1732.000000    0.747535
 1737.000000    0.744859
 1742.000000    0.747814
 1747.000000    0.745960
 1752.000000    0.750605
 1757.000000    0.770076
 1762.000000    0.766469
 1767.000000    0.772486
 1772.000000    0.795367
 1777.000000    0.821011
 1782.000000    0.854862
 1787.000000    0.866494
 1792.000000    0.873618
 1797.000000    0.876902
 1802.000000    0.855861
 1807.000000    0.836327
 1812.000000    0.847049
