#  pixel_depth  alphabetafraction   >  Analysis of alpha beta fraction
  269.000000    0.630155
  274.000000    0.646797
  279.000000    0.654463
  284.000000    0.654368
  289.000000    0.683495
  294.000000    0.686434
  299.000000    0.692341
  304.000000    0.658505
  309.000000    0.666815
  314.000000    0.667310
  319.000000    0.703478
  324.000000    0.714508
  329.000000    0.714473
  334.000000    0.738911
  339.000000    0.761409
  344.000000    0.767109
  349.000000    0.790609
  354.000000    0.799082
  359.000000    0.785784
  364.000000    0.760358
  369.000000    0.743205
  374.000000    0.734162
  379.000000    0.741195
  384.000000    0.753510
  389.000000    0.765873
  394.000000    0.770465
  399.000000    0.759481
  404.000000    0.742875
  409.000000    0.725743
  414.000000    0.732204
  419.000000    0.746237
  424.000000    0.741616
  429.000000    0.739049
  434.000000    0.705822
  439.000000    0.687540
  444.000000    0.692092
  449.000000    0.701872
  454.000000    0.740287
  459.000000    0.761386
  464.000000    0.787638
  469.000000    0.793661
  474.000000    0.795190
  479.000000    0.809955
  484.000000    0.776475
  489.000000    0.764182
  494.000000    0.752472
  499.000000    0.736311
  504.000000    0.739405
  509.000000    0.722538
  514.000000    0.748323
  519.000000    0.783658
  524.000000    0.755610
  529.000000    0.734918
  534.000000    0.708323
  539.000000    0.711080
  544.000000    0.708439
  549.000000    0.721463
  554.000000    0.737155
  559.000000    0.724133
  564.000000    0.707765
  569.000000    0.713928
  574.000000    0.718679
  579.000000    0.729567
  584.000000    0.744362
  589.000000    0.715429
  594.000000    0.716326
  599.000000    0.728311
  604.000000    0.710571
  609.000000    0.691326
  614.000000    0.700053
  619.000000    0.740575
  624.000000    0.760270
  629.000000    0.807918
  634.000000    0.808942
  639.000000    0.817144
  644.000000    0.812639
  649.000000    0.821778
  654.000000    0.825160
  659.000000    0.814875
  664.000000    0.815038
  669.000000    0.817014
  674.000000    0.819313
  679.000000    0.812306
  684.000000    0.816084
  689.000000    0.779525
  694.000000    0.747815
  699.000000    0.727714
  704.000000    0.723497
  709.000000    0.698552
  714.000000    0.690544
  719.000000    0.702713
  724.000000    0.732552
  729.000000    0.728344
  734.000000    0.757290
  739.000000    0.771509
  744.000000    0.784315
  749.000000    0.807439
  754.000000    0.828294
  759.000000    0.818668
  764.000000    0.799806
  769.000000    0.798718
  774.000000    0.805038
  779.000000    0.834416
  784.000000    0.844502
  789.000000    0.833815
  794.000000    0.819743
  799.000000    0.804086
  804.000000    0.804432
  809.000000    0.807217
  814.000000    0.805771
  819.000000    0.789428
  824.000000    0.762782
  829.000000    0.758378
  834.000000    0.764151
  839.000000    0.759857
  844.000000    0.752617
  849.000000    0.752446
  854.000000    0.769849
  859.000000    0.779857
  864.000000    0.757421
  869.000000    0.791323
  874.000000    0.788425
  879.000000    0.792992
  884.000000    0.797653
  889.000000    0.793333
  894.000000    0.771276
  899.000000    0.765612
  904.000000    0.753845
  909.000000    0.715778
  914.000000    0.686182
  919.000000    0.682733
  924.000000    0.664313
  929.000000    0.705963
  934.000000    0.727424
  939.000000    0.735146
  944.000000    0.742189
  949.000000    0.729678
  954.000000    0.718573
  959.000000    0.690326
  964.000000    0.663820
  969.000000    0.629283
  974.000000    0.616269
  979.000000    0.652958
  984.000000    0.674472
  989.000000    0.719484
  994.000000    0.751329
  999.000000    0.765839
 1004.000000    0.803798
 1009.000000    0.813217
 1014.000000    0.812230
 1019.000000    0.794654
 1024.000000    0.756510
 1029.000000    0.741757
 1034.000000    0.729213
 1039.000000    0.695384
 1044.000000    0.699411
 1049.000000    0.708561
 1054.000000    0.710093
 1059.000000    0.707451
 1064.000000    0.728067
 1069.000000    0.737870
 1074.000000    0.737935
 1079.000000    0.709549
 1084.000000    0.670296
 1089.000000    0.665735
 1094.000000    0.663936
 1099.000000    0.654267
 1104.000000    0.629468
 1109.000000    0.617864
 1114.000000    0.634729
 1119.000000    0.674335
 1124.000000    0.712527
 1129.000000    0.732234
 1134.000000    0.701417
 1139.000000    0.679958
 1144.000000    0.670283
 1149.000000    0.669225
 1154.000000    0.674095
 1159.000000    0.676918
 1164.000000    0.674143
 1169.000000    0.690692
 1174.000000    0.665833
 1179.000000    0.658455
 1184.000000    0.672254
 1189.000000    0.667916
 1194.000000    0.640113
 1199.000000    0.642703
 1204.000000    0.661699
 1209.000000    0.668256
 1214.000000    0.682096
 1219.000000    0.714243
 1224.000000    0.771583
 1229.000000    0.780852
 1234.000000    0.778171
 1239.000000    0.764782
 1244.000000    0.756113
 1249.000000    0.736850
 1254.000000    0.714688
 1259.000000    0.707723
 1264.000000    0.698409
 1269.000000    0.675890
 1274.000000    0.668660
 1279.000000    0.676135
 1284.000000    0.715343
 1289.000000    0.718540
 1294.000000    0.714208
 1299.000000    0.717127
 1304.000000    0.715824
 1309.000000    0.718317
 1314.000000    0.712299
 1319.000000    0.707301
 1324.000000    0.725139
 1329.000000    0.788336
 1334.000000    0.815113
 1339.000000    0.827333
 1344.000000    0.820948
 1349.000000    0.817014
 1354.000000    0.815947
 1359.000000    0.815494
 1364.000000    0.821433
 1369.000000    0.810764
 1374.000000    0.816043
 1379.000000    0.757454
 1384.000000    0.739620
 1389.000000    0.753554
 1394.000000    0.765519
 1399.000000    0.726287
 1404.000000    0.713207
 1409.000000    0.718886
 1414.000000    0.721314
 1419.000000    0.724134
 1424.000000    0.746975
 1429.000000    0.742621
 1434.000000    0.751228
 1439.000000    0.752464
 1444.000000    0.728697
 1449.000000    0.723762
 1454.000000    0.704411
 1459.000000    0.693498
 1464.000000    0.704538
 1469.000000    0.725966
 1474.000000    0.721649
 1479.000000    0.695654
 1484.000000    0.641813
 1489.000000    0.626079
 1494.000000    0.624761
 1499.000000    0.606029
 1504.000000    0.609233
 1509.000000    0.594578
 1514.000000    0.597011
 1519.000000    0.609210
 1524.000000    0.603893
 1529.000000    0.611358
 1534.000000    0.590546
 1539.000000    0.574433
 1544.000000    0.577314
 1549.000000    0.569504
 1554.000000    0.559055
 1559.000000    0.588255
 1564.000000    0.608742
 1569.000000    0.633271
 1574.000000    0.672658
 1579.000000    0.689189
 1584.000000    0.697375
 1589.000000    0.683274
 1594.000000    0.680910
 1599.000000    0.692354
 1604.000000    0.673534
 1609.000000    0.700161
 1614.000000    0.697989
 1619.000000    0.684899
 1624.000000    0.672192
 1629.000000    0.685203
 1634.000000    0.681457
 1639.000000    0.690245
 1644.000000    0.717888
 1649.000000    0.704136
 1654.000000    0.722455
 1659.000000    0.725248
 1664.000000    0.735730
 1669.000000    0.742222
 1674.000000    0.749938
 1679.000000    0.783113
 1684.000000    0.798890
 1689.000000    0.794294
 1694.000000    0.803346
 1699.000000    0.796934
 1704.000000    0.823130
 1709.000000    0.810154
 1714.000000    0.765716
 1719.000000    0.756802
 1724.000000    0.754117
 1729.000000    0.756149
 1734.000000    0.753802
 1739.000000    0.755339
 1744.000000    0.738979
 1749.000000    0.717425
 1754.000000    0.718765
 1759.000000    0.747342
 1764.000000    0.736143
 1769.000000    0.718164
 1774.000000    0.703744
 1779.000000    0.688942
 1784.000000    0.655507
 1789.000000    0.639370
 1794.000000    0.608421
 1799.000000    0.610863
 1804.000000    0.635433
 1809.000000    0.685450
 1814.000000    0.698593
 1819.000000    0.699289
 1824.000000    0.727625
 1829.000000    0.750250
 1834.000000    0.744781
 1839.000000    0.732078
 1844.000000    0.748922
 1849.000000    0.793299
 1854.000000    0.774770
 1859.000000    0.755706
 1864.000000    0.750707
 1869.000000    0.763383
 1874.000000    0.771040
 1879.000000    0.751681
 1884.000000    0.730523
 1889.000000    0.696078
 1894.000000    0.668003
 1899.000000    0.657163
 1904.000000    0.655575
 1909.000000    0.679842
 1914.000000    0.712525
 1919.000000    0.734548
 1924.000000    0.739707
 1929.000000    0.780581
 1934.000000    0.815709
 1939.000000    0.831533
