#  pixel_depth  alphabetafraction   >  Analysis of alpha beta fraction
  129.000000    0.774679
  134.000000    0.742537
  139.000000    0.680347
  144.000000    0.673994
  149.000000    0.662674
  154.000000    0.703798
  159.000000    0.694664
  164.000000    0.666595
  169.000000    0.653942
  174.000000    0.652177
  179.000000    0.641411
  184.000000    0.636309
  189.000000    0.627994
  194.000000    0.578488
  199.000000    0.571365
  204.000000    0.577006
  209.000000    0.555095
  214.000000    0.581444
  219.000000    0.606851
  224.000000    0.659055
  229.000000    0.666564
  234.000000    0.661352
  239.000000    0.671475
  244.000000    0.696062
  249.000000    0.728496
  254.000000    0.717346
  259.000000    0.701730
  264.000000    0.684354
  269.000000    0.660501
  274.000000    0.637806
  279.000000    0.624957
  284.000000    0.643216
  289.000000    0.640961
  294.000000    0.655565
  299.000000    0.666298
  304.000000    0.690201
  309.000000    0.720886
  314.000000    0.739332
  319.000000    0.731718
  324.000000    0.725269
  329.000000    0.740595
  334.000000    0.743754
  339.000000    0.722875
  344.000000    0.702886
  349.000000    0.648740
  354.000000    0.638401
  359.000000    0.683503
  364.000000    0.685310
  369.000000    0.694849
  374.000000    0.686940
  379.000000    0.707323
  384.000000    0.729734
  389.000000    0.737473
  394.000000    0.767947
  399.000000    0.768428
  404.000000    0.774468
  409.000000    0.789397
  414.000000    0.799261
  419.000000    0.804363
  424.000000    0.768141
  429.000000    0.751921
  434.000000    0.762332
  439.000000    0.769377
  444.000000    0.726993
  449.000000    0.730385
  454.000000    0.724474
  459.000000    0.688171
  464.000000    0.659072
  469.000000    0.629713
  474.000000    0.601465
  479.000000    0.589585
  484.000000    0.598689
  489.000000    0.594131
  494.000000    0.591855
  499.000000    0.598668
  504.000000    0.590527
  509.000000    0.556949
  514.000000    0.596729
  519.000000    0.648249
  524.000000    0.735302
  529.000000    0.754482
  534.000000    0.746458
  539.000000    0.745790
  544.000000    0.725209
  549.000000    0.730922
  554.000000    0.718195
  559.000000    0.719669
  564.000000    0.720744
  569.000000    0.730818
  574.000000    0.746847
  579.000000    0.752447
  584.000000    0.764944
  589.000000    0.762601
  594.000000    0.765275
  599.000000    0.785157
  604.000000    0.797722
  609.000000    0.761164
  614.000000    0.738233
  619.000000    0.752022
  624.000000    0.728658
  629.000000    0.707082
  634.000000    0.693918
  639.000000    0.715296
  644.000000    0.709966
  649.000000    0.692062
  654.000000    0.686185
  659.000000    0.686393
  664.000000    0.674818
  669.000000    0.693231
  674.000000    0.694083
  679.000000    0.721407
  684.000000    0.761515
  689.000000    0.772957
  694.000000    0.774089
  699.000000    0.780146
  704.000000    0.787064
  709.000000    0.780087
  714.000000    0.789834
  719.000000    0.774093
  724.000000    0.740694
  729.000000    0.732084
  734.000000    0.737684
  739.000000    0.732615
  744.000000    0.745323
  749.000000    0.739424
  754.000000    0.736199
  759.000000    0.727748
  764.000000    0.708773
  769.000000    0.717769
  774.000000    0.725321
  779.000000    0.720872
  784.000000    0.739198
  789.000000    0.730690
  794.000000    0.694307
  799.000000    0.669582
  804.000000    0.647702
  809.000000    0.671388
  814.000000    0.680228
  819.000000    0.671707
  824.000000    0.691779
  829.000000    0.662314
  834.000000    0.630676
  839.000000    0.635081
  844.000000    0.659065
  849.000000    0.650320
  854.000000    0.668421
  859.000000    0.677516
  864.000000    0.675268
  869.000000    0.724129
  874.000000    0.745712
  879.000000    0.756526
  884.000000    0.766375
  889.000000    0.793206
  894.000000    0.825552
  899.000000    0.818911
  904.000000    0.811759
  909.000000    0.803092
  914.000000    0.777842
  919.000000    0.783325
  924.000000    0.758452
  929.000000    0.748268
  934.000000    0.722255
  939.000000    0.701354
  944.000000    0.711196
  949.000000    0.762659
  954.000000    0.781113
  959.000000    0.775990
  964.000000    0.777926
  969.000000    0.749783
  974.000000    0.746864
  979.000000    0.775414
  984.000000    0.783512
  989.000000    0.783708
  994.000000    0.787796
  999.000000    0.787006
 1004.000000    0.796744
 1009.000000    0.791985
 1014.000000    0.797485
 1019.000000    0.799670
 1024.000000    0.794988
 1029.000000    0.798216
 1034.000000    0.780103
 1039.000000    0.751777
 1044.000000    0.750092
 1049.000000    0.755799
 1054.000000    0.760606
 1059.000000    0.736610
 1064.000000    0.728459
 1069.000000    0.703912
 1074.000000    0.671720
 1079.000000    0.656842
 1084.000000    0.623594
 1089.000000    0.624207
 1094.000000    0.646925
 1099.000000    0.658890
 1104.000000    0.655515
 1109.000000    0.666354
 1114.000000    0.705977
 1119.000000    0.715287
 1124.000000    0.753863
 1129.000000    0.788178
 1134.000000    0.805212
 1139.000000    0.795579
 1144.000000    0.803885
 1149.000000    0.796652
 1154.000000    0.815786
 1159.000000    0.806718
 1164.000000    0.765900
 1169.000000    0.741863
 1174.000000    0.780368
 1179.000000    0.819541
 1184.000000    0.844919
 1189.000000    0.855159
 1194.000000    0.857061
 1199.000000    0.841047
 1204.000000    0.782625
 1209.000000    0.796324
 1214.000000    0.775172
 1219.000000    0.746168
 1224.000000    0.715670
 1229.000000    0.736877
 1234.000000    0.724026
 1239.000000    0.683695
 1244.000000    0.703577
 1249.000000    0.724906
 1254.000000    0.735946
 1259.000000    0.722556
 1264.000000    0.712867
 1269.000000    0.734709
 1274.000000    0.748303
 1279.000000    0.755666
 1284.000000    0.727692
 1289.000000    0.714221
 1294.000000    0.699419
 1299.000000    0.685145
 1304.000000    0.663843
 1309.000000    0.680377
 1314.000000    0.653485
 1319.000000    0.638567
 1324.000000    0.611459
 1329.000000    0.607202
 1334.000000    0.598319
 1339.000000    0.618587
 1344.000000    0.645888
 1349.000000    0.675220
 1354.000000    0.683968
 1359.000000    0.687492
 1364.000000    0.697761
 1369.000000    0.712828
 1374.000000    0.721631
 1379.000000    0.739200
 1384.000000    0.767221
 1389.000000    0.770892
 1394.000000    0.796408
 1399.000000    0.767751
 1404.000000    0.764316
 1409.000000    0.727845
 1414.000000    0.758703
 1419.000000    0.823994
 1424.000000    0.834833
 1429.000000    0.804458
 1434.000000    0.752038
 1439.000000    0.719636
 1444.000000    0.737449
 1449.000000    0.749830
 1454.000000    0.765477
 1459.000000    0.772380
 1464.000000    0.795702
 1469.000000    0.794435
 1474.000000    0.769880
 1479.000000    0.786661
 1484.000000    0.807166
 1489.000000    0.811578
 1494.000000    0.798769
 1499.000000    0.809975
 1504.000000    0.816000
 1509.000000    0.829809
 1514.000000    0.853772
 1519.000000    0.840990
 1524.000000    0.805250
 1529.000000    0.739537
 1534.000000    0.709376
 1539.000000    0.714373
 1544.000000    0.723894
 1549.000000    0.723866
 1554.000000    0.728197
 1559.000000    0.736523
 1564.000000    0.769291
 1569.000000    0.786023
 1574.000000    0.796533
 1579.000000    0.817447
 1584.000000    0.846372
 1589.000000    0.867842
 1594.000000    0.859147
 1599.000000    0.841198
 1604.000000    0.814202
 1609.000000    0.772590
 1614.000000    0.696841
 1619.000000    0.693049
 1624.000000    0.675284
 1629.000000    0.666409
 1634.000000    0.656409
 1639.000000    0.653065
 1644.000000    0.642990
 1649.000000    0.644195
 1654.000000    0.659424
 1659.000000    0.651936
 1664.000000    0.627467
 1669.000000    0.611434
 1674.000000    0.596320
 1679.000000    0.577109
 1684.000000    0.537458
 1689.000000    0.596887
 1694.000000    0.630177
 1699.000000    0.632749
 1704.000000    0.653431
 1709.000000    0.674485
 1714.000000    0.668728
 1719.000000    0.698696
 1724.000000    0.718927
 1729.000000    0.743644
 1734.000000    0.693648
 1739.000000    0.684351
 1744.000000    0.695222
 1749.000000    0.701944
 1754.000000    0.714736
 1759.000000    0.686456
 1764.000000    0.696782
 1769.000000    0.687620
 1774.000000    0.683849
 1779.000000    0.711182
 1784.000000    0.734618
 1789.000000    0.740536
 1794.000000    0.711658
 1799.000000    0.679325
 1804.000000    0.695724
 1809.000000    0.708744
 1814.000000    0.659081
 1819.000000    0.659698
 1824.000000    0.674557
 1829.000000    0.666260
 1834.000000    0.624430
 1839.000000    0.607726
 1844.000000    0.613701
 1849.000000    0.636949
 1854.000000    0.657120
 1859.000000    0.659622
 1864.000000    0.632055
 1869.000000    0.625511
 1874.000000    0.608354
 1879.000000    0.638258
 1884.000000    0.689250
 1889.000000    0.700045
 1894.000000    0.693453
 1899.000000    0.676662
 1904.000000    0.694067
 1909.000000    0.683484
