#  pixel_depth  alphabetafraction   >  Analysis of alpha beta fraction
  280.000000    0.771501
  285.000000    0.747994
  290.000000    0.730279
  295.000000    0.737745
  300.000000    0.739615
  305.000000    0.750085
  310.000000    0.725269
  315.000000    0.724317
  320.000000    0.722799
  325.000000    0.725861
  330.000000    0.694455
  335.000000    0.706882
  340.000000    0.747861
  345.000000    0.775679
  350.000000    0.790940
  355.000000    0.806177
  360.000000    0.794505
  365.000000    0.769003
  370.000000    0.763264
  375.000000    0.754101
  380.000000    0.747226
  385.000000    0.713257
  390.000000    0.702305
  395.000000    0.710129
  400.000000    0.736185
  405.000000    0.770082
  410.000000    0.762420
  415.000000    0.770235
  420.000000    0.783439
  425.000000    0.786384
  430.000000    0.780484
  435.000000    0.768095
  440.000000    0.782939
  445.000000    0.786480
  450.000000    0.772952
  455.000000    0.774759
  460.000000    0.764385
  465.000000    0.770111
  470.000000    0.759675
  475.000000    0.719147
  480.000000    0.690121
  485.000000    0.655812
  490.000000    0.624009
  495.000000    0.608555
  500.000000    0.614145
  505.000000    0.613175
  510.000000    0.604299
  515.000000    0.660987
  520.000000    0.682959
  525.000000    0.716749
  530.000000    0.742634
  535.000000    0.750493
  540.000000    0.730745
  545.000000    0.662145
  550.000000    0.654318
  555.000000    0.640316
  560.000000    0.661279
  565.000000    0.702667
  570.000000    0.714487
  575.000000    0.675051
  580.000000    0.670439
  585.000000    0.687556
  590.000000    0.708103
  595.000000    0.737664
  600.000000    0.761613
  605.000000    0.773015
  610.000000    0.775924
  615.000000    0.775776
  620.000000    0.789947
  625.000000    0.786718
  630.000000    0.755466
  635.000000    0.721023
  640.000000    0.706363
  645.000000    0.699043
  650.000000    0.680857
  655.000000    0.683934
  660.000000    0.689247
  665.000000    0.682616
  670.000000    0.693341
  675.000000    0.720480
  680.000000    0.762369
  685.000000    0.764984
  690.000000    0.759922
  695.000000    0.740966
  700.000000    0.721614
  705.000000    0.681212
  710.000000    0.667922
  715.000000    0.660404
  720.000000    0.669733
  725.000000    0.692027
  730.000000    0.699052
  735.000000    0.727302
  740.000000    0.768232
  745.000000    0.806867
  750.000000    0.834715
  755.000000    0.830493
  760.000000    0.817757
  765.000000    0.815391
  770.000000    0.826018
  775.000000    0.821475
  780.000000    0.792715
  785.000000    0.753600
  790.000000    0.707408
  795.000000    0.673943
  800.000000    0.669928
  805.000000    0.686219
  810.000000    0.679534
  815.000000    0.683289
  820.000000    0.694327
  825.000000    0.706040
  830.000000    0.700865
  835.000000    0.671582
  840.000000    0.670072
  845.000000    0.674472
  850.000000    0.692684
  855.000000    0.690628
  860.000000    0.696528
  865.000000    0.707530
  870.000000    0.732006
  875.000000    0.757231
  880.000000    0.756533
  885.000000    0.743145
  890.000000    0.726720
  895.000000    0.741075
  900.000000    0.748208
  905.000000    0.734140
  910.000000    0.712348
  915.000000    0.702910
  920.000000    0.709159
  925.000000    0.690801
  930.000000    0.702800
  935.000000    0.714057
  940.000000    0.738377
  945.000000    0.745103
  950.000000    0.757783
  955.000000    0.764363
  960.000000    0.749090
  965.000000    0.750775
  970.000000    0.735388
  975.000000    0.718952
  980.000000    0.707548
  985.000000    0.662952
  990.000000    0.657820
  995.000000    0.643790
 1000.000000    0.653729
 1005.000000    0.666298
 1010.000000    0.680164
 1015.000000    0.705026
 1020.000000    0.712865
 1025.000000    0.707433
 1030.000000    0.714157
 1035.000000    0.711097
 1040.000000    0.728670
 1045.000000    0.700049
 1050.000000    0.684761
 1055.000000    0.652145
 1060.000000    0.632924
 1065.000000    0.627456
 1070.000000    0.663535
 1075.000000    0.687880
 1080.000000    0.700654
 1085.000000    0.715643
 1090.000000    0.700725
 1095.000000    0.689127
 1100.000000    0.694868
 1105.000000    0.696581
 1110.000000    0.656051
 1115.000000    0.628695
 1120.000000    0.623648
 1125.000000    0.628036
 1130.000000    0.658231
 1135.000000    0.691669
 1140.000000    0.713383
 1145.000000    0.726143
 1150.000000    0.749734
 1155.000000    0.766628
 1160.000000    0.777214
 1165.000000    0.778735
 1170.000000    0.766677
 1175.000000    0.762015
 1180.000000    0.772305
 1185.000000    0.764871
 1190.000000    0.756070
 1195.000000    0.774630
 1200.000000    0.742353
 1205.000000    0.712038
 1210.000000    0.685966
 1215.000000    0.674572
 1220.000000    0.651774
 1225.000000    0.643971
 1230.000000    0.624310
 1235.000000    0.615305
 1240.000000    0.631198
 1245.000000    0.637478
 1250.000000    0.638512
 1255.000000    0.641275
 1260.000000    0.666751
 1265.000000    0.675429
 1270.000000    0.671681
 1275.000000    0.675347
 1280.000000    0.703140
 1285.000000    0.720280
 1290.000000    0.721620
 1295.000000    0.709563
 1300.000000    0.715511
 1305.000000    0.717875
 1310.000000    0.734602
 1315.000000    0.740735
 1320.000000    0.740597
 1325.000000    0.730967
 1330.000000    0.702359
 1335.000000    0.708810
 1340.000000    0.723974
 1345.000000    0.727092
 1350.000000    0.735203
 1355.000000    0.728538
 1360.000000    0.679398
 1365.000000    0.668579
 1370.000000    0.709886
 1375.000000    0.697337
 1380.000000    0.675163
 1385.000000    0.666791
 1390.000000    0.671170
 1395.000000    0.654251
 1400.000000    0.686599
 1405.000000    0.693013
 1410.000000    0.684586
 1415.000000    0.675909
 1420.000000    0.694011
 1425.000000    0.719797
 1430.000000    0.731980
 1435.000000    0.715059
 1440.000000    0.671253
 1445.000000    0.668932
 1450.000000    0.682356
 1455.000000    0.717731
 1460.000000    0.735374
 1465.000000    0.739623
 1470.000000    0.780203
 1475.000000    0.814061
 1480.000000    0.799721
 1485.000000    0.780457
 1490.000000    0.753164
 1495.000000    0.758129
 1500.000000    0.757637
 1505.000000    0.764718
 1510.000000    0.753779
 1515.000000    0.735188
 1520.000000    0.736367
 1525.000000    0.718215
 1530.000000    0.699373
 1535.000000    0.689334
 1540.000000    0.679602
 1545.000000    0.677514
 1550.000000    0.702901
 1555.000000    0.733433
 1560.000000    0.748760
 1565.000000    0.770596
 1570.000000    0.757992
 1575.000000    0.799278
 1580.000000    0.799024
 1585.000000    0.797723
 1590.000000    0.782807
 1595.000000    0.789539
 1600.000000    0.760263
 1605.000000    0.751384
 1610.000000    0.772297
 1615.000000    0.780733
 1620.000000    0.803568
 1625.000000    0.784858
 1630.000000    0.777117
 1635.000000    0.765370
 1640.000000    0.762613
 1645.000000    0.758972
 1650.000000    0.699974
 1655.000000    0.669691
 1660.000000    0.696560
 1665.000000    0.708374
 1670.000000    0.698759
 1675.000000    0.674438
 1680.000000    0.675901
 1685.000000    0.678738
 1690.000000    0.694319
 1695.000000    0.693702
 1700.000000    0.679146
 1705.000000    0.654087
 1710.000000    0.633640
 1715.000000    0.643882
 1720.000000    0.656048
 1725.000000    0.655147
 1730.000000    0.658577
 1735.000000    0.673984
 1740.000000    0.684647
 1745.000000    0.694566
 1750.000000    0.710351
 1755.000000    0.729961
 1760.000000    0.735446
 1765.000000    0.724120
 1770.000000    0.709055
 1775.000000    0.678552
 1780.000000    0.627073
 1785.000000    0.638663
 1790.000000    0.660910
 1795.000000    0.650826
 1800.000000    0.635101
 1805.000000    0.616117
 1810.000000    0.590488
 1815.000000    0.599050
 1820.000000    0.642396
 1825.000000    0.658761
 1830.000000    0.658275
 1835.000000    0.685981
 1840.000000    0.724699
 1845.000000    0.772386
 1850.000000    0.809611
 1855.000000    0.825435
 1860.000000    0.831135
 1865.000000    0.805572
 1870.000000    0.776597
 1875.000000    0.777755
 1880.000000    0.777693
 1885.000000    0.765856
 1890.000000    0.782799
 1895.000000    0.771656
 1900.000000    0.758960
 1905.000000    0.746324
 1910.000000    0.741343
 1915.000000    0.751867
 1920.000000    0.748678
 1925.000000    0.732131
 1930.000000    0.707391
 1935.000000    0.709030
 1940.000000    0.725446
