#  pixel_depth  alphabetafraction   >  Analysis of alpha beta fraction
   58.000000    0.663864
   63.000000    0.660546
   68.000000    0.647018
   73.000000    0.615624
   78.000000    0.606849
   83.000000    0.595161
   88.000000    0.569103
   93.000000    0.561411
   98.000000    0.609523
  103.000000    0.660226
  108.000000    0.701652
  113.000000    0.723083
  118.000000    0.754079
  123.000000    0.751562
  128.000000    0.750843
  133.000000    0.743826
  138.000000    0.754480
  143.000000    0.745000
  148.000000    0.754437
  153.000000    0.758131
  158.000000    0.750014
  163.000000    0.735768
  168.000000    0.702970
  173.000000    0.688728
  178.000000    0.709636
  183.000000    0.685418
  188.000000    0.665190
  193.000000    0.647144
  198.000000    0.633800
  203.000000    0.654109
  208.000000    0.663869
  213.000000    0.661604
  218.000000    0.682310
  223.000000    0.695724
  228.000000    0.689571
  233.000000    0.659270
  238.000000    0.636866
  243.000000    0.655420
  248.000000    0.650374
  253.000000    0.609137
  258.000000    0.581227
  263.000000    0.607667
  268.000000    0.625885
  273.000000    0.639007
  278.000000    0.674261
  283.000000    0.697516
  288.000000    0.683782
  293.000000    0.692591
  298.000000    0.724274
  303.000000    0.737253
  308.000000    0.715377
  313.000000    0.699733
  318.000000    0.686535
  323.000000    0.684178
  328.000000    0.680648
  333.000000    0.671124
  338.000000    0.681426
  343.000000    0.721716
  348.000000    0.708268
  353.000000    0.710988
  358.000000    0.694758
  363.000000    0.672048
  368.000000    0.719731
  373.000000    0.759255
  378.000000    0.756593
  383.000000    0.737149
  388.000000    0.731477
  393.000000    0.738968
  398.000000    0.715368
  403.000000    0.685347
  408.000000    0.701864
  413.000000    0.681020
  418.000000    0.676943
  423.000000    0.674083
  428.000000    0.688526
  433.000000    0.726496
  438.000000    0.720375
  443.000000    0.712394
  448.000000    0.691062
  453.000000    0.693799
  458.000000    0.680522
  463.000000    0.675949
  468.000000    0.684504
  473.000000    0.718968
  478.000000    0.723042
  483.000000    0.731346
  488.000000    0.752744
  493.000000    0.763299
  498.000000    0.764557
  503.000000    0.733694
  508.000000    0.702112
  513.000000    0.656845
  518.000000    0.638467
  523.000000    0.647524
  528.000000    0.654228
  533.000000    0.668545
  538.000000    0.682502
  543.000000    0.675798
  548.000000    0.665717
  553.000000    0.653901
  558.000000    0.684799
  563.000000    0.679254
  568.000000    0.683344
  573.000000    0.700400
  578.000000    0.671350
  583.000000    0.680231
  588.000000    0.720772
  593.000000    0.736286
  598.000000    0.730419
  603.000000    0.736374
  608.000000    0.739137
  613.000000    0.732881
  618.000000    0.711818
  623.000000    0.727915
  628.000000    0.707371
  633.000000    0.681965
  638.000000    0.674933
  643.000000    0.665364
  648.000000    0.635730
  653.000000    0.617893
  658.000000    0.638105
  663.000000    0.662327
  668.000000    0.655957
  673.000000    0.680231
  678.000000    0.718190
  683.000000    0.732170
  688.000000    0.741240
  693.000000    0.744796
  698.000000    0.753211
  703.000000    0.765907
  708.000000    0.758347
  713.000000    0.760554
  718.000000    0.779799
  723.000000    0.793540
  728.000000    0.783377
  733.000000    0.776810
  738.000000    0.794028
  743.000000    0.801269
  748.000000    0.793510
  753.000000    0.780454
  758.000000    0.746085
  763.000000    0.726888
  768.000000    0.732673
  773.000000    0.729836
  778.000000    0.711303
  783.000000    0.675787
  788.000000    0.665861
  793.000000    0.634572
  798.000000    0.648784
  803.000000    0.639659
  808.000000    0.648159
  813.000000    0.661054
  818.000000    0.709622
  823.000000    0.743893
  828.000000    0.723664
  833.000000    0.720878
  838.000000    0.725559
  843.000000    0.771429
  848.000000    0.783505
  853.000000    0.794430
  858.000000    0.817923
  863.000000    0.814455
  868.000000    0.815385
  873.000000    0.812965
  878.000000    0.806066
  883.000000    0.811244
  888.000000    0.804096
  893.000000    0.780553
  898.000000    0.767237
  903.000000    0.786206
  908.000000    0.757643
  913.000000    0.747920
  918.000000    0.718685
  923.000000    0.724478
  928.000000    0.710701
  933.000000    0.657278
  938.000000    0.639302
  943.000000    0.608003
  948.000000    0.611089
  953.000000    0.636577
  958.000000    0.695807
  963.000000    0.750907
  968.000000    0.776383
  973.000000    0.779275
  978.000000    0.801569
  983.000000    0.825044
  988.000000    0.841560
  993.000000    0.858894
  998.000000    0.861883
 1003.000000    0.845065
 1008.000000    0.817717
 1013.000000    0.809153
 1018.000000    0.827336
 1023.000000    0.840552
 1028.000000    0.817192
 1033.000000    0.807091
 1038.000000    0.786781
 1043.000000    0.772544
 1048.000000    0.771112
 1053.000000    0.772085
 1058.000000    0.748317
 1063.000000    0.736544
 1068.000000    0.720076
 1073.000000    0.696428
 1078.000000    0.686658
 1083.000000    0.705507
 1088.000000    0.680445
 1093.000000    0.672207
 1098.000000    0.627334
 1103.000000    0.617477
 1108.000000    0.613656
 1113.000000    0.641096
 1118.000000    0.647262
 1123.000000    0.677147
 1128.000000    0.707796
 1133.000000    0.761514
 1138.000000    0.782622
 1143.000000    0.796960
 1148.000000    0.817949
 1153.000000    0.807477
 1158.000000    0.785195
 1163.000000    0.773938
 1168.000000    0.767578
 1173.000000    0.756857
 1178.000000    0.742615
 1183.000000    0.744330
 1188.000000    0.746232
 1193.000000    0.768535
 1198.000000    0.776317
 1203.000000    0.782675
 1208.000000    0.754261
 1213.000000    0.738142
 1218.000000    0.723649
 1223.000000    0.733982
 1228.000000    0.757684
 1233.000000    0.755380
 1238.000000    0.767435
 1243.000000    0.797817
 1248.000000    0.814384
 1253.000000    0.822705
 1258.000000    0.814067
 1263.000000    0.792575
 1268.000000    0.789492
 1273.000000    0.798305
 1278.000000    0.809255
 1283.000000    0.807313
 1288.000000    0.777236
 1293.000000    0.744563
 1298.000000    0.716020
 1303.000000    0.671264
 1308.000000    0.679218
 1313.000000    0.706183
 1318.000000    0.731386
 1323.000000    0.733173
 1328.000000    0.714111
 1333.000000    0.720519
 1338.000000    0.689704
 1343.000000    0.677588
 1348.000000    0.684623
 1353.000000    0.702281
 1358.000000    0.728048
 1363.000000    0.733021
 1368.000000    0.741414
 1373.000000    0.751028
 1378.000000    0.735223
 1383.000000    0.724754
 1388.000000    0.748971
 1393.000000    0.766457
 1398.000000    0.768217
 1403.000000    0.751057
 1408.000000    0.789595
 1413.000000    0.782085
 1418.000000    0.774819
 1423.000000    0.791576
 1428.000000    0.785294
 1433.000000    0.773497
 1438.000000    0.763707
 1443.000000    0.737869
 1448.000000    0.736325
 1453.000000    0.733863
 1458.000000    0.739763
 1463.000000    0.748259
 1468.000000    0.750896
 1473.000000    0.755618
 1478.000000    0.736681
 1483.000000    0.689948
 1488.000000    0.697979
 1493.000000    0.687287
 1498.000000    0.696704
 1503.000000    0.737913
 1508.000000    0.807032
 1513.000000    0.814677
 1518.000000    0.781244
 1523.000000    0.787439
 1528.000000    0.792456
 1533.000000    0.789097
 1538.000000    0.768219
 1543.000000    0.759369
 1548.000000    0.762519
 1553.000000    0.755587
 1558.000000    0.760315
 1563.000000    0.730627
 1568.000000    0.704534
 1573.000000    0.652926
 1578.000000    0.644803
 1583.000000    0.639942
 1588.000000    0.665821
 1593.000000    0.690767
 1598.000000    0.692464
 1603.000000    0.698768
 1608.000000    0.727323
 1613.000000    0.715754
 1618.000000    0.693048
 1623.000000    0.698704
 1628.000000    0.688957
 1633.000000    0.704745
 1638.000000    0.711430
 1643.000000    0.728176
 1648.000000    0.749650
 1653.000000    0.762086
 1658.000000    0.772886
 1663.000000    0.790073
 1668.000000    0.775748
 1673.000000    0.770041
 1678.000000    0.782552
 1683.000000    0.801826
 1688.000000    0.804474
 1693.000000    0.813754
 1698.000000    0.825491
 1703.000000    0.833430
 1708.000000    0.814762
 1713.000000    0.747756
 1718.000000    0.710672
 1723.000000    0.705558
 1728.000000    0.717851
 1733.000000    0.723903
 1738.000000    0.759622
