#  pixel_depth  alphabetafraction   >  Analysis of alpha beta fraction
   41.000000    0.919149
   46.000000    0.921993
   51.000000    0.916423
   56.000000    0.910420
   61.000000    0.888649
   66.000000    0.873996
   71.000000    0.833671
   76.000000    0.814734
   81.000000    0.824586
   86.000000    0.823168
   91.000000    0.828948
   96.000000    0.826318
  101.000000    0.791407
  106.000000    0.739910
  111.000000    0.711529
  116.000000    0.701676
  121.000000    0.700470
  126.000000    0.681373
  131.000000    0.662361
  136.000000    0.669346
  141.000000    0.693704
  146.000000    0.722894
  151.000000    0.714001
  156.000000    0.749258
  161.000000    0.762625
  166.000000    0.736576
  171.000000    0.747853
  176.000000    0.750966
  181.000000    0.775068
  186.000000    0.819884
  191.000000    0.851117
  196.000000    0.842751
  201.000000    0.812940
  206.000000    0.800732
  211.000000    0.825042
  216.000000    0.829090
  221.000000    0.798885
  226.000000    0.755947
  231.000000    0.754603
  236.000000    0.770560
  241.000000    0.804184
  246.000000    0.789965
  251.000000    0.768426
  256.000000    0.756835
  261.000000    0.753847
  266.000000    0.753361
  271.000000    0.723090
  276.000000    0.730036
  281.000000    0.725374
  286.000000    0.738886
  291.000000    0.737130
  296.000000    0.729369
  301.000000    0.706480
  306.000000    0.686166
  311.000000    0.695402
  316.000000    0.724367
  321.000000    0.771252
  326.000000    0.789767
  331.000000    0.769664
  336.000000    0.755763
  341.000000    0.732950
  346.000000    0.740021
  351.000000    0.746328
  356.000000    0.740062
  361.000000    0.735739
  366.000000    0.734428
  371.000000    0.754714
  376.000000    0.770134
  381.000000    0.764685
  386.000000    0.728515
  391.000000    0.677535
  396.000000    0.685039
  401.000000    0.716608
  406.000000    0.748042
  411.000000    0.781148
  416.000000    0.773367
  421.000000    0.797136
  426.000000    0.808687
  431.000000    0.809111
  436.000000    0.805376
  441.000000    0.790611
  446.000000    0.791498
  451.000000    0.786847
  456.000000    0.789371
  461.000000    0.806385
  466.000000    0.751801
  471.000000    0.715595
  476.000000    0.739611
  481.000000    0.743231
  486.000000    0.751569
  491.000000    0.756242
  496.000000    0.784295
  501.000000    0.823986
  506.000000    0.830364
  511.000000    0.827528
  516.000000    0.802347
  521.000000    0.766985
  526.000000    0.765595
  531.000000    0.772886
  536.000000    0.764414
  541.000000    0.764153
  546.000000    0.752636
  551.000000    0.706053
  556.000000    0.683917
  561.000000    0.717029
  566.000000    0.721092
  571.000000    0.743380
  576.000000    0.761659
  581.000000    0.799176
  586.000000    0.808671
  591.000000    0.819959
  596.000000    0.819335
  601.000000    0.822481
  606.000000    0.825638
  611.000000    0.837902
  616.000000    0.819450
  621.000000    0.785642
  626.000000    0.733008
  631.000000    0.680248
  636.000000    0.704883
  641.000000    0.713180
  646.000000    0.740880
  651.000000    0.776656
  656.000000    0.815336
  661.000000    0.836624
  666.000000    0.824418
  671.000000    0.819139
  676.000000    0.832805
  681.000000    0.829702
  686.000000    0.804917
  691.000000    0.832478
  696.000000    0.809489
  701.000000    0.809325
  706.000000    0.789647
  711.000000    0.791998
  716.000000    0.797970
  721.000000    0.753446
  726.000000    0.735514
  731.000000    0.733691
  736.000000    0.698620
  741.000000    0.693338
  746.000000    0.729881
  751.000000    0.739079
  756.000000    0.734796
  761.000000    0.744532
  766.000000    0.736100
  771.000000    0.743276
  776.000000    0.733222
  781.000000    0.728620
  786.000000    0.730113
  791.000000    0.733160
  796.000000    0.723161
  801.000000    0.735787
  806.000000    0.769438
  811.000000    0.804759
  816.000000    0.811147
  821.000000    0.799843
  826.000000    0.800581
  831.000000    0.811884
  836.000000    0.794508
  841.000000    0.818301
  846.000000    0.830040
  851.000000    0.830203
  856.000000    0.828691
  861.000000    0.822648
  866.000000    0.811845
  871.000000    0.771593
  876.000000    0.729453
  881.000000    0.721708
  886.000000    0.723545
  891.000000    0.726693
  896.000000    0.731835
  901.000000    0.732591
  906.000000    0.760285
  911.000000    0.735573
  916.000000    0.714612
  921.000000    0.714699
  926.000000    0.761280
  931.000000    0.767966
  936.000000    0.778472
  941.000000    0.760213
  946.000000    0.739373
  951.000000    0.737621
  956.000000    0.755410
  961.000000    0.770581
  966.000000    0.788071
  971.000000    0.789508
  976.000000    0.809742
  981.000000    0.806126
  986.000000    0.828167
  991.000000    0.841377
  996.000000    0.839791
 1001.000000    0.824327
 1006.000000    0.814097
 1011.000000    0.814008
 1016.000000    0.810972
 1021.000000    0.784313
 1026.000000    0.783755
 1031.000000    0.786247
 1036.000000    0.783255
 1041.000000    0.771529
 1046.000000    0.782389
 1051.000000    0.796399
 1056.000000    0.798121
 1061.000000    0.795811
 1066.000000    0.763582
 1071.000000    0.770329
 1076.000000    0.775157
 1081.000000    0.792908
 1086.000000    0.782162
 1091.000000    0.783785
 1096.000000    0.817256
 1101.000000    0.806124
 1106.000000    0.773548
 1111.000000    0.736263
 1116.000000    0.724017
 1121.000000    0.734944
 1126.000000    0.749020
 1131.000000    0.717358
 1136.000000    0.742429
 1141.000000    0.751348
 1146.000000    0.764315
 1151.000000    0.767872
 1156.000000    0.763333
 1161.000000    0.747821
 1166.000000    0.741186
 1171.000000    0.750669
 1176.000000    0.762279
 1181.000000    0.777274
 1186.000000    0.800628
 1191.000000    0.782050
 1196.000000    0.745300
 1201.000000    0.718273
 1206.000000    0.721306
 1211.000000    0.723874
 1216.000000    0.709194
 1221.000000    0.704331
 1226.000000    0.705451
 1231.000000    0.694978
 1236.000000    0.689227
 1241.000000    0.683442
 1246.000000    0.712059
 1251.000000    0.719672
 1256.000000    0.697635
 1261.000000    0.697486
 1266.000000    0.707981
 1271.000000    0.737599
 1276.000000    0.781483
 1281.000000    0.796402
 1286.000000    0.829879
 1291.000000    0.791781
 1296.000000    0.773922
 1301.000000    0.791204
 1306.000000    0.792263
 1311.000000    0.810583
 1316.000000    0.814485
 1321.000000    0.780441
 1326.000000    0.760896
 1331.000000    0.731191
 1336.000000    0.691039
 1341.000000    0.639627
 1346.000000    0.680017
 1351.000000    0.695250
 1356.000000    0.706229
 1361.000000    0.732408
 1366.000000    0.756622
 1371.000000    0.773826
 1376.000000    0.780290
 1381.000000    0.788177
 1386.000000    0.829654
 1391.000000    0.835968
 1396.000000    0.807947
 1401.000000    0.800035
 1406.000000    0.781724
 1411.000000    0.788367
 1416.000000    0.774459
 1421.000000    0.768458
 1426.000000    0.763279
 1431.000000    0.759722
 1436.000000    0.769288
 1441.000000    0.735080
 1446.000000    0.769555
 1451.000000    0.788577
 1456.000000    0.768243
 1461.000000    0.791749
 1466.000000    0.751505
 1471.000000    0.763401
 1476.000000    0.762498
 1481.000000    0.749888
 1486.000000    0.727715
 1491.000000    0.748375
 1496.000000    0.737640
 1501.000000    0.721315
 1506.000000    0.719215
 1511.000000    0.695307
 1516.000000    0.713730
 1521.000000    0.697127
 1526.000000    0.673440
 1531.000000    0.693313
 1536.000000    0.711909
 1541.000000    0.720426
 1546.000000    0.737458
 1551.000000    0.731278
 1556.000000    0.743318
 1561.000000    0.736605
 1566.000000    0.735437
 1571.000000    0.736318
 1576.000000    0.722844
 1581.000000    0.714821
 1586.000000    0.721276
 1591.000000    0.732160
 1596.000000    0.744976
 1601.000000    0.775614
 1606.000000    0.787927
 1611.000000    0.790841
 1616.000000    0.818426
 1621.000000    0.833264
 1626.000000    0.800757
 1631.000000    0.774864
 1636.000000    0.774592
 1641.000000    0.785206
 1646.000000    0.792602
 1651.000000    0.753286
 1656.000000    0.755862
 1661.000000    0.754378
 1666.000000    0.741403
 1671.000000    0.746889
 1676.000000    0.730117
 1681.000000    0.687282
 1686.000000    0.645924
 1691.000000    0.668350
 1696.000000    0.701081
 1701.000000    0.683035
 1706.000000    0.670179
 1711.000000    0.670201
 1716.000000    0.663678
 1721.000000    0.674733
 1726.000000    0.705003
 1731.000000    0.697850
 1736.000000    0.715551
 1741.000000    0.711523
 1746.000000    0.738006
 1751.000000    0.731597
 1756.000000    0.699196
 1761.000000    0.681588
 1766.000000    0.660937
 1771.000000    0.655480
 1776.000000    0.705030
 1781.000000    0.732825
 1786.000000    0.728101
 1791.000000    0.700002
 1796.000000    0.713688
 1801.000000    0.758521
 1806.000000    0.749619
 1811.000000    0.732511
 1816.000000    0.756466
 1821.000000    0.783845
 1826.000000    0.768382
 1831.000000    0.758333
 1836.000000    0.723342
 1841.000000    0.739046
 1846.000000    0.742128
 1851.000000    0.736058
 1856.000000    0.702981
 1861.000000    0.727142
 1866.000000    0.733590
 1871.000000    0.729265
 1876.000000    0.722822
 1881.000000    0.729065
