#  pixel_depth  alphabetafraction   >  Analysis of alpha beta fraction
    5.000000    0.783049
   10.000000    0.782049
   15.000000    0.780974
   20.000000    0.738085
   25.000000    0.741366
   30.000000    0.743689
   35.000000    0.815908
   40.000000    0.862522
   45.000000    0.875149
   50.000000    0.894234
   55.000000    0.899979
   60.000000    0.894032
   65.000000    0.887788
   70.000000    0.884267
   75.000000    0.873088
   80.000000    0.861286
   85.000000    0.881595
   90.000000    0.874633
   95.000000    0.867745
  100.000000    0.841346
  105.000000    0.820145
  110.000000    0.816847
  115.000000    0.851487
  120.000000    0.844397
  125.000000    0.838915
  130.000000    0.800758
  135.000000    0.802092
  140.000000    0.793879
  145.000000    0.763462
  150.000000    0.712003
  155.000000    0.705857
  160.000000    0.728248
  165.000000    0.766719
  170.000000    0.795302
  175.000000    0.820310
  180.000000    0.813756
  185.000000    0.810086
  190.000000    0.809159
  195.000000    0.837290
  200.000000    0.815408
  205.000000    0.787208
  210.000000    0.785603
  215.000000    0.772597
  220.000000    0.786772
  225.000000    0.751170
  230.000000    0.733738
  235.000000    0.736049
  240.000000    0.724736
  245.000000    0.716277
  250.000000    0.722498
  255.000000    0.736633
  260.000000    0.744560
  265.000000    0.728928
  270.000000    0.736200
  275.000000    0.762345
  280.000000    0.794464
  285.000000    0.805238
  290.000000    0.820467
  295.000000    0.838266
  300.000000    0.838329
  305.000000    0.848730
  310.000000    0.860299
  315.000000    0.856946
  320.000000    0.855455
  325.000000    0.849180
  330.000000    0.816139
  335.000000    0.786892
  340.000000    0.771690
  345.000000    0.766110
  350.000000    0.762855
  355.000000    0.786845
  360.000000    0.800399
  365.000000    0.788583
  370.000000    0.781021
  375.000000    0.780282
  380.000000    0.773727
  385.000000    0.779843
  390.000000    0.802576
  395.000000    0.812019
  400.000000    0.832428
  405.000000    0.815782
  410.000000    0.808299
  415.000000    0.791233
  420.000000    0.778862
  425.000000    0.776694
  430.000000    0.748118
  435.000000    0.713370
  440.000000    0.737375
  445.000000    0.732205
  450.000000    0.723933
  455.000000    0.774813
  460.000000    0.819815
  465.000000    0.845440
  470.000000    0.851942
  475.000000    0.852970
  480.000000    0.843007
  485.000000    0.826531
  490.000000    0.809583
  495.000000    0.802879
  500.000000    0.787867
  505.000000    0.762011
  510.000000    0.762380
  515.000000    0.757935
  520.000000    0.757932
  525.000000    0.733005
  530.000000    0.709642
  535.000000    0.719721
  540.000000    0.789397
  545.000000    0.806597
  550.000000    0.849611
  555.000000    0.846242
  560.000000    0.824754
  565.000000    0.824581
  570.000000    0.813174
  575.000000    0.787862
  580.000000    0.789259
  585.000000    0.769206
  590.000000    0.727737
  595.000000    0.718091
  600.000000    0.713714
  605.000000    0.717344
  610.000000    0.738371
  615.000000    0.752683
  620.000000    0.757513
  625.000000    0.795692
  630.000000    0.803437
  635.000000    0.786213
  640.000000    0.776081
  645.000000    0.767509
  650.000000    0.775037
  655.000000    0.757636
  660.000000    0.769193
  665.000000    0.788683
  670.000000    0.791803
  675.000000    0.788537
  680.000000    0.777202
  685.000000    0.763555
  690.000000    0.747840
  695.000000    0.757663
  700.000000    0.736158
  705.000000    0.753393
  710.000000    0.783062
  715.000000    0.758637
  720.000000    0.775421
  725.000000    0.774273
  730.000000    0.816279
  735.000000    0.826365
  740.000000    0.827263
  745.000000    0.815578
  750.000000    0.808330
  755.000000    0.785662
  760.000000    0.754914
  765.000000    0.742172
  770.000000    0.792902
  775.000000    0.815591
  780.000000    0.836772
  785.000000    0.850556
  790.000000    0.839742
  795.000000    0.810671
  800.000000    0.803687
  805.000000    0.778386
  810.000000    0.769473
  815.000000    0.761058
  820.000000    0.739722
  825.000000    0.718799
  830.000000    0.720436
  835.000000    0.753998
  840.000000    0.781872
  845.000000    0.785777
  850.000000    0.759425
  855.000000    0.749393
  860.000000    0.754057
  865.000000    0.757714
  870.000000    0.754057
  875.000000    0.759838
  880.000000    0.785605
  885.000000    0.792434
  890.000000    0.813048
  895.000000    0.833834
  900.000000    0.836178
  905.000000    0.840087
  910.000000    0.853034
  915.000000    0.868098
  920.000000    0.867471
  925.000000    0.855041
  930.000000    0.819102
  935.000000    0.809799
  940.000000    0.778618
  945.000000    0.784002
  950.000000    0.774982
  955.000000    0.747278
  960.000000    0.748916
  965.000000    0.757390
  970.000000    0.778355
  975.000000    0.776422
  980.000000    0.785217
  985.000000    0.789884
  990.000000    0.788505
  995.000000    0.777090
 1000.000000    0.775463
 1005.000000    0.766583
 1010.000000    0.775140
 1015.000000    0.774276
 1020.000000    0.786470
 1025.000000    0.811514
 1030.000000    0.817611
 1035.000000    0.816220
 1040.000000    0.803487
 1045.000000    0.812520
 1050.000000    0.831506
 1055.000000    0.818784
 1060.000000    0.819674
 1065.000000    0.841554
 1070.000000    0.847787
 1075.000000    0.832432
 1080.000000    0.817693
 1085.000000    0.827763
 1090.000000    0.812163
 1095.000000    0.786167
 1100.000000    0.778032
 1105.000000    0.757458
 1110.000000    0.745906
 1115.000000    0.726277
 1120.000000    0.742681
 1125.000000    0.771738
 1130.000000    0.796969
 1135.000000    0.842207
 1140.000000    0.868212
 1145.000000    0.859853
 1150.000000    0.853043
 1155.000000    0.851195
 1160.000000    0.821773
 1165.000000    0.800773
 1170.000000    0.799741
 1175.000000    0.800023
 1180.000000    0.785123
 1185.000000    0.745937
 1190.000000    0.766061
 1195.000000    0.799313
 1200.000000    0.807642
 1205.000000    0.802618
 1210.000000    0.781701
 1215.000000    0.780587
 1220.000000    0.789005
 1225.000000    0.775331
 1230.000000    0.768124
 1235.000000    0.756660
 1240.000000    0.756602
 1245.000000    0.754786
 1250.000000    0.765052
 1255.000000    0.775597
 1260.000000    0.761102
 1265.000000    0.735566
 1270.000000    0.722756
 1275.000000    0.708484
 1280.000000    0.725513
 1285.000000    0.757124
 1290.000000    0.793548
