#  pixel_depth  alphabetafraction   >  Analysis of alpha beta fraction
   36.000000    0.754774
   41.000000    0.746849
   46.000000    0.736496
   51.000000    0.735873
   56.000000    0.729414
   61.000000    0.729606
   66.000000    0.766139
   71.000000    0.769863
   76.000000    0.781782
   81.000000    0.799228
   86.000000    0.789844
   91.000000    0.796481
   96.000000    0.801809
  101.000000    0.832362
  106.000000    0.828308
  111.000000    0.809077
  116.000000    0.810387
  121.000000    0.813241
  126.000000    0.823448
  131.000000    0.824115
  136.000000    0.799555
  141.000000    0.784566
  146.000000    0.771155
  151.000000    0.760956
  156.000000    0.746361
  161.000000    0.736954
  166.000000    0.735002
  171.000000    0.751639
  176.000000    0.769514
  181.000000    0.778214
  186.000000    0.778883
  191.000000    0.792791
  196.000000    0.813841
  201.000000    0.835355
  206.000000    0.830427
  211.000000    0.842592
  216.000000    0.860044
  221.000000    0.840255
  226.000000    0.815138
  231.000000    0.781167
  236.000000    0.788011
  241.000000    0.804473
  246.000000    0.777788
  251.000000    0.755087
  256.000000    0.731484
  261.000000    0.751219
  266.000000    0.760822
  271.000000    0.779349
  276.000000    0.787676
  281.000000    0.777674
  286.000000    0.820399
  291.000000    0.859164
  296.000000    0.873734
  301.000000    0.857179
  306.000000    0.838317
  311.000000    0.818298
  316.000000    0.795950
  321.000000    0.775690
  326.000000    0.753513
  331.000000    0.790380
  336.000000    0.807312
  341.000000    0.816848
  346.000000    0.816090
  351.000000    0.821489
  356.000000    0.797740
  361.000000    0.806729
  366.000000    0.813048
  371.000000    0.812270
  376.000000    0.811450
  381.000000    0.811801
  386.000000    0.805738
  391.000000    0.811383
  396.000000    0.803103
  401.000000    0.788338
  406.000000    0.782540
  411.000000    0.766512
  416.000000    0.747201
  421.000000    0.729479
  426.000000    0.718866
  431.000000    0.720779
  436.000000    0.730577
  441.000000    0.740498
  446.000000    0.740529
  451.000000    0.767967
  456.000000    0.779159
  461.000000    0.779479
  466.000000    0.780317
  471.000000    0.770209
  476.000000    0.749006
  481.000000    0.755783
  486.000000    0.759993
  491.000000    0.773839
  496.000000    0.771985
  501.000000    0.791992
  506.000000    0.812577
  511.000000    0.815007
  516.000000    0.795042
  521.000000    0.779919
  526.000000    0.807692
  531.000000    0.814778
  536.000000    0.780027
  541.000000    0.798599
  546.000000    0.793529
  551.000000    0.797999
  556.000000    0.796427
  561.000000    0.788860
  566.000000    0.799142
  571.000000    0.811615
  576.000000    0.813766
  581.000000    0.820392
  586.000000    0.770404
  591.000000    0.745220
  596.000000    0.747388
  601.000000    0.734383
  606.000000    0.744438
  611.000000    0.771468
  616.000000    0.786149
  621.000000    0.761368
  626.000000    0.764208
  631.000000    0.787354
  636.000000    0.792884
  641.000000    0.793306
  646.000000    0.790427
  651.000000    0.787293
  656.000000    0.794391
  661.000000    0.795291
  666.000000    0.796181
  671.000000    0.778405
  676.000000    0.769115
  681.000000    0.761270
  686.000000    0.751670
  691.000000    0.763263
  696.000000    0.756944
  701.000000    0.753999
  706.000000    0.756080
  711.000000    0.731811
  716.000000    0.703362
  721.000000    0.720397
  726.000000    0.759319
  731.000000    0.778190
  736.000000    0.790310
  741.000000    0.802367
  746.000000    0.802632
  751.000000    0.795729
  756.000000    0.783381
  761.000000    0.765692
  766.000000    0.774554
  771.000000    0.815074
  776.000000    0.837426
  781.000000    0.843510
  786.000000    0.845107
  791.000000    0.829357
  796.000000    0.820555
  801.000000    0.778567
  806.000000    0.750991
  811.000000    0.778890
  816.000000    0.801349
  821.000000    0.809351
  826.000000    0.797246
  831.000000    0.814216
  836.000000    0.802481
  841.000000    0.781841
  846.000000    0.784744
  851.000000    0.745581
  856.000000    0.758916
  861.000000    0.768572
  866.000000    0.759427
  871.000000    0.755087
  876.000000    0.759809
  881.000000    0.756165
  886.000000    0.740957
  891.000000    0.701269
  896.000000    0.711407
  901.000000    0.759302
  906.000000    0.773089
  911.000000    0.791645
  916.000000    0.817872
  921.000000    0.824758
  926.000000    0.847897
  931.000000    0.828263
  936.000000    0.824342
  941.000000    0.838114
  946.000000    0.839036
  951.000000    0.832733
  956.000000    0.825248
  961.000000    0.827168
  966.000000    0.827947
  971.000000    0.839327
  976.000000    0.814161
  981.000000    0.796990
  986.000000    0.780455
  991.000000    0.808695
  996.000000    0.863090
 1001.000000    0.857456
 1006.000000    0.839483
 1011.000000    0.835285
 1016.000000    0.835439
 1021.000000    0.834121
 1026.000000    0.835937
 1031.000000    0.835706
 1036.000000    0.828084
 1041.000000    0.841696
 1046.000000    0.843497
 1051.000000    0.824316
 1056.000000    0.815716
 1061.000000    0.841485
 1066.000000    0.822621
 1071.000000    0.842126
 1076.000000    0.835079
 1081.000000    0.825509
 1086.000000    0.807488
 1091.000000    0.784963
 1096.000000    0.793860
 1101.000000    0.784386
 1106.000000    0.755150
 1111.000000    0.763419
 1116.000000    0.785154
 1121.000000    0.811143
 1126.000000    0.838011
 1131.000000    0.847276
 1136.000000    0.843420
 1141.000000    0.845174
 1146.000000    0.786562
 1151.000000    0.782615
 1156.000000    0.786527
 1161.000000    0.774451
 1166.000000    0.760741
 1171.000000    0.775510
 1176.000000    0.773972
 1181.000000    0.754323
 1186.000000    0.748646
 1191.000000    0.762709
 1196.000000    0.768824
 1201.000000    0.793585
 1206.000000    0.806893
 1211.000000    0.831819
 1216.000000    0.861080
 1221.000000    0.869782
 1226.000000    0.851835
 1231.000000    0.859889
 1236.000000    0.878894
 1241.000000    0.886588
 1246.000000    0.886116
 1251.000000    0.885558
 1256.000000    0.852614
 1261.000000    0.839353
 1266.000000    0.806499
 1271.000000    0.781358
 1276.000000    0.768116
 1281.000000    0.772902
 1286.000000    0.757870
 1291.000000    0.759012
 1296.000000    0.752567
 1301.000000    0.758484
 1306.000000    0.756567
 1311.000000    0.757921
 1316.000000    0.773633
 1321.000000    0.795249
 1326.000000    0.821487
 1331.000000    0.818554
 1336.000000    0.831856
 1341.000000    0.858136
 1346.000000    0.860076
 1351.000000    0.847969
 1356.000000    0.826116
 1361.000000    0.818095
 1366.000000    0.812626
 1371.000000    0.833051
 1376.000000    0.844161
 1381.000000    0.850213
 1386.000000    0.846880
 1391.000000    0.854866
 1396.000000    0.814740
 1401.000000    0.799562
 1406.000000    0.778164
 1411.000000    0.772843
 1416.000000    0.738022
 1421.000000    0.691328
 1426.000000    0.677623
 1431.000000    0.692077
 1436.000000    0.730249
 1441.000000    0.748699
 1446.000000    0.772397
 1451.000000    0.808827
 1456.000000    0.832856
 1461.000000    0.841177
 1466.000000    0.841962
 1471.000000    0.852958
 1476.000000    0.853046
 1481.000000    0.848347
 1486.000000    0.827638
 1491.000000    0.812004
 1496.000000    0.806946
 1501.000000    0.824218
 1506.000000    0.839937
 1511.000000    0.839165
 1516.000000    0.849202
 1521.000000    0.835090
 1526.000000    0.811910
 1531.000000    0.821062
 1536.000000    0.827000
 1541.000000    0.821418
 1546.000000    0.812705
 1551.000000    0.790311
 1556.000000    0.770519
 1561.000000    0.753055
 1566.000000    0.735505
 1571.000000    0.723326
 1576.000000    0.732889
 1581.000000    0.711652
 1586.000000    0.718553
 1591.000000    0.736455
 1596.000000    0.768478
 1601.000000    0.797932
 1606.000000    0.830663
 1611.000000    0.814348
 1616.000000    0.818928
 1621.000000    0.833158
 1626.000000    0.830039
 1631.000000    0.818558
 1636.000000    0.808518
 1641.000000    0.791618
 1646.000000    0.774115
 1651.000000    0.797462
 1656.000000    0.799288
 1661.000000    0.793011
 1666.000000    0.790568
 1671.000000    0.799951
 1676.000000    0.806805
 1681.000000    0.829795
 1686.000000    0.836252
 1691.000000    0.826007
 1696.000000    0.802215
 1701.000000    0.795712
 1706.000000    0.785337
 1711.000000    0.770808
 1716.000000    0.768127
 1721.000000    0.759959
 1726.000000    0.749457
 1731.000000    0.737049
 1736.000000    0.745630
 1741.000000    0.756306
 1746.000000    0.786382
 1751.000000    0.805649
 1756.000000    0.825879
 1761.000000    0.848165
 1766.000000    0.852921
 1771.000000    0.866962
 1776.000000    0.859410
 1781.000000    0.874975
 1786.000000    0.872131
 1791.000000    0.856425
 1796.000000    0.826522
 1801.000000    0.801191
 1806.000000    0.777457
 1811.000000    0.765567
 1816.000000    0.747127
 1821.000000    0.752719
 1826.000000    0.791106
 1831.000000    0.809205
 1836.000000    0.800663
 1841.000000    0.788898
 1846.000000    0.796461
 1851.000000    0.789897
 1856.000000    0.777566
 1861.000000    0.773475
 1866.000000    0.789940
 1871.000000    0.812975
 1876.000000    0.803018
