#  pixel_depth  alphabetafraction   >  Analysis of alpha beta fraction
   77.000000    0.589078
   82.000000    0.605417
   87.000000    0.619430
   92.000000    0.655129
   97.000000    0.678427
  102.000000    0.697145
  107.000000    0.716998
  112.000000    0.728377
  117.000000    0.740758
  122.000000    0.765002
  127.000000    0.766387
  132.000000    0.765950
  137.000000    0.761897
  142.000000    0.743077
  147.000000    0.743639
  152.000000    0.720803
  157.000000    0.716133
  162.000000    0.738143
  167.000000    0.779550
  172.000000    0.800209
  177.000000    0.807607
  182.000000    0.789184
  187.000000    0.809840
  192.000000    0.803770
  197.000000    0.795358
  202.000000    0.801976
  207.000000    0.805736
  212.000000    0.805901
  217.000000    0.804718
  222.000000    0.790504
  227.000000    0.771981
  232.000000    0.750057
  237.000000    0.721671
  242.000000    0.715319
  247.000000    0.704948
  252.000000    0.699090
  257.000000    0.685771
  262.000000    0.667676
  267.000000    0.674840
  272.000000    0.687902
  277.000000    0.730381
  282.000000    0.750757
  287.000000    0.763634
  292.000000    0.795571
  297.000000    0.808616
  302.000000    0.793087
  307.000000    0.777616
  312.000000    0.786637
  317.000000    0.809480
  322.000000    0.801342
  327.000000    0.810052
  332.000000    0.801228
  337.000000    0.789421
  342.000000    0.783913
  347.000000    0.795093
  352.000000    0.790707
  357.000000    0.796164
  362.000000    0.769371
  367.000000    0.751391
  372.000000    0.748620
  377.000000    0.733453
  382.000000    0.747194
  387.000000    0.753448
  392.000000    0.782066
  397.000000    0.786941
  402.000000    0.800918
  407.000000    0.780927
  412.000000    0.756032
  417.000000    0.743593
  422.000000    0.715143
  427.000000    0.677350
  432.000000    0.638678
  437.000000    0.609913
  442.000000    0.624514
  447.000000    0.619042
  452.000000    0.609365
  457.000000    0.601014
  462.000000    0.617189
  467.000000    0.635369
  472.000000    0.657858
  477.000000    0.667381
  482.000000    0.654398
  487.000000    0.672120
  492.000000    0.685755
  497.000000    0.689508
  502.000000    0.666409
  507.000000    0.660297
  512.000000    0.660944
  517.000000    0.636378
  522.000000    0.629079
  527.000000    0.629889
  532.000000    0.635298
  537.000000    0.665128
  542.000000    0.667771
  547.000000    0.675665
  552.000000    0.685036
  557.000000    0.665423
  562.000000    0.659184
  567.000000    0.674074
  572.000000    0.677020
  577.000000    0.659584
  582.000000    0.675418
  587.000000    0.689694
  592.000000    0.705660
  597.000000    0.723775
  602.000000    0.730420
  607.000000    0.743448
  612.000000    0.766194
  617.000000    0.780889
  622.000000    0.789834
  627.000000    0.767383
  632.000000    0.728956
  637.000000    0.690496
  642.000000    0.701900
  647.000000    0.721262
  652.000000    0.729820
  657.000000    0.762768
  662.000000    0.761644
  667.000000    0.736097
  672.000000    0.737971
  677.000000    0.754023
  682.000000    0.772659
  687.000000    0.773715
  692.000000    0.779926
  697.000000    0.748607
  702.000000    0.727549
  707.000000    0.731062
  712.000000    0.716634
  717.000000    0.695888
  722.000000    0.710306
  727.000000    0.695763
  732.000000    0.695276
  737.000000    0.694789
  742.000000    0.683070
  747.000000    0.696339
  752.000000    0.703874
  757.000000    0.718654
  762.000000    0.741144
  767.000000    0.789423
  772.000000    0.796751
  777.000000    0.806889
  782.000000    0.784937
  787.000000    0.785503
  792.000000    0.797034
  797.000000    0.781119
  802.000000    0.723339
  807.000000    0.743797
  812.000000    0.817671
  817.000000    0.857187
  822.000000    0.856751
  827.000000    0.845449
  832.000000    0.828508
  837.000000    0.810041
  842.000000    0.790250
  847.000000    0.772991
  852.000000    0.771870
  857.000000    0.766936
  862.000000    0.774300
  867.000000    0.807019
  872.000000    0.808285
  877.000000    0.795611
  882.000000    0.785067
  887.000000    0.767845
  892.000000    0.768249
  897.000000    0.775489
  902.000000    0.744581
  907.000000    0.701211
  912.000000    0.681544
  917.000000    0.704647
  922.000000    0.728410
  927.000000    0.747156
  932.000000    0.761932
  937.000000    0.785830
  942.000000    0.808012
  947.000000    0.812633
  952.000000    0.811613
  957.000000    0.798114
  962.000000    0.777550
  967.000000    0.766587
  972.000000    0.766862
  977.000000    0.759153
  982.000000    0.759039
  987.000000    0.761524
  992.000000    0.749484
  997.000000    0.750114
 1002.000000    0.761794
 1007.000000    0.781365
 1012.000000    0.787218
 1017.000000    0.787117
 1022.000000    0.751491
 1027.000000    0.775256
 1032.000000    0.766501
 1037.000000    0.769637
 1042.000000    0.780292
 1047.000000    0.757961
 1052.000000    0.747885
 1057.000000    0.762298
 1062.000000    0.757052
 1067.000000    0.776585
 1072.000000    0.816382
 1077.000000    0.809976
 1082.000000    0.781440
 1087.000000    0.736438
 1092.000000    0.720937
 1097.000000    0.674447
 1102.000000    0.638521
 1107.000000    0.653445
 1112.000000    0.679612
 1117.000000    0.674082
 1122.000000    0.733964
 1127.000000    0.762026
 1132.000000    0.782617
 1137.000000    0.793367
 1142.000000    0.790447
 1147.000000    0.772322
 1152.000000    0.799318
 1157.000000    0.835258
 1162.000000    0.824499
 1167.000000    0.826419
 1172.000000    0.834147
 1177.000000    0.813641
 1182.000000    0.792931
 1187.000000    0.768877
 1192.000000    0.757657
 1197.000000    0.759577
 1202.000000    0.747906
 1207.000000    0.737168
 1212.000000    0.693017
 1217.000000    0.682364
 1222.000000    0.663542
 1227.000000    0.680375
 1232.000000    0.655572
 1237.000000    0.665210
 1242.000000    0.669687
 1247.000000    0.724721
 1252.000000    0.723044
 1257.000000    0.733436
 1262.000000    0.720015
 1267.000000    0.707286
 1272.000000    0.711829
 1277.000000    0.748215
 1282.000000    0.749072
 1287.000000    0.747192
 1292.000000    0.750829
 1297.000000    0.774981
 1302.000000    0.799343
 1307.000000    0.799879
 1312.000000    0.800286
 1317.000000    0.775771
 1322.000000    0.772393
 1327.000000    0.762194
 1332.000000    0.772864
 1337.000000    0.738634
 1342.000000    0.738857
 1347.000000    0.752119
 1352.000000    0.734637
 1357.000000    0.714428
 1362.000000    0.750275
 1367.000000    0.776302
 1372.000000    0.794251
 1377.000000    0.795347
 1382.000000    0.774960
 1387.000000    0.803899
 1392.000000    0.806694
 1397.000000    0.773991
 1402.000000    0.764992
 1407.000000    0.765459
 1412.000000    0.771846
 1417.000000    0.786096
 1422.000000    0.800218
 1427.000000    0.804299
 1432.000000    0.785050
 1437.000000    0.790686
 1442.000000    0.775904
 1447.000000    0.776857
 1452.000000    0.749342
 1457.000000    0.744833
 1462.000000    0.740836
 1467.000000    0.753561
 1472.000000    0.764797
 1477.000000    0.763579
 1482.000000    0.775830
 1487.000000    0.801087
 1492.000000    0.811525
 1497.000000    0.798239
 1502.000000    0.786637
 1507.000000    0.763979
 1512.000000    0.758765
 1517.000000    0.742640
 1522.000000    0.760640
 1527.000000    0.780917
 1532.000000    0.782415
 1537.000000    0.775385
 1542.000000    0.762516
 1547.000000    0.724271
 1552.000000    0.711778
 1557.000000    0.685431
 1562.000000    0.679199
 1567.000000    0.665502
 1572.000000    0.672226
 1577.000000    0.664482
 1582.000000    0.663992
 1587.000000    0.655803
 1592.000000    0.675953
 1597.000000    0.707093
 1602.000000    0.729752
 1607.000000    0.736275
 1612.000000    0.770415
 1617.000000    0.818746
 1622.000000    0.848546
 1627.000000    0.844299
 1632.000000    0.838123
 1637.000000    0.840699
 1642.000000    0.807386
 1647.000000    0.802755
 1652.000000    0.805496
 1657.000000    0.831286
 1662.000000    0.816564
 1667.000000    0.822565
 1672.000000    0.846087
 1677.000000    0.856761
 1682.000000    0.805730
 1687.000000    0.762175
 1692.000000    0.773857
 1697.000000    0.804397
 1702.000000    0.794967
 1707.000000    0.781627
 1712.000000    0.769856
 1717.000000    0.761122
 1722.000000    0.806030
 1727.000000    0.822256
 1732.000000    0.832026
 1737.000000    0.830680
 1742.000000    0.851094
 1747.000000    0.852069
 1752.000000    0.840947
 1757.000000    0.851875
 1762.000000    0.836512
 1767.000000    0.783514
 1772.000000    0.791905
 1777.000000    0.791408
 1782.000000    0.789976
 1787.000000    0.757999
 1792.000000    0.760530
 1797.000000    0.777932
 1802.000000    0.771807
 1807.000000    0.737976
 1812.000000    0.715600
 1817.000000    0.691276
 1822.000000    0.680896
 1827.000000    0.653182
 1832.000000    0.643723
 1837.000000    0.642668
 1842.000000    0.636059
 1847.000000    0.642182
 1852.000000    0.654830
 1857.000000    0.653186
 1862.000000    0.675688
 1867.000000    0.705374
 1872.000000    0.760847
 1877.000000    0.801086
 1882.000000    0.823003
