#  pixel_depth  alphabetafraction   >  Analysis of alpha beta fraction
  222.000000    0.679622
  227.000000    0.662085
  232.000000    0.658393
  237.000000    0.661994
  242.000000    0.679851
  247.000000    0.678513
  252.000000    0.686145
  257.000000    0.673640
  262.000000    0.678918
  267.000000    0.695050
  272.000000    0.700548
  277.000000    0.710147
  282.000000    0.688559
  287.000000    0.673249
  292.000000    0.676529
  297.000000    0.672079
  302.000000    0.667934
  307.000000    0.678729
  312.000000    0.685551
  317.000000    0.667755
  322.000000    0.678019
  327.000000    0.703442
  332.000000    0.689773
  337.000000    0.690214
  342.000000    0.707565
  347.000000    0.727329
  352.000000    0.746742
  357.000000    0.783887
  362.000000    0.792128
  367.000000    0.807667
  372.000000    0.793268
  377.000000    0.763635
  382.000000    0.737340
  387.000000    0.712115
  392.000000    0.697996
  397.000000    0.692841
  402.000000    0.686813
  407.000000    0.678489
  412.000000    0.681226
  417.000000    0.665986
  422.000000    0.641397
  427.000000    0.655763
  432.000000    0.664927
  437.000000    0.672361
  442.000000    0.688089
  447.000000    0.703464
  452.000000    0.710131
  457.000000    0.709921
  462.000000    0.722397
  467.000000    0.732076
  472.000000    0.738460
  477.000000    0.739056
  482.000000    0.730503
  487.000000    0.708735
  492.000000    0.713841
  497.000000    0.722994
  502.000000    0.720307
  507.000000    0.742120
  512.000000    0.762931
  517.000000    0.775409
  522.000000    0.790218
  527.000000    0.797568
  532.000000    0.763098
  537.000000    0.730169
  542.000000    0.714808
  547.000000    0.707934
  552.000000    0.719564
  557.000000    0.722161
  562.000000    0.732701
  567.000000    0.741100
  572.000000    0.742111
  577.000000    0.773550
  582.000000    0.794056
  587.000000    0.805118
  592.000000    0.786927
  597.000000    0.781464
  602.000000    0.782054
  607.000000    0.792071
  612.000000    0.789016
  617.000000    0.783273
  622.000000    0.768095
  627.000000    0.748077
  632.000000    0.750122
  637.000000    0.752741
  642.000000    0.746007
  647.000000    0.747747
  652.000000    0.740834
  657.000000    0.715396
  662.000000    0.696020
  667.000000    0.664380
  672.000000    0.658746
  677.000000    0.658237
  682.000000    0.650081
  687.000000    0.640791
  692.000000    0.616697
  697.000000    0.611465
  702.000000    0.587204
  707.000000    0.611067
  712.000000    0.624807
  717.000000    0.631591
  722.000000    0.648246
  727.000000    0.665972
  732.000000    0.734150
  737.000000    0.781600
  742.000000    0.792648
  747.000000    0.806476
  752.000000    0.843150
  757.000000    0.854005
  762.000000    0.859585
  767.000000    0.902684
  772.000000    0.921662
  777.000000    0.920997
  782.000000    0.917565
  787.000000    0.886056
  792.000000    0.854907
  797.000000    0.842024
  802.000000    0.824735
  807.000000    0.809259
  812.000000    0.784138
  817.000000    0.781699
  822.000000    0.756077
  827.000000    0.765879
  832.000000    0.727318
  837.000000    0.733616
  842.000000    0.748355
  847.000000    0.754586
  852.000000    0.765994
  857.000000    0.772972
  862.000000    0.770408
  867.000000    0.752654
  872.000000    0.806161
  877.000000    0.824785
  882.000000    0.796593
  887.000000    0.788123
  892.000000    0.764999
  897.000000    0.767932
  902.000000    0.756346
  907.000000    0.741205
  912.000000    0.740265
  917.000000    0.745111
  922.000000    0.759584
  927.000000    0.759914
  932.000000    0.750722
  937.000000    0.696379
  942.000000    0.693624
  947.000000    0.675096
  952.000000    0.679962
  957.000000    0.693730
  962.000000    0.708512
  967.000000    0.699023
  972.000000    0.689074
  977.000000    0.685089
  982.000000    0.707338
  987.000000    0.738323
  992.000000    0.724618
  997.000000    0.713573
 1002.000000    0.720249
 1007.000000    0.711057
 1012.000000    0.693060
 1017.000000    0.682272
 1022.000000    0.685515
 1027.000000    0.717147
 1032.000000    0.735246
 1037.000000    0.739458
 1042.000000    0.755283
 1047.000000    0.759888
 1052.000000    0.763253
 1057.000000    0.783463
 1062.000000    0.795236
 1067.000000    0.791916
 1072.000000    0.781463
 1077.000000    0.776552
 1082.000000    0.741627
 1087.000000    0.743109
 1092.000000    0.728429
 1097.000000    0.714625
 1102.000000    0.701832
 1107.000000    0.701227
 1112.000000    0.682762
 1117.000000    0.669118
 1122.000000    0.651017
 1127.000000    0.662551
 1132.000000    0.695033
 1137.000000    0.720290
 1142.000000    0.724718
 1147.000000    0.742091
 1152.000000    0.725610
 1157.000000    0.719136
 1162.000000    0.724273
 1167.000000    0.730344
 1172.000000    0.743007
 1177.000000    0.742366
 1182.000000    0.751705
 1187.000000    0.755378
 1192.000000    0.722349
 1197.000000    0.703938
 1202.000000    0.693600
 1207.000000    0.699444
 1212.000000    0.676968
 1217.000000    0.656718
 1222.000000    0.647293
 1227.000000    0.656466
 1232.000000    0.700737
 1237.000000    0.706210
 1242.000000    0.704461
 1247.000000    0.717569
 1252.000000    0.705795
 1257.000000    0.738306
 1262.000000    0.784297
 1267.000000    0.802618
 1272.000000    0.786550
 1277.000000    0.790819
 1282.000000    0.781517
 1287.000000    0.785907
 1292.000000    0.780914
 1297.000000    0.757190
 1302.000000    0.726748
 1307.000000    0.746500
 1312.000000    0.763852
 1317.000000    0.772699
 1322.000000    0.775281
 1327.000000    0.760562
 1332.000000    0.729340
 1337.000000    0.730029
 1342.000000    0.690117
 1347.000000    0.658082
 1352.000000    0.649127
 1357.000000    0.637098
 1362.000000    0.632897
 1367.000000    0.663347
 1372.000000    0.698081
 1377.000000    0.718755
 1382.000000    0.741894
 1387.000000    0.737365
 1392.000000    0.750603
 1397.000000    0.755853
 1402.000000    0.749457
 1407.000000    0.756261
 1412.000000    0.779251
 1417.000000    0.779564
 1422.000000    0.734353
 1427.000000    0.704837
 1432.000000    0.679377
 1437.000000    0.657560
 1442.000000    0.663588
 1447.000000    0.679956
 1452.000000    0.692077
 1457.000000    0.692769
 1462.000000    0.691514
 1467.000000    0.707763
 1472.000000    0.749744
 1477.000000    0.750119
 1482.000000    0.740131
 1487.000000    0.753084
 1492.000000    0.746787
 1497.000000    0.747768
 1502.000000    0.789185
 1507.000000    0.796289
 1512.000000    0.787076
 1517.000000    0.791684
 1522.000000    0.788678
 1527.000000    0.748830
 1532.000000    0.725054
 1537.000000    0.738280
 1542.000000    0.743190
 1547.000000    0.768377
 1552.000000    0.768015
 1557.000000    0.758418
 1562.000000    0.741802
 1567.000000    0.719644
 1572.000000    0.736414
 1577.000000    0.754489
 1582.000000    0.751021
 1587.000000    0.712800
 1592.000000    0.675667
 1597.000000    0.684703
 1602.000000    0.679396
 1607.000000    0.619377
 1612.000000    0.576547
 1617.000000    0.536467
 1622.000000    0.529246
 1627.000000    0.549520
 1632.000000    0.574932
 1637.000000    0.598491
 1642.000000    0.590203
 1647.000000    0.591325
 1652.000000    0.609617
 1657.000000    0.613912
 1662.000000    0.617977
 1667.000000    0.648844
 1672.000000    0.678087
 1677.000000    0.689289
 1682.000000    0.702623
 1687.000000    0.743033
 1692.000000    0.741465
 1697.000000    0.744502
 1702.000000    0.753361
 1707.000000    0.759285
 1712.000000    0.756838
 1717.000000    0.740967
 1722.000000    0.723762
 1727.000000    0.722612
 1732.000000    0.709814
 1737.000000    0.680723
 1742.000000    0.703370
 1747.000000    0.718370
 1752.000000    0.709109
 1757.000000    0.692939
 1762.000000    0.668238
 1767.000000    0.666683
 1772.000000    0.666551
 1777.000000    0.698073
 1782.000000    0.710578
 1787.000000    0.694728
 1792.000000    0.682846
 1797.000000    0.706246
 1802.000000    0.716505
 1807.000000    0.705343
 1812.000000    0.703670
 1817.000000    0.702987
 1822.000000    0.717618
 1827.000000    0.735835
 1832.000000    0.764319
 1837.000000    0.774976
 1842.000000    0.775133
 1847.000000    0.762517
 1852.000000    0.749019
 1857.000000    0.730090
 1862.000000    0.729438
 1867.000000    0.717210
 1872.000000    0.708947
 1877.000000    0.725595
 1882.000000    0.707496
 1887.000000    0.690682
 1892.000000    0.650561
 1897.000000    0.615283
 1902.000000    0.559226
