#  pixel_depth  alphabetafraction   >  Analysis of alpha beta fraction
   85.000000    0.685039
   90.000000    0.685490
   95.000000    0.653520
  100.000000    0.662725
  105.000000    0.685191
  110.000000    0.702606
  115.000000    0.691360
  120.000000    0.707338
  125.000000    0.675518
  130.000000    0.626377
  135.000000    0.583440
  140.000000    0.610673
  145.000000    0.605070
  150.000000    0.632989
  155.000000    0.694401
  160.000000    0.709502
  165.000000    0.747484
  170.000000    0.754718
  175.000000    0.707412
  180.000000    0.656439
  185.000000    0.615762
  190.000000    0.654336
  195.000000    0.669030
  200.000000    0.708988
  205.000000    0.694131
  210.000000    0.694505
  215.000000    0.662327
  220.000000    0.598327
  225.000000    0.595777
  230.000000    0.649298
  235.000000    0.692641
  240.000000    0.779744
  245.000000    0.799447
  250.000000    0.709040
  255.000000    0.641128
  260.000000    0.634624
  265.000000    0.609372
  270.000000    0.625132
  275.000000    0.648288
  280.000000    0.682923
  285.000000    0.655987
  290.000000    0.630746
  295.000000    0.635535
  300.000000    0.655524
  305.000000    0.685338
  310.000000    0.670535
  315.000000    0.691392
  320.000000    0.734343
  325.000000    0.728119
  330.000000    0.712498
  335.000000    0.727467
  340.000000    0.720305
  345.000000    0.665200
  350.000000    0.707542
  355.000000    0.774396
  360.000000    0.767282
  365.000000    0.752199
  370.000000    0.741436
  375.000000    0.705452
  380.000000    0.690665
  385.000000    0.670838
  390.000000    0.661331
  395.000000    0.664754
  400.000000    0.731281
  405.000000    0.749518
  410.000000    0.688050
  415.000000    0.656704
  420.000000    0.625978
  425.000000    0.650225
  430.000000    0.665955
  435.000000    0.656437
  440.000000    0.669827
  445.000000    0.702510
  450.000000    0.745262
  455.000000    0.726890
  460.000000    0.705208
  465.000000    0.688637
  470.000000    0.640066
  475.000000    0.663058
  480.000000    0.687173
  485.000000    0.635535
  490.000000    0.636341
  495.000000    0.623369
  500.000000    0.671332
  505.000000    0.714258
  510.000000    0.678106
  515.000000    0.725306
  520.000000    0.721803
  525.000000    0.705134
  530.000000    0.659111
  535.000000    0.590137
  540.000000    0.600658
  545.000000    0.618551
  550.000000    0.656715
  555.000000    0.700773
  560.000000    0.775005
  565.000000    0.743378
  570.000000    0.714844
  575.000000    0.679543
  580.000000    0.628386
  585.000000    0.623632
  590.000000    0.600720
  595.000000    0.640383
  600.000000    0.701732
  605.000000    0.736306
  610.000000    0.716157
  615.000000    0.687294
  620.000000    0.701253
  625.000000    0.678805
  630.000000    0.689057
  635.000000    0.715666
  640.000000    0.757686
  645.000000    0.742875
  650.000000    0.770848
  655.000000    0.796920
  660.000000    0.801072
  665.000000    0.805217
  670.000000    0.764905
  675.000000    0.734802
  680.000000    0.735924
  685.000000    0.745434
  690.000000    0.723305
  695.000000    0.747581
  700.000000    0.745646
  705.000000    0.743671
  710.000000    0.727312
  715.000000    0.710506
  720.000000    0.724257
  725.000000    0.677957
  730.000000    0.673979
  735.000000    0.669611
  740.000000    0.694816
  745.000000    0.730095
  750.000000    0.673626
  755.000000    0.640825
  760.000000    0.628593
  765.000000    0.675447
  770.000000    0.692393
  775.000000    0.680514
  780.000000    0.658328
  785.000000    0.647866
  790.000000    0.697080
  795.000000    0.616646
  800.000000    0.596613
  805.000000    0.634691
  810.000000    0.670007
  815.000000    0.688422
  820.000000    0.681686
  825.000000    0.699405
  830.000000    0.716161
  835.000000    0.654079
  840.000000    0.618178
  845.000000    0.592515
  850.000000    0.649071
  855.000000    0.679712
  860.000000    0.717823
  865.000000    0.701567
  870.000000    0.681378
  875.000000    0.626872
