#  pixel_depth  alphabetafraction   >  Analysis of alpha beta fraction
  120.000000    0.778590
  125.000000    0.760781
  130.000000    0.757123
  135.000000    0.753887
  140.000000    0.756199
  145.000000    0.768988
  150.000000    0.776852
  155.000000    0.801527
  160.000000    0.811943
  165.000000    0.802251
  170.000000    0.784088
  175.000000    0.784339
  180.000000    0.756894
  185.000000    0.748031
  190.000000    0.741255
  195.000000    0.724355
  200.000000    0.711541
  205.000000    0.707706
  210.000000    0.726317
  215.000000    0.731646
  220.000000    0.757699
  225.000000    0.756764
  230.000000    0.753261
  235.000000    0.746148
  240.000000    0.728248
  245.000000    0.704726
  250.000000    0.695260
  255.000000    0.663228
  260.000000    0.652884
  265.000000    0.621699
  270.000000    0.625619
  275.000000    0.633473
  280.000000    0.685108
  285.000000    0.727133
  290.000000    0.780220
  295.000000    0.796986
  300.000000    0.815465
  305.000000    0.839543
  310.000000    0.838330
  315.000000    0.845866
  320.000000    0.845974
  325.000000    0.837782
  330.000000    0.838050
  335.000000    0.838094
  340.000000    0.812857
  345.000000    0.797059
  350.000000    0.791558
  355.000000    0.743986
  360.000000    0.711169
  365.000000    0.732891
  370.000000    0.729853
  375.000000    0.732099
  380.000000    0.697606
  385.000000    0.713012
  390.000000    0.742647
  395.000000    0.729510
  400.000000    0.732588
  405.000000    0.746658
  410.000000    0.763633
  415.000000    0.781606
  420.000000    0.801067
  425.000000    0.803436
  430.000000    0.808852
  435.000000    0.815638
  440.000000    0.803730
  445.000000    0.804052
  450.000000    0.811021
  455.000000    0.812128
  460.000000    0.808585
  465.000000    0.813726
  470.000000    0.824891
  475.000000    0.827139
  480.000000    0.815317
  485.000000    0.816626
  490.000000    0.795818
  495.000000    0.806817
  500.000000    0.811306
  505.000000    0.794278
  510.000000    0.771988
  515.000000    0.748832
  520.000000    0.757879
  525.000000    0.768421
  530.000000    0.748857
  535.000000    0.760960
  540.000000    0.749170
  545.000000    0.746482
  550.000000    0.706426
  555.000000    0.703458
  560.000000    0.708965
  565.000000    0.714399
  570.000000    0.686439
  575.000000    0.736488
  580.000000    0.754950
  585.000000    0.777572
  590.000000    0.786959
  595.000000    0.739509
  600.000000    0.740501
  605.000000    0.772183
  610.000000    0.762660
  615.000000    0.726393
  620.000000    0.749269
  625.000000    0.759571
  630.000000    0.748591
  635.000000    0.773753
  640.000000    0.777642
  645.000000    0.755602
  650.000000    0.781264
  655.000000    0.812045
  660.000000    0.798618
  665.000000    0.807708
  670.000000    0.793667
  675.000000    0.785011
  680.000000    0.774544
  685.000000    0.715235
  690.000000    0.707696
  695.000000    0.707999
  700.000000    0.698692
  705.000000    0.728909
  710.000000    0.732829
  715.000000    0.714644
  720.000000    0.744644
  725.000000    0.749082
  730.000000    0.727975
  735.000000    0.706744
  740.000000    0.699209
  745.000000    0.706235
  750.000000    0.714278
  755.000000    0.737859
  760.000000    0.767760
  765.000000    0.793593
  770.000000    0.824473
  775.000000    0.832632
  780.000000    0.813013
  785.000000    0.804756
  790.000000    0.790575
  795.000000    0.771509
  800.000000    0.768182
  805.000000    0.785888
  810.000000    0.777927
  815.000000    0.762956
  820.000000    0.732409
  825.000000    0.775294
  830.000000    0.816686
  835.000000    0.816235
  840.000000    0.816688
  845.000000    0.795370
  850.000000    0.784580
  855.000000    0.786697
  860.000000    0.791753
  865.000000    0.784687
  870.000000    0.757615
  875.000000    0.795262
  880.000000    0.797567
  885.000000    0.803656
  890.000000    0.813665
  895.000000    0.808536
  900.000000    0.788936
  905.000000    0.785910
  910.000000    0.766871
  915.000000    0.735585
  920.000000    0.742093
  925.000000    0.749199
  930.000000    0.746525
  935.000000    0.761059
  940.000000    0.780309
  945.000000    0.774862
  950.000000    0.794742
  955.000000    0.859645
  960.000000    0.897241
  965.000000    0.899521
  970.000000    0.888602
  975.000000    0.881798
  980.000000    0.864631
  985.000000    0.858336
  990.000000    0.839167
  995.000000    0.838474
 1000.000000    0.848276
 1005.000000    0.800854
 1010.000000    0.767963
 1015.000000    0.775031
 1020.000000    0.744164
 1025.000000    0.757460
 1030.000000    0.765578
 1035.000000    0.753564
 1040.000000    0.780414
 1045.000000    0.791590
 1050.000000    0.783124
 1055.000000    0.760058
 1060.000000    0.746393
 1065.000000    0.716592
 1070.000000    0.712666
 1075.000000    0.689211
 1080.000000    0.741718
 1085.000000    0.725901
 1090.000000    0.759441
 1095.000000    0.787127
 1100.000000    0.799948
 1105.000000    0.808071
 1110.000000    0.781715
 1115.000000    0.790689
 1120.000000    0.789202
 1125.000000    0.806723
 1130.000000    0.797244
 1135.000000    0.756239
 1140.000000    0.747486
 1145.000000    0.763014
 1150.000000    0.745366
 1155.000000    0.771572
 1160.000000    0.776865
 1165.000000    0.772670
 1170.000000    0.797140
 1175.000000    0.823912
 1180.000000    0.815267
 1185.000000    0.797467
 1190.000000    0.793801
 1195.000000    0.806604
 1200.000000    0.761951
 1205.000000    0.725569
 1210.000000    0.747726
 1215.000000    0.792553
 1220.000000    0.807571
 1225.000000    0.804576
 1230.000000    0.816979
 1235.000000    0.838255
 1240.000000    0.851177
 1245.000000    0.864559
 1250.000000    0.878256
 1255.000000    0.896015
 1260.000000    0.886594
 1265.000000    0.883932
 1270.000000    0.841462
 1275.000000    0.822497
 1280.000000    0.810602
 1285.000000    0.792261
 1290.000000    0.751327
 1295.000000    0.742094
 1300.000000    0.734143
 1305.000000    0.760727
 1310.000000    0.798651
 1315.000000    0.815402
 1320.000000    0.842732
 1325.000000    0.828240
 1330.000000    0.817117
 1335.000000    0.848144
 1340.000000    0.859516
 1345.000000    0.826611
 1350.000000    0.792030
 1355.000000    0.793059
 1360.000000    0.795007
 1365.000000    0.771176
 1370.000000    0.743277
 1375.000000    0.759281
 1380.000000    0.766335
 1385.000000    0.739472
 1390.000000    0.757179
 1395.000000    0.765138
 1400.000000    0.792548
 1405.000000    0.820497
 1410.000000    0.821247
 1415.000000    0.782546
 1420.000000    0.742762
 1425.000000    0.760146
 1430.000000    0.789260
 1435.000000    0.780645
 1440.000000    0.807146
 1445.000000    0.811858
 1450.000000    0.787205
 1455.000000    0.801505
 1460.000000    0.818851
 1465.000000    0.810598
 1470.000000    0.810731
 1475.000000    0.808013
 1480.000000    0.808531
 1485.000000    0.817418
 1490.000000    0.799124
 1495.000000    0.780240
 1500.000000    0.765809
 1505.000000    0.763133
 1510.000000    0.765223
 1515.000000    0.785416
 1520.000000    0.796503
 1525.000000    0.799922
 1530.000000    0.820516
 1535.000000    0.807258
 1540.000000    0.782307
 1545.000000    0.779467
 1550.000000    0.790103
 1555.000000    0.779937
 1560.000000    0.790784
 1565.000000    0.806005
 1570.000000    0.784075
 1575.000000    0.774304
 1580.000000    0.740275
 1585.000000    0.744387
 1590.000000    0.738956
 1595.000000    0.753078
 1600.000000    0.782789
 1605.000000    0.796987
 1610.000000    0.825643
 1615.000000    0.831795
 1620.000000    0.839725
 1625.000000    0.850844
 1630.000000    0.840657
 1635.000000    0.845587
 1640.000000    0.851364
 1645.000000    0.854907
 1650.000000    0.834479
 1655.000000    0.845997
 1660.000000    0.848838
 1665.000000    0.843805
 1670.000000    0.816584
 1675.000000    0.777330
 1680.000000    0.742209
 1685.000000    0.759113
 1690.000000    0.768391
 1695.000000    0.746305
 1700.000000    0.743450
 1705.000000    0.738129
 1710.000000    0.768788
 1715.000000    0.765669
 1720.000000    0.759070
 1725.000000    0.750202
 1730.000000    0.754910
 1735.000000    0.791332
 1740.000000    0.827679
 1745.000000    0.880240
 1750.000000    0.847721
 1755.000000    0.809205
 1760.000000    0.806597
 1765.000000    0.798240
 1770.000000    0.799014
 1775.000000    0.784707
 1780.000000    0.739674
 1785.000000    0.749012
 1790.000000    0.754745
 1795.000000    0.755380
 1800.000000    0.731122
 1805.000000    0.747664
 1810.000000    0.751987
 1815.000000    0.763320
 1820.000000    0.781894
 1825.000000    0.809686
 1830.000000    0.812137
 1835.000000    0.824934
 1840.000000    0.822226
 1845.000000    0.795924
 1850.000000    0.794657
 1855.000000    0.793881
 1860.000000    0.790035
 1865.000000    0.801982
 1870.000000    0.828917
 1875.000000    0.835280
 1880.000000    0.841145
 1885.000000    0.866081
 1890.000000    0.872165
 1895.000000    0.845032
 1900.000000    0.841269
 1905.000000    0.836906
 1910.000000    0.820321
 1915.000000    0.817616
 1920.000000    0.788606
 1925.000000    0.798360
 1930.000000    0.790168
 1935.000000    0.818403
 1940.000000    0.844201
