#  pixel_depth  alphabetafraction   >  Analysis of alpha beta fraction
  257.000000    0.608034
  262.000000    0.614666
  267.000000    0.605290
  272.000000    0.601115
  277.000000    0.617174
  282.000000    0.640169
  287.000000    0.654063
  292.000000    0.671361
  297.000000    0.720351
  302.000000    0.727426
  307.000000    0.722689
  312.000000    0.722389
  317.000000    0.733872
  322.000000    0.725144
  327.000000    0.703991
  332.000000    0.689509
  337.000000    0.714178
  342.000000    0.716963
  347.000000    0.730706
  352.000000    0.751715
  357.000000    0.777845
  362.000000    0.781477
  367.000000    0.792462
  372.000000    0.806249
  377.000000    0.782747
  382.000000    0.753066
  387.000000    0.723293
  392.000000    0.718763
  397.000000    0.726449
  402.000000    0.713668
  407.000000    0.719569
  412.000000    0.712173
  417.000000    0.693611
  422.000000    0.705347
  427.000000    0.732553
  432.000000    0.695462
  437.000000    0.693995
  442.000000    0.729140
  447.000000    0.722262
  452.000000    0.733561
  457.000000    0.736054
  462.000000    0.736438
  467.000000    0.756853
  472.000000    0.740841
  477.000000    0.724683
  482.000000    0.724425
  487.000000    0.742888
  492.000000    0.753103
  497.000000    0.776277
  502.000000    0.793113
  507.000000    0.776768
  512.000000    0.750404
  517.000000    0.764722
  522.000000    0.764634
  527.000000    0.751348
  532.000000    0.739243
  537.000000    0.731302
  542.000000    0.725339
  547.000000    0.730863
  552.000000    0.736746
  557.000000    0.711911
  562.000000    0.728293
  567.000000    0.731762
  572.000000    0.703988
  577.000000    0.716243
  582.000000    0.714462
  587.000000    0.701035
  592.000000    0.687274
  597.000000    0.695635
  602.000000    0.684264
  607.000000    0.685037
  612.000000    0.679091
  617.000000    0.675364
  622.000000    0.668871
  627.000000    0.642464
  632.000000    0.664240
  637.000000    0.657209
  642.000000    0.649614
  647.000000    0.653102
  652.000000    0.668834
  657.000000    0.676783
  662.000000    0.655521
  667.000000    0.624213
  672.000000    0.627875
  677.000000    0.651609
  682.000000    0.662777
  687.000000    0.693510
  692.000000    0.701431
  697.000000    0.713984
  702.000000    0.706682
  707.000000    0.722638
  712.000000    0.704017
  717.000000    0.704325
  722.000000    0.697285
  727.000000    0.690294
  732.000000    0.668756
  737.000000    0.664744
  742.000000    0.623911
  747.000000    0.612958
  752.000000    0.631420
  757.000000    0.640930
  762.000000    0.667103
  767.000000    0.665765
  772.000000    0.673368
  777.000000    0.657838
  782.000000    0.666796
  787.000000    0.680929
  792.000000    0.739410
  797.000000    0.763706
  802.000000    0.772673
  807.000000    0.789397
  812.000000    0.751509
  817.000000    0.742928
  822.000000    0.731275
  827.000000    0.714287
  832.000000    0.719158
  837.000000    0.716816
  842.000000    0.691751
  847.000000    0.680727
  852.000000    0.664471
  857.000000    0.663151
  862.000000    0.658340
  867.000000    0.677679
  872.000000    0.658207
  877.000000    0.658921
  882.000000    0.642002
  887.000000    0.644328
  892.000000    0.637543
  897.000000    0.623820
  902.000000    0.641473
  907.000000    0.631971
  912.000000    0.652169
  917.000000    0.676871
  922.000000    0.686567
  927.000000    0.680993
  932.000000    0.663824
  937.000000    0.654991
  942.000000    0.662588
  947.000000    0.694973
  952.000000    0.712485
  957.000000    0.715739
  962.000000    0.694212
  967.000000    0.679894
  972.000000    0.649171
  977.000000    0.665476
  982.000000    0.700121
  987.000000    0.716805
  992.000000    0.727438
  997.000000    0.720700
 1002.000000    0.705973
 1007.000000    0.716432
 1012.000000    0.735222
 1017.000000    0.746886
 1022.000000    0.755744
 1027.000000    0.746576
 1032.000000    0.718361
 1037.000000    0.689099
 1042.000000    0.682320
 1047.000000    0.711261
 1052.000000    0.733688
 1057.000000    0.745921
 1062.000000    0.743089
 1067.000000    0.788033
 1072.000000    0.803837
 1077.000000    0.791672
 1082.000000    0.781498
 1087.000000    0.753029
 1092.000000    0.727987
 1097.000000    0.687817
 1102.000000    0.664423
 1107.000000    0.675502
 1112.000000    0.708410
 1117.000000    0.737753
 1122.000000    0.748921
 1127.000000    0.752572
 1132.000000    0.744250
 1137.000000    0.706649
 1142.000000    0.700942
 1147.000000    0.707746
 1152.000000    0.714688
 1157.000000    0.742334
 1162.000000    0.722692
 1167.000000    0.739457
 1172.000000    0.741657
 1177.000000    0.713092
 1182.000000    0.719288
 1187.000000    0.737341
 1192.000000    0.750497
 1197.000000    0.759218
 1202.000000    0.768528
 1207.000000    0.778208
 1212.000000    0.773481
 1217.000000    0.769145
 1222.000000    0.766087
 1227.000000    0.746616
 1232.000000    0.703086
 1237.000000    0.665309
 1242.000000    0.640822
 1247.000000    0.653077
 1252.000000    0.705337
 1257.000000    0.731756
 1262.000000    0.725502
 1267.000000    0.737598
 1272.000000    0.760298
 1277.000000    0.770845
 1282.000000    0.757649
 1287.000000    0.738262
 1292.000000    0.728522
 1297.000000    0.715676
 1302.000000    0.701054
 1307.000000    0.688812
 1312.000000    0.665476
 1317.000000    0.662812
 1322.000000    0.677568
 1327.000000    0.666756
 1332.000000    0.688975
 1337.000000    0.753806
 1342.000000    0.767219
 1347.000000    0.784238
 1352.000000    0.793304
 1357.000000    0.808474
 1362.000000    0.800132
 1367.000000    0.766396
 1372.000000    0.717912
 1377.000000    0.704310
 1382.000000    0.681582
 1387.000000    0.651867
 1392.000000    0.609155
 1397.000000    0.544178
 1402.000000    0.527227
 1407.000000    0.556288
 1412.000000    0.584802
 1417.000000    0.623692
 1422.000000    0.679669
 1427.000000    0.709064
 1432.000000    0.720633
 1437.000000    0.716771
 1442.000000    0.718242
 1447.000000    0.711656
 1452.000000    0.701695
 1457.000000    0.690379
 1462.000000    0.673595
 1467.000000    0.642377
 1472.000000    0.648158
 1477.000000    0.656570
 1482.000000    0.651215
 1487.000000    0.638315
 1492.000000    0.624285
 1497.000000    0.651800
 1502.000000    0.685968
 1507.000000    0.725841
 1512.000000    0.721970
 1517.000000    0.733997
 1522.000000    0.721656
 1527.000000    0.715617
 1532.000000    0.721411
 1537.000000    0.717577
 1542.000000    0.724824
 1547.000000    0.705681
 1552.000000    0.712692
 1557.000000    0.703336
 1562.000000    0.679710
 1567.000000    0.672734
 1572.000000    0.681334
 1577.000000    0.678790
 1582.000000    0.676708
 1587.000000    0.711141
 1592.000000    0.718425
 1597.000000    0.718543
 1602.000000    0.735276
 1607.000000    0.742931
 1612.000000    0.723442
 1617.000000    0.718171
 1622.000000    0.711870
 1627.000000    0.707041
 1632.000000    0.706771
 1637.000000    0.682932
 1642.000000    0.674446
 1647.000000    0.708648
 1652.000000    0.726447
 1657.000000    0.743293
 1662.000000    0.717885
 1667.000000    0.681072
 1672.000000    0.669929
 1677.000000    0.703479
 1682.000000    0.688992
 1687.000000    0.677006
 1692.000000    0.646421
 1697.000000    0.651742
 1702.000000    0.687548
 1707.000000    0.716170
 1712.000000    0.723350
 1717.000000    0.698606
 1722.000000    0.665799
 1727.000000    0.646383
 1732.000000    0.625280
 1737.000000    0.652571
 1742.000000    0.672248
 1747.000000    0.662883
 1752.000000    0.676435
 1757.000000    0.691088
 1762.000000    0.693798
 1767.000000    0.697903
 1772.000000    0.719860
 1777.000000    0.743106
 1782.000000    0.764623
 1787.000000    0.747014
 1792.000000    0.754112
 1797.000000    0.754161
 1802.000000    0.733470
 1807.000000    0.742336
 1812.000000    0.711034
 1817.000000    0.693153
 1822.000000    0.675329
 1827.000000    0.696421
 1832.000000    0.688264
 1837.000000    0.671039
 1842.000000    0.678472
 1847.000000    0.673415
 1852.000000    0.638469
 1857.000000    0.608632
 1862.000000    0.600090
 1867.000000    0.635087
 1872.000000    0.677804
 1877.000000    0.690133
 1882.000000    0.700148
 1887.000000    0.709897
 1892.000000    0.710669
 1897.000000    0.717933
 1902.000000    0.738440
 1907.000000    0.760556
 1912.000000    0.773025
 1917.000000    0.796294
 1922.000000    0.801547
 1927.000000    0.789663
 1932.000000    0.771143
 1937.000000    0.735659
 1942.000000    0.712912
