#  pixel_depth  alphabetafraction   >  Analysis of alpha beta fraction
   42.000000    0.868501
   47.000000    0.865497
   52.000000    0.860843
   57.000000    0.829037
   62.000000    0.801027
   67.000000    0.779618
   72.000000    0.771127
   77.000000    0.789079
   82.000000    0.805267
   87.000000    0.801178
   92.000000    0.805084
   97.000000    0.796180
  102.000000    0.800709
  107.000000    0.815349
  112.000000    0.821344
  117.000000    0.808173
  122.000000    0.765885
  127.000000    0.771544
  132.000000    0.792112
  137.000000    0.801213
  142.000000    0.803388
  147.000000    0.808010
  152.000000    0.799763
  157.000000    0.803809
  162.000000    0.829218
  167.000000    0.834184
  172.000000    0.841478
  177.000000    0.839958
  182.000000    0.814664
  187.000000    0.791305
  192.000000    0.777470
  197.000000    0.763320
  202.000000    0.751099
  207.000000    0.744821
  212.000000    0.746681
  217.000000    0.750070
  222.000000    0.732262
  227.000000    0.746433
  232.000000    0.731585
  237.000000    0.718482
  242.000000    0.755470
  247.000000    0.776023
  252.000000    0.780884
  257.000000    0.788870
  262.000000    0.801872
  267.000000    0.797460
  272.000000    0.825695
  277.000000    0.811212
  282.000000    0.804876
  287.000000    0.783502
  292.000000    0.778607
  297.000000    0.751126
  302.000000    0.760382
  307.000000    0.779528
  312.000000    0.794183
  317.000000    0.778166
  322.000000    0.763412
  327.000000    0.748198
  332.000000    0.727022
  337.000000    0.730743
  342.000000    0.746721
  347.000000    0.743798
  352.000000    0.750399
  357.000000    0.763024
  362.000000    0.783808
  367.000000    0.773285
  372.000000    0.766134
  377.000000    0.771874
  382.000000    0.771789
  387.000000    0.765933
  392.000000    0.753898
  397.000000    0.713221
  402.000000    0.720402
  407.000000    0.733915
  412.000000    0.718808
  417.000000    0.716263
  422.000000    0.737532
  427.000000    0.729843
  432.000000    0.744873
  437.000000    0.760818
  442.000000    0.750424
  447.000000    0.731430
  452.000000    0.762778
  457.000000    0.765473
  462.000000    0.747113
  467.000000    0.702111
  472.000000    0.712496
  477.000000    0.763402
  482.000000    0.789714
  487.000000    0.780694
  492.000000    0.771111
  497.000000    0.778926
  502.000000    0.768506
  507.000000    0.771029
  512.000000    0.745180
  517.000000    0.738900
  522.000000    0.735060
  527.000000    0.709727
  532.000000    0.695130
  537.000000    0.692017
  542.000000    0.679267
  547.000000    0.690148
  552.000000    0.734425
  557.000000    0.760551
  562.000000    0.781222
  567.000000    0.795803
  572.000000    0.790927
  577.000000    0.767020
  582.000000    0.750741
  587.000000    0.757740
  592.000000    0.775914
  597.000000    0.807546
  602.000000    0.816520
  607.000000    0.826460
  612.000000    0.827807
  617.000000    0.809756
  622.000000    0.810174
  627.000000    0.829418
  632.000000    0.828611
  637.000000    0.803958
  642.000000    0.818301
  647.000000    0.813589
  652.000000    0.796188
  657.000000    0.778112
  662.000000    0.765109
  667.000000    0.755277
  672.000000    0.747852
  677.000000    0.751873
  682.000000    0.754621
  687.000000    0.731605
  692.000000    0.738655
  697.000000    0.743526
  702.000000    0.743449
  707.000000    0.749626
  712.000000    0.727600
  717.000000    0.747955
  722.000000    0.748792
  727.000000    0.730864
  732.000000    0.727150
  737.000000    0.729218
  742.000000    0.748070
  747.000000    0.765063
  752.000000    0.778389
  757.000000    0.798702
  762.000000    0.790416
  767.000000    0.777603
  772.000000    0.716875
  777.000000    0.694663
  782.000000    0.701379
  787.000000    0.717442
  792.000000    0.685383
  797.000000    0.708081
  802.000000    0.737155
  807.000000    0.765214
  812.000000    0.799263
  817.000000    0.816918
  822.000000    0.841342
  827.000000    0.840866
  832.000000    0.837308
  837.000000    0.826261
  842.000000    0.809008
  847.000000    0.820078
  852.000000    0.841769
  857.000000    0.849702
  862.000000    0.845651
  867.000000    0.841974
  872.000000    0.823828
  877.000000    0.760418
  882.000000    0.721597
  887.000000    0.700401
  892.000000    0.682728
  897.000000    0.646637
  902.000000    0.627240
  907.000000    0.649895
  912.000000    0.688209
  917.000000    0.677215
  922.000000    0.705443
  927.000000    0.720239
  932.000000    0.728982
  937.000000    0.732697
  942.000000    0.734579
  947.000000    0.728972
  952.000000    0.759146
  957.000000    0.782884
  962.000000    0.789642
  967.000000    0.793047
  972.000000    0.794151
  977.000000    0.767997
  982.000000    0.791669
  987.000000    0.807590
  992.000000    0.805066
  997.000000    0.790732
 1002.000000    0.747809
 1007.000000    0.730963
 1012.000000    0.751257
 1017.000000    0.763671
 1022.000000    0.766395
 1027.000000    0.739888
 1032.000000    0.721979
 1037.000000    0.717716
 1042.000000    0.713559
 1047.000000    0.745608
 1052.000000    0.764333
 1057.000000    0.762082
 1062.000000    0.726142
 1067.000000    0.708765
 1072.000000    0.715262
 1077.000000    0.697421
 1082.000000    0.673193
 1087.000000    0.722792
 1092.000000    0.696772
 1097.000000    0.659969
 1102.000000    0.642844
 1107.000000    0.650944
 1112.000000    0.639490
 1117.000000    0.637400
 1122.000000    0.660466
 1127.000000    0.690184
 1132.000000    0.706039
 1137.000000    0.723252
 1142.000000    0.740747
 1147.000000    0.752472
 1152.000000    0.786131
 1157.000000    0.797282
 1162.000000    0.792905
 1167.000000    0.786988
 1172.000000    0.785237
 1177.000000    0.770331
 1182.000000    0.772532
 1187.000000    0.801387
 1192.000000    0.800405
 1197.000000    0.810394
 1202.000000    0.761141
 1207.000000    0.739831
 1212.000000    0.741704
 1217.000000    0.735382
 1222.000000    0.737875
 1227.000000    0.691529
 1232.000000    0.662274
 1237.000000    0.628282
 1242.000000    0.643697
 1247.000000    0.639426
 1252.000000    0.639652
 1257.000000    0.600389
 1262.000000    0.628069
 1267.000000    0.661122
 1272.000000    0.681091
 1277.000000    0.682081
 1282.000000    0.688724
 1287.000000    0.702772
 1292.000000    0.722221
 1297.000000    0.745236
 1302.000000    0.768056
 1307.000000    0.776251
 1312.000000    0.778874
 1317.000000    0.774944
 1322.000000    0.762528
 1327.000000    0.756867
 1332.000000    0.734779
 1337.000000    0.733250
 1342.000000    0.723667
 1347.000000    0.708803
 1352.000000    0.719586
 1357.000000    0.727580
 1362.000000    0.732449
 1367.000000    0.780398
 1372.000000    0.786780
 1377.000000    0.791115
 1382.000000    0.830607
 1387.000000    0.828730
 1392.000000    0.830174
 1397.000000    0.833766
 1402.000000    0.834047
 1407.000000    0.808134
 1412.000000    0.793903
 1417.000000    0.803100
 1422.000000    0.807440
 1427.000000    0.789274
 1432.000000    0.778271
 1437.000000    0.743683
 1442.000000    0.739862
 1447.000000    0.731566
 1452.000000    0.722258
 1457.000000    0.747600
 1462.000000    0.731036
 1467.000000    0.743046
 1472.000000    0.751153
 1477.000000    0.740097
 1482.000000    0.726816
 1487.000000    0.757340
 1492.000000    0.747575
 1497.000000    0.748409
 1502.000000    0.736302
 1507.000000    0.715369
 1512.000000    0.721498
 1517.000000    0.720764
 1522.000000    0.721992
 1527.000000    0.729223
 1532.000000    0.744368
 1537.000000    0.745237
 1542.000000    0.732111
 1547.000000    0.723648
 1552.000000    0.726492
 1557.000000    0.744868
 1562.000000    0.748343
 1567.000000    0.748383
 1572.000000    0.779858
 1577.000000    0.789924
 1582.000000    0.807758
 1587.000000    0.810981
 1592.000000    0.790864
 1597.000000    0.808306
 1602.000000    0.820356
 1607.000000    0.811414
 1612.000000    0.804995
 1617.000000    0.800509
 1622.000000    0.797098
 1627.000000    0.802994
 1632.000000    0.800141
 1637.000000    0.778649
 1642.000000    0.774155
 1647.000000    0.765256
 1652.000000    0.725817
 1657.000000    0.704093
 1662.000000    0.716182
 1667.000000    0.727183
 1672.000000    0.743890
 1677.000000    0.776993
 1682.000000    0.799720
 1687.000000    0.817773
 1692.000000    0.827857
 1697.000000    0.835239
 1702.000000    0.819519
 1707.000000    0.799154
 1712.000000    0.790841
 1717.000000    0.768547
 1722.000000    0.727680
 1727.000000    0.717607
 1732.000000    0.703790
 1737.000000    0.736889
 1742.000000    0.753396
 1747.000000    0.743357
 1752.000000    0.711884
 1757.000000    0.708330
 1762.000000    0.696410
 1767.000000    0.672365
 1772.000000    0.667403
 1777.000000    0.677672
 1782.000000    0.705136
 1787.000000    0.746594
 1792.000000    0.749964
 1797.000000    0.752422
 1802.000000    0.744563
 1807.000000    0.737867
 1812.000000    0.757145
 1817.000000    0.754723
 1822.000000    0.745488
 1827.000000    0.751757
 1832.000000    0.727346
 1837.000000    0.730946
