#  pixel_depth  alphabetafraction   >  Analysis of alpha beta fraction
   49.000000    0.770009
   54.000000    0.772327
   59.000000    0.770226
   64.000000    0.771280
   69.000000    0.776852
   74.000000    0.775325
   79.000000    0.776359
   84.000000    0.771952
   89.000000    0.776358
   94.000000    0.776475
   99.000000    0.768243
  104.000000    0.747810
  109.000000    0.759972
  114.000000    0.764627
  119.000000    0.746188
  124.000000    0.744047
  129.000000    0.711082
  134.000000    0.699473
  139.000000    0.686168
  144.000000    0.663984
  149.000000    0.653428
  154.000000    0.663521
  159.000000    0.691310
  164.000000    0.711951
  169.000000    0.724378
  174.000000    0.761660
  179.000000    0.785480
  184.000000    0.802646
  189.000000    0.810256
  194.000000    0.810608
  199.000000    0.792259
  204.000000    0.788908
  209.000000    0.791920
  214.000000    0.778387
  219.000000    0.762393
  224.000000    0.735996
  229.000000    0.729634
  234.000000    0.725522
  239.000000    0.721410
  244.000000    0.722567
  249.000000    0.735486
  254.000000    0.738482
  259.000000    0.741032
  264.000000    0.739338
  269.000000    0.743828
  274.000000    0.789704
  279.000000    0.810867
  284.000000    0.816386
  289.000000    0.823274
  294.000000    0.817268
  299.000000    0.786593
  304.000000    0.745724
  309.000000    0.756740
  314.000000    0.753197
  319.000000    0.752796
  324.000000    0.755055
  329.000000    0.746510
  334.000000    0.737948
  339.000000    0.717421
  344.000000    0.692321
  349.000000    0.701387
  354.000000    0.732515
  359.000000    0.727916
  364.000000    0.710645
  369.000000    0.701519
  374.000000    0.712680
  379.000000    0.720134
  384.000000    0.751811
  389.000000    0.767322
  394.000000    0.743716
  399.000000    0.730313
  404.000000    0.709504
  409.000000    0.706126
  414.000000    0.691543
  419.000000    0.659055
  424.000000    0.626210
  429.000000    0.562464
  434.000000    0.507059
  439.000000    0.505281
  444.000000    0.534272
  449.000000    0.564255
  454.000000    0.592157
  459.000000    0.611036
  464.000000    0.611997
  469.000000    0.634886
  474.000000    0.666453
  479.000000    0.702999
  484.000000    0.727595
  489.000000    0.737015
  494.000000    0.747451
  499.000000    0.756117
  504.000000    0.752516
  509.000000    0.724934
  514.000000    0.711767
  519.000000    0.713159
  524.000000    0.681261
  529.000000    0.663189
  534.000000    0.671279
  539.000000    0.687446
  544.000000    0.701211
  549.000000    0.724560
  554.000000    0.721396
  559.000000    0.709124
  564.000000    0.711920
  569.000000    0.705759
  574.000000    0.718389
  579.000000    0.736429
  584.000000    0.743252
  589.000000    0.745114
  594.000000    0.775258
  599.000000    0.786514
  604.000000    0.785776
  609.000000    0.788623
  614.000000    0.789876
  619.000000    0.790828
  624.000000    0.774020
  629.000000    0.740871
  634.000000    0.728880
  639.000000    0.701333
  644.000000    0.711856
  649.000000    0.695483
  654.000000    0.664337
  659.000000    0.684751
  664.000000    0.718487
  669.000000    0.701251
  674.000000    0.722381
  679.000000    0.738864
  684.000000    0.732815
  689.000000    0.757103
  694.000000    0.766288
  699.000000    0.772988
  704.000000    0.778453
  709.000000    0.799427
  714.000000    0.785084
  719.000000    0.772631
  724.000000    0.763276
  729.000000    0.772944
  734.000000    0.790487
  739.000000    0.791615
  744.000000    0.775034
  749.000000    0.763715
  754.000000    0.730093
  759.000000    0.741906
  764.000000    0.737375
  769.000000    0.723971
  774.000000    0.716717
  779.000000    0.722972
  784.000000    0.725863
  789.000000    0.716867
  794.000000    0.711445
  799.000000    0.736382
  804.000000    0.755635
  809.000000    0.763835
  814.000000    0.787990
  819.000000    0.773737
  824.000000    0.747444
  829.000000    0.712446
  834.000000    0.705907
  839.000000    0.685638
  844.000000    0.688471
  849.000000    0.711946
  854.000000    0.746938
  859.000000    0.770165
  864.000000    0.760572
  869.000000    0.748322
  874.000000    0.743533
  879.000000    0.762949
  884.000000    0.755918
  889.000000    0.751419
  894.000000    0.737130
  899.000000    0.710131
  904.000000    0.689015
  909.000000    0.688414
  914.000000    0.698968
  919.000000    0.703399
  924.000000    0.706063
  929.000000    0.705384
  934.000000    0.697257
  939.000000    0.697435
  944.000000    0.687020
  949.000000    0.663423
  954.000000    0.691008
  959.000000    0.732600
  964.000000    0.755756
  969.000000    0.745649
  974.000000    0.727025
  979.000000    0.712304
  984.000000    0.696085
  989.000000    0.683328
  994.000000    0.664763
  999.000000    0.652187
 1004.000000    0.626527
 1009.000000    0.608032
 1014.000000    0.556961
 1019.000000    0.546904
 1024.000000    0.533598
 1029.000000    0.514889
 1034.000000    0.547417
 1039.000000    0.608341
 1044.000000    0.643456
 1049.000000    0.687055
 1054.000000    0.699432
 1059.000000    0.725191
 1064.000000    0.722364
 1069.000000    0.747041
 1074.000000    0.759207
 1079.000000    0.751276
 1084.000000    0.736420
 1089.000000    0.741551
 1094.000000    0.753276
 1099.000000    0.713359
 1104.000000    0.698440
 1109.000000    0.715844
 1114.000000    0.734267
 1119.000000    0.740328
 1124.000000    0.739715
 1129.000000    0.755288
 1134.000000    0.770288
 1139.000000    0.798713
 1144.000000    0.810419
 1149.000000    0.820509
 1154.000000    0.818827
 1159.000000    0.815825
 1164.000000    0.803062
 1169.000000    0.788413
 1174.000000    0.775548
 1179.000000    0.754036
 1184.000000    0.738543
 1189.000000    0.744047
 1194.000000    0.734008
 1199.000000    0.717483
 1204.000000    0.714236
 1209.000000    0.690467
 1214.000000    0.688577
 1219.000000    0.696873
 1224.000000    0.701986
 1229.000000    0.714723
 1234.000000    0.732899
 1239.000000    0.743101
 1244.000000    0.745497
 1249.000000    0.737351
 1254.000000    0.741807
 1259.000000    0.753406
 1264.000000    0.768260
 1269.000000    0.791658
 1274.000000    0.795276
 1279.000000    0.785373
 1284.000000    0.773057
 1289.000000    0.754818
 1294.000000    0.711757
 1299.000000    0.689609
 1304.000000    0.673979
 1309.000000    0.666895
 1314.000000    0.685520
 1319.000000    0.701517
 1324.000000    0.704371
 1329.000000    0.688676
 1334.000000    0.689560
 1339.000000    0.679664
 1344.000000    0.669858
 1349.000000    0.662856
 1354.000000    0.649688
 1359.000000    0.651256
 1364.000000    0.647430
 1369.000000    0.661802
 1374.000000    0.700408
 1379.000000    0.734566
 1384.000000    0.771751
 1389.000000    0.762942
 1394.000000    0.757368
 1399.000000    0.762588
 1404.000000    0.751840
 1409.000000    0.711826
 1414.000000    0.698043
 1419.000000    0.687769
 1424.000000    0.684527
 1429.000000    0.705289
 1434.000000    0.738851
 1439.000000    0.752086
 1444.000000    0.768196
 1449.000000    0.777757
 1454.000000    0.774986
 1459.000000    0.772427
 1464.000000    0.774937
 1469.000000    0.776662
 1474.000000    0.769880
 1479.000000    0.775232
 1484.000000    0.773118
 1489.000000    0.765049
 1494.000000    0.762108
 1499.000000    0.768269
 1504.000000    0.762975
 1509.000000    0.731746
 1514.000000    0.700300
 1519.000000    0.674788
 1524.000000    0.673895
 1529.000000    0.714119
 1534.000000    0.711277
 1539.000000    0.743731
 1544.000000    0.749936
 1549.000000    0.760720
 1554.000000    0.778797
 1559.000000    0.777004
 1564.000000    0.767928
 1569.000000    0.766250
 1574.000000    0.750251
 1579.000000    0.764187
 1584.000000    0.761113
 1589.000000    0.756485
 1594.000000    0.754459
 1599.000000    0.737895
 1604.000000    0.722155
 1609.000000    0.711406
 1614.000000    0.711408
 1619.000000    0.711064
 1624.000000    0.722346
 1629.000000    0.739584
 1634.000000    0.735382
 1639.000000    0.718171
 1644.000000    0.717284
 1649.000000    0.721197
 1654.000000    0.699789
 1659.000000    0.696754
 1664.000000    0.661435
 1669.000000    0.693698
 1674.000000    0.749443
 1679.000000    0.756937
 1684.000000    0.759359
 1689.000000    0.768390
 1694.000000    0.779912
 1699.000000    0.769379
 1704.000000    0.756477
 1709.000000    0.745492
 1714.000000    0.748708
 1719.000000    0.743002
 1724.000000    0.720969
 1729.000000    0.695970
 1734.000000    0.655032
 1739.000000    0.640815
 1744.000000    0.632022
 1749.000000    0.634256
 1754.000000    0.632035
 1759.000000    0.631150
 1764.000000    0.635732
 1769.000000    0.654137
 1774.000000    0.711689
 1779.000000    0.746460
 1784.000000    0.784186
 1789.000000    0.812850
 1794.000000    0.839617
 1799.000000    0.858854
 1804.000000    0.859603
