#  pixel_depth  alphabetafraction   >  Analysis of alpha beta fraction
   78.000000    0.628760
   83.000000    0.623015
   88.000000    0.599112
   93.000000    0.612258
   98.000000    0.623250
  103.000000    0.629324
  108.000000    0.597307
  113.000000    0.608195
  118.000000    0.630698
  123.000000    0.664601
  128.000000    0.705721
  133.000000    0.746105
  138.000000    0.752212
  143.000000    0.738028
  148.000000    0.720260
  153.000000    0.706372
  158.000000    0.673205
  163.000000    0.672907
  168.000000    0.698369
  173.000000    0.694837
  178.000000    0.672666
  183.000000    0.646982
  188.000000    0.640696
  193.000000    0.635362
  198.000000    0.651561
  203.000000    0.656404
  208.000000    0.661093
  213.000000    0.688105
  218.000000    0.681655
  223.000000    0.662583
  228.000000    0.663972
  233.000000    0.635237
  238.000000    0.616569
  243.000000    0.586992
  248.000000    0.576435
  253.000000    0.547191
  258.000000    0.564867
  263.000000    0.524472
  268.000000    0.515306
  273.000000    0.490836
  278.000000    0.483253
  283.000000    0.483518
  288.000000    0.525729
  293.000000    0.590494
  298.000000    0.634351
  303.000000    0.636306
  308.000000    0.643738
  313.000000    0.673344
  318.000000    0.670691
  323.000000    0.680176
  328.000000    0.702256
  333.000000    0.672236
  338.000000    0.621840
  343.000000    0.623611
  348.000000    0.617105
  353.000000    0.634520
  358.000000    0.591819
  363.000000    0.622793
  368.000000    0.613127
  373.000000    0.636523
  378.000000    0.669570
  383.000000    0.650307
  388.000000    0.648532
  393.000000    0.642310
  398.000000    0.629006
  403.000000    0.670314
  408.000000    0.662378
  413.000000    0.650931
  418.000000    0.640242
  423.000000    0.659820
  428.000000    0.673542
  433.000000    0.685536
  438.000000    0.714707
  443.000000    0.739501
  448.000000    0.753543
  453.000000    0.764016
  458.000000    0.761602
  463.000000    0.762397
  468.000000    0.770310
  473.000000    0.734675
  478.000000    0.706011
  483.000000    0.660114
  488.000000    0.637926
  493.000000    0.603820
  498.000000    0.595882
  503.000000    0.609495
  508.000000    0.640326
  513.000000    0.626818
  518.000000    0.599572
  523.000000    0.634746
  528.000000    0.633140
  533.000000    0.595741
  538.000000    0.587601
  543.000000    0.575513
  548.000000    0.569849
  553.000000    0.568091
  558.000000    0.578635
  563.000000    0.604690
  568.000000    0.656216
  573.000000    0.657291
  578.000000    0.670298
  583.000000    0.713215
  588.000000    0.703643
  593.000000    0.675897
  598.000000    0.665220
  603.000000    0.655557
  608.000000    0.671136
  613.000000    0.694273
  618.000000    0.712965
  623.000000    0.680947
  628.000000    0.658417
  633.000000    0.649857
  638.000000    0.644287
  643.000000    0.628905
  648.000000    0.609336
  653.000000    0.641544
  658.000000    0.643702
  663.000000    0.696422
  668.000000    0.715151
  673.000000    0.721172
  678.000000    0.720059
  683.000000    0.711351
  688.000000    0.699043
  693.000000    0.675707
  698.000000    0.626208
  703.000000    0.613359
  708.000000    0.611757
  713.000000    0.623852
  718.000000    0.666129
  723.000000    0.704099
  728.000000    0.729142
  733.000000    0.738769
  738.000000    0.745442
  743.000000    0.765352
  748.000000    0.778283
  753.000000    0.766917
  758.000000    0.768822
  763.000000    0.758990
  768.000000    0.759770
  773.000000    0.764364
  778.000000    0.734647
  783.000000    0.713561
  788.000000    0.685063
  793.000000    0.659126
  798.000000    0.654497
  803.000000    0.621393
  808.000000    0.615710
  813.000000    0.633742
  818.000000    0.659608
  823.000000    0.673442
  828.000000    0.662632
  833.000000    0.621459
  838.000000    0.635710
  843.000000    0.705963
  848.000000    0.736855
  853.000000    0.748562
  858.000000    0.764674
  863.000000    0.768192
  868.000000    0.752205
  873.000000    0.735330
  878.000000    0.733372
  883.000000    0.718968
  888.000000    0.711919
  893.000000    0.725243
  898.000000    0.746410
  903.000000    0.767069
  908.000000    0.761965
  913.000000    0.761664
  918.000000    0.748166
  923.000000    0.731565
  928.000000    0.774664
  933.000000    0.786415
  938.000000    0.780687
  943.000000    0.782476
  948.000000    0.799072
  953.000000    0.789448
  958.000000    0.745242
  963.000000    0.701541
  968.000000    0.672403
  973.000000    0.659699
  978.000000    0.634194
  983.000000    0.616215
  988.000000    0.604353
  993.000000    0.591373
  998.000000    0.561461
 1003.000000    0.570191
 1008.000000    0.596946
 1013.000000    0.604439
 1018.000000    0.570143
 1023.000000    0.569835
 1028.000000    0.577291
 1033.000000    0.591095
 1038.000000    0.690452
 1043.000000    0.726755
 1048.000000    0.740719
 1053.000000    0.776499
 1058.000000    0.793053
 1063.000000    0.796859
 1068.000000    0.803690
 1073.000000    0.798181
 1078.000000    0.797625
 1083.000000    0.817266
 1088.000000    0.787226
 1093.000000    0.758774
 1098.000000    0.728680
 1103.000000    0.701767
 1108.000000    0.675598
 1113.000000    0.652498
 1118.000000    0.665394
 1123.000000    0.639232
 1128.000000    0.627840
 1133.000000    0.617044
 1138.000000    0.623301
 1143.000000    0.644382
 1148.000000    0.656100
 1153.000000    0.684456
 1158.000000    0.682056
 1163.000000    0.702636
 1168.000000    0.729480
 1173.000000    0.725189
 1178.000000    0.758243
 1183.000000    0.769031
 1188.000000    0.768297
 1193.000000    0.745051
 1198.000000    0.726318
 1203.000000    0.691838
 1208.000000    0.646205
 1213.000000    0.636180
 1218.000000    0.638263
 1223.000000    0.627872
 1228.000000    0.632939
 1233.000000    0.628416
 1238.000000    0.613524
 1243.000000    0.596910
 1248.000000    0.555572
 1253.000000    0.533419
 1258.000000    0.530921
 1263.000000    0.555579
 1268.000000    0.592524
 1273.000000    0.634849
 1278.000000    0.651995
 1283.000000    0.649533
 1288.000000    0.650284
 1293.000000    0.679338
 1298.000000    0.689664
 1303.000000    0.693184
 1308.000000    0.674675
 1313.000000    0.638310
 1318.000000    0.666256
 1323.000000    0.657926
 1328.000000    0.644522
 1333.000000    0.636007
 1338.000000    0.651345
 1343.000000    0.646227
 1348.000000    0.667046
 1353.000000    0.666110
 1358.000000    0.670920
 1363.000000    0.669495
 1368.000000    0.707481
 1373.000000    0.750985
 1378.000000    0.746479
 1383.000000    0.745340
 1388.000000    0.755859
 1393.000000    0.765993
 1398.000000    0.756718
 1403.000000    0.761830
 1408.000000    0.758350
 1413.000000    0.751401
 1418.000000    0.749766
 1423.000000    0.743738
 1428.000000    0.731873
 1433.000000    0.736892
 1438.000000    0.762011
 1443.000000    0.778029
 1448.000000    0.789390
 1453.000000    0.773026
 1458.000000    0.764643
 1463.000000    0.759059
 1468.000000    0.739715
 1473.000000    0.750302
 1478.000000    0.753547
 1483.000000    0.736237
 1488.000000    0.743199
 1493.000000    0.730708
 1498.000000    0.719259
 1503.000000    0.667324
 1508.000000    0.651577
 1513.000000    0.659826
 1518.000000    0.635867
 1523.000000    0.620035
 1528.000000    0.622810
 1533.000000    0.649737
 1538.000000    0.654659
 1543.000000    0.668939
 1548.000000    0.686757
 1553.000000    0.657337
 1558.000000    0.682508
 1563.000000    0.713261
 1568.000000    0.716876
 1573.000000    0.729328
 1578.000000    0.737582
 1583.000000    0.770892
 1588.000000    0.780427
 1593.000000    0.790274
 1598.000000    0.753577
 1603.000000    0.738406
 1608.000000    0.736436
 1613.000000    0.730925
 1618.000000    0.726278
 1623.000000    0.688677
 1628.000000    0.652166
 1633.000000    0.638031
 1638.000000    0.653027
 1643.000000    0.668109
 1648.000000    0.665938
 1653.000000    0.666829
 1658.000000    0.683969
 1663.000000    0.690416
 1668.000000    0.707866
 1673.000000    0.749291
 1678.000000    0.750033
 1683.000000    0.744280
 1688.000000    0.747916
 1693.000000    0.745413
 1698.000000    0.756228
 1703.000000    0.753718
 1708.000000    0.740819
 1713.000000    0.713939
 1718.000000    0.688857
 1723.000000    0.675883
