#  pixel_depth  alphabetafraction   >  Analysis of alpha beta fraction
   59.000000    0.768722
   64.000000    0.747538
   69.000000    0.722303
   74.000000    0.744801
   79.000000    0.749930
   84.000000    0.721447
   89.000000    0.711963
   94.000000    0.649508
   99.000000    0.640218
  104.000000    0.655638
  109.000000    0.652032
  114.000000    0.653525
  119.000000    0.648958
  124.000000    0.652771
  129.000000    0.666436
  134.000000    0.672593
  139.000000    0.683503
  144.000000    0.681450
  149.000000    0.693081
  154.000000    0.683586
  159.000000    0.671457
  164.000000    0.691327
  169.000000    0.717997
  174.000000    0.725247
  179.000000    0.739262
  184.000000    0.729305
  189.000000    0.700900
  194.000000    0.682705
  199.000000    0.677397
  204.000000    0.660817
  209.000000    0.669267
  214.000000    0.659961
  219.000000    0.669768
  224.000000    0.675384
  229.000000    0.675854
  234.000000    0.665105
  239.000000    0.650512
  244.000000    0.654574
  249.000000    0.670662
  254.000000    0.683616
  259.000000    0.702601
  264.000000    0.690974
  269.000000    0.647182
  274.000000    0.633442
  279.000000    0.631159
  284.000000    0.629527
  289.000000    0.655193
  294.000000    0.660306
  299.000000    0.688335
  304.000000    0.694429
  309.000000    0.719705
  314.000000    0.730235
  319.000000    0.685161
  324.000000    0.689996
  329.000000    0.683037
  334.000000    0.685269
  339.000000    0.682762
  344.000000    0.685619
  349.000000    0.692105
  354.000000    0.697598
  359.000000    0.680027
  364.000000    0.641386
  369.000000    0.629783
  374.000000    0.661746
  379.000000    0.672481
  384.000000    0.670985
  389.000000    0.714953
  394.000000    0.740538
  399.000000    0.750143
  404.000000    0.755375
  409.000000    0.716508
  414.000000    0.676218
  419.000000    0.686542
  424.000000    0.728076
  429.000000    0.780844
  434.000000    0.826666
  439.000000    0.822155
  444.000000    0.818768
  449.000000    0.817845
  454.000000    0.805288
  459.000000    0.785586
  464.000000    0.792302
  469.000000    0.776660
  474.000000    0.765096
  479.000000    0.777061
  484.000000    0.767370
  489.000000    0.715460
  494.000000    0.666816
  499.000000    0.661957
  504.000000    0.634874
  509.000000    0.624565
  514.000000    0.639170
  519.000000    0.672102
  524.000000    0.683128
  529.000000    0.711689
  534.000000    0.747491
  539.000000    0.780661
  544.000000    0.763947
  549.000000    0.767602
  554.000000    0.798651
  559.000000    0.806225
  564.000000    0.791251
  569.000000    0.762722
  574.000000    0.745682
  579.000000    0.728072
  584.000000    0.729328
  589.000000    0.750367
  594.000000    0.704391
  599.000000    0.674289
  604.000000    0.700106
  609.000000    0.726197
  614.000000    0.740082
  619.000000    0.761371
  624.000000    0.777889
  629.000000    0.746396
  634.000000    0.738486
  639.000000    0.742697
  644.000000    0.758742
  649.000000    0.789594
  654.000000    0.811745
  659.000000    0.812002
  664.000000    0.795766
  669.000000    0.768935
  674.000000    0.755108
  679.000000    0.715824
  684.000000    0.689214
  689.000000    0.676362
  694.000000    0.702381
  699.000000    0.743432
  704.000000    0.767510
  709.000000    0.788388
  714.000000    0.780550
  719.000000    0.762889
  724.000000    0.748875
  729.000000    0.737468
  734.000000    0.734400
  739.000000    0.747333
  744.000000    0.756468
  749.000000    0.753757
  754.000000    0.765541
  759.000000    0.753119
  764.000000    0.738805
  769.000000    0.744485
  774.000000    0.752358
  779.000000    0.747134
  784.000000    0.702510
  789.000000    0.709292
  794.000000    0.693055
  799.000000    0.675699
  804.000000    0.674523
  809.000000    0.683317
  814.000000    0.708290
  819.000000    0.718700
  824.000000    0.710364
  829.000000    0.721118
  834.000000    0.740837
  839.000000    0.760648
  844.000000    0.761788
  849.000000    0.743783
  854.000000    0.763430
  859.000000    0.784638
  864.000000    0.788444
  869.000000    0.800865
  874.000000    0.790110
  879.000000    0.750700
  884.000000    0.722668
  889.000000    0.691378
  894.000000    0.698366
  899.000000    0.703744
  904.000000    0.671724
  909.000000    0.651180
  914.000000    0.664501
  919.000000    0.677523
  924.000000    0.702736
  929.000000    0.717506
  934.000000    0.738278
  939.000000    0.741509
  944.000000    0.721336
  949.000000    0.698690
  954.000000    0.680144
  959.000000    0.666556
  964.000000    0.670224
  969.000000    0.710422
  974.000000    0.732817
  979.000000    0.738706
  984.000000    0.706855
  989.000000    0.714289
  994.000000    0.743305
  999.000000    0.752133
 1004.000000    0.730572
 1009.000000    0.717153
 1014.000000    0.695338
 1019.000000    0.694909
 1024.000000    0.702828
 1029.000000    0.680527
 1034.000000    0.668090
 1039.000000    0.690210
 1044.000000    0.646396
 1049.000000    0.648858
 1054.000000    0.679934
 1059.000000    0.677331
 1064.000000    0.696514
 1069.000000    0.677841
 1074.000000    0.676864
 1079.000000    0.653709
 1084.000000    0.643800
 1089.000000    0.703022
 1094.000000    0.772421
 1099.000000    0.835738
 1104.000000    0.844171
 1109.000000    0.832335
 1114.000000    0.832285
 1119.000000    0.841962
 1124.000000    0.852715
 1129.000000    0.816922
 1134.000000    0.811723
 1139.000000    0.829905
 1144.000000    0.812476
 1149.000000    0.812576
 1154.000000    0.804218
 1159.000000    0.780059
 1164.000000    0.760512
 1169.000000    0.739826
 1174.000000    0.733043
 1179.000000    0.728397
 1184.000000    0.723744
 1189.000000    0.684591
 1194.000000    0.644407
 1199.000000    0.659707
 1204.000000    0.663329
 1209.000000    0.647795
 1214.000000    0.635463
 1219.000000    0.593162
 1224.000000    0.586831
 1229.000000    0.596148
 1234.000000    0.604579
 1239.000000    0.607800
 1244.000000    0.644620
 1249.000000    0.676275
 1254.000000    0.691241
 1259.000000    0.721207
 1264.000000    0.722201
 1269.000000    0.736162
 1274.000000    0.779658
 1279.000000    0.790929
 1284.000000    0.768333
 1289.000000    0.768659
 1294.000000    0.734480
 1299.000000    0.714476
 1304.000000    0.707412
 1309.000000    0.686429
 1314.000000    0.707864
 1319.000000    0.695717
 1324.000000    0.690588
 1329.000000    0.674860
 1334.000000    0.642473
 1339.000000    0.597380
 1344.000000    0.566187
 1349.000000    0.620326
 1354.000000    0.634583
 1359.000000    0.653984
 1364.000000    0.676453
 1369.000000    0.707815
 1374.000000    0.699055
 1379.000000    0.729793
 1384.000000    0.747164
 1389.000000    0.748874
 1394.000000    0.750644
 1399.000000    0.743762
 1404.000000    0.684810
 1409.000000    0.649860
 1414.000000    0.618918
 1419.000000    0.614864
 1424.000000    0.622945
 1429.000000    0.627505
 1434.000000    0.651139
 1439.000000    0.682113
 1444.000000    0.729050
 1449.000000    0.749226
 1454.000000    0.746731
 1459.000000    0.754399
 1464.000000    0.756832
 1469.000000    0.753808
 1474.000000    0.725025
 1479.000000    0.726417
 1484.000000    0.758446
 1489.000000    0.773309
 1494.000000    0.799027
 1499.000000    0.815703
 1504.000000    0.803012
 1509.000000    0.792040
 1514.000000    0.764478
 1519.000000    0.749277
 1524.000000    0.776184
 1529.000000    0.781830
 1534.000000    0.778508
 1539.000000    0.715165
 1544.000000    0.683931
 1549.000000    0.671269
 1554.000000    0.678057
 1559.000000    0.663177
 1564.000000    0.659437
 1569.000000    0.668070
 1574.000000    0.665438
 1579.000000    0.666829
 1584.000000    0.649596
 1589.000000    0.667055
 1594.000000    0.671544
 1599.000000    0.681107
 1604.000000    0.704734
 1609.000000    0.711738
 1614.000000    0.690106
 1619.000000    0.692709
 1624.000000    0.710155
 1629.000000    0.673306
 1634.000000    0.625633
 1639.000000    0.602028
 1644.000000    0.611382
 1649.000000    0.620029
 1654.000000    0.615871
 1659.000000    0.608492
 1664.000000    0.626262
 1669.000000    0.662758
 1674.000000    0.682621
 1679.000000    0.715682
 1684.000000    0.751826
 1689.000000    0.774647
 1694.000000    0.790308
 1699.000000    0.788856
 1704.000000    0.767034
 1709.000000    0.747823
 1714.000000    0.720439
 1719.000000    0.706442
 1724.000000    0.705025
 1729.000000    0.708518
 1734.000000    0.697980
 1739.000000    0.665890
 1744.000000    0.672662
 1749.000000    0.656476
 1754.000000    0.649656
 1759.000000    0.687866
 1764.000000    0.705996
 1769.000000    0.708604
 1774.000000    0.696140
 1779.000000    0.673858
 1784.000000    0.659731
 1789.000000    0.659375
 1794.000000    0.685715
 1799.000000    0.700472
 1804.000000    0.688670
 1809.000000    0.708432
 1814.000000    0.736164
 1819.000000    0.732408
 1824.000000    0.739721
 1829.000000    0.774986
 1834.000000    0.829158
 1839.000000    0.848155
 1844.000000    0.832006
 1849.000000    0.813272
 1854.000000    0.790525
 1859.000000    0.746510
 1864.000000    0.753501
 1869.000000    0.741993
 1874.000000    0.717327
 1879.000000    0.649801
