#  pixel_depth  alphabetafraction   >  Analysis of alpha beta fraction
   50.000000    0.750592
   55.000000    0.748231
   60.000000    0.738927
   65.000000    0.706238
   70.000000    0.671382
   75.000000    0.654887
   80.000000    0.641338
   85.000000    0.638943
   90.000000    0.679831
   95.000000    0.691691
  100.000000    0.696970
  105.000000    0.653202
  110.000000    0.625683
  115.000000    0.600765
  120.000000    0.601528
  125.000000    0.622866
  130.000000    0.641234
  135.000000    0.673690
  140.000000    0.697570
  145.000000    0.703677
  150.000000    0.717941
  155.000000    0.762472
  160.000000    0.774548
  165.000000    0.738283
  170.000000    0.731818
  175.000000    0.711909
  180.000000    0.675168
  185.000000    0.651967
  190.000000    0.612230
  195.000000    0.584148
  200.000000    0.544981
  205.000000    0.553603
  210.000000    0.561384
  215.000000    0.575783
  220.000000    0.585122
  225.000000    0.626193
  230.000000    0.667649
  235.000000    0.699370
  240.000000    0.731154
  245.000000    0.765952
  250.000000    0.780470
  255.000000    0.792657
  260.000000    0.777737
  265.000000    0.755092
  270.000000    0.732360
  275.000000    0.711066
  280.000000    0.695651
  285.000000    0.698508
  290.000000    0.686488
  295.000000    0.677769
  300.000000    0.660561
  305.000000    0.623320
  310.000000    0.613649
  315.000000    0.614860
  320.000000    0.611592
  325.000000    0.613960
  330.000000    0.598250
  335.000000    0.581979
  340.000000    0.566503
  345.000000    0.592832
  350.000000    0.591786
  355.000000    0.574477
  360.000000    0.583953
  365.000000    0.567079
  370.000000    0.560546
  375.000000    0.537931
  380.000000    0.548929
  385.000000    0.568265
  390.000000    0.555802
  395.000000    0.567882
  400.000000    0.599291
  405.000000    0.616271
  410.000000    0.646247
  415.000000    0.688198
  420.000000    0.707701
  425.000000    0.718650
  430.000000    0.710325
  435.000000    0.689689
  440.000000    0.674452
  445.000000    0.659071
  450.000000    0.642893
  455.000000    0.624760
  460.000000    0.586568
  465.000000    0.552681
  470.000000    0.512716
  475.000000    0.496930
  480.000000    0.506474
  485.000000    0.522231
  490.000000    0.555629
  495.000000    0.570795
  500.000000    0.589424
  505.000000    0.601202
  510.000000    0.599098
  515.000000    0.603417
  520.000000    0.614272
  525.000000    0.636923
  530.000000    0.657703
  535.000000    0.677639
  540.000000    0.675524
  545.000000    0.664153
  550.000000    0.652564
  555.000000    0.630700
  560.000000    0.625763
  565.000000    0.629589
  570.000000    0.603387
  575.000000    0.575666
  580.000000    0.587107
  585.000000    0.605337
  590.000000    0.604256
  595.000000    0.580410
  600.000000    0.533073
  605.000000    0.543100
  610.000000    0.563744
  615.000000    0.580621
  620.000000    0.607303
  625.000000    0.593906
  630.000000    0.581301
  635.000000    0.577244
  640.000000    0.586823
  645.000000    0.601228
  650.000000    0.622201
  655.000000    0.623528
  660.000000    0.600878
  665.000000    0.583658
  670.000000    0.574123
  675.000000    0.539392
  680.000000    0.514225
  685.000000    0.488257
  690.000000    0.494197
  695.000000    0.522096
  700.000000    0.535557
  705.000000    0.571792
  710.000000    0.568629
  715.000000    0.570453
  720.000000    0.559926
  725.000000    0.570687
  730.000000    0.610605
  735.000000    0.662904
  740.000000    0.695097
  745.000000    0.649917
  750.000000    0.645879
  755.000000    0.627263
  760.000000    0.623551
  765.000000    0.601886
  770.000000    0.607997
  775.000000    0.623270
  780.000000    0.593063
  785.000000    0.567621
  790.000000    0.540315
  795.000000    0.492060
  800.000000    0.505501
  805.000000    0.526823
  810.000000    0.544400
  815.000000    0.555100
  820.000000    0.564750
  825.000000    0.580749
  830.000000    0.617815
  835.000000    0.615485
  840.000000    0.626560
  845.000000    0.641463
  850.000000    0.643414
  855.000000    0.661142
  860.000000    0.645189
  865.000000    0.617530
  870.000000    0.610350
  875.000000    0.608961
  880.000000    0.563477
  885.000000    0.597261
  890.000000    0.599797
  895.000000    0.617720
  900.000000    0.609185
  905.000000    0.597701
  910.000000    0.579992
  915.000000    0.611124
  920.000000    0.587764
  925.000000    0.604911
  930.000000    0.591135
  935.000000    0.589167
  940.000000    0.563839
  945.000000    0.525125
  950.000000    0.526418
  955.000000    0.526593
  960.000000    0.509308
  965.000000    0.479783
  970.000000    0.473431
  975.000000    0.503227
  980.000000    0.507538
  985.000000    0.514656
  990.000000    0.554102
  995.000000    0.577843
 1000.000000    0.569275
 1005.000000    0.582247
 1010.000000    0.612776
 1015.000000    0.603122
 1020.000000    0.603656
 1025.000000    0.638493
 1030.000000    0.654099
 1035.000000    0.638335
 1040.000000    0.638546
 1045.000000    0.668403
 1050.000000    0.654156
 1055.000000    0.648197
 1060.000000    0.661085
 1065.000000    0.666815
 1070.000000    0.665010
 1075.000000    0.629513
 1080.000000    0.611561
 1085.000000    0.561686
 1090.000000    0.549096
 1095.000000    0.559831
 1100.000000    0.539698
 1105.000000    0.500324
 1110.000000    0.503075
 1115.000000    0.513216
 1120.000000    0.560455
 1125.000000    0.615741
 1130.000000    0.621798
 1135.000000    0.662380
 1140.000000    0.675527
 1145.000000    0.693551
 1150.000000    0.669056
 1155.000000    0.644062
 1160.000000    0.646295
 1165.000000    0.637934
 1170.000000    0.624359
 1175.000000    0.597462
 1180.000000    0.572327
 1185.000000    0.565836
 1190.000000    0.579780
 1195.000000    0.599869
 1200.000000    0.607896
 1205.000000    0.561619
 1210.000000    0.569645
 1215.000000    0.588711
 1220.000000    0.583697
 1225.000000    0.580273
 1230.000000    0.555116
 1235.000000    0.529122
 1240.000000    0.521676
 1245.000000    0.504444
 1250.000000    0.532195
 1255.000000    0.547600
 1260.000000    0.559811
 1265.000000    0.572396
 1270.000000    0.586150
 1275.000000    0.585461
 1280.000000    0.583411
 1285.000000    0.588504
 1290.000000    0.578803
 1295.000000    0.582809
 1300.000000    0.584519
 1305.000000    0.586980
 1310.000000    0.590857
 1315.000000    0.598140
 1320.000000    0.609520
 1325.000000    0.588461
 1330.000000    0.579949
 1335.000000    0.518745
 1340.000000    0.502048
 1345.000000    0.482015
 1350.000000    0.494884
 1355.000000    0.539992
 1360.000000    0.572414
 1365.000000    0.596502
 1370.000000    0.645895
 1375.000000    0.661544
 1380.000000    0.666848
 1385.000000    0.657876
 1390.000000    0.643551
 1395.000000    0.654469
 1400.000000    0.617831
 1405.000000    0.593323
 1410.000000    0.581702
 1415.000000    0.566427
 1420.000000    0.581712
 1425.000000    0.549398
 1430.000000    0.528646
 1435.000000    0.541154
 1440.000000    0.556334
 1445.000000    0.560822
 1450.000000    0.565917
 1455.000000    0.590659
 1460.000000    0.649742
 1465.000000    0.684607
 1470.000000    0.700598
 1475.000000    0.723835
 1480.000000    0.723495
 1485.000000    0.728443
 1490.000000    0.713127
 1495.000000    0.665745
 1500.000000    0.633644
 1505.000000    0.620654
 1510.000000    0.581579
 1515.000000    0.620740
 1520.000000    0.635599
 1525.000000    0.632242
 1530.000000    0.594773
 1535.000000    0.550800
 1540.000000    0.537084
 1545.000000    0.577280
 1550.000000    0.598563
 1555.000000    0.591462
 1560.000000    0.573853
 1565.000000    0.559992
 1570.000000    0.535897
 1575.000000    0.527825
 1580.000000    0.512031
 1585.000000    0.547473
 1590.000000    0.590797
 1595.000000    0.628255
 1600.000000    0.650963
 1605.000000    0.676366
 1610.000000    0.693375
 1615.000000    0.723304
 1620.000000    0.754236
 1625.000000    0.770160
 1630.000000    0.768359
 1635.000000    0.746685
 1640.000000    0.708803
 1645.000000    0.652150
 1650.000000    0.610977
 1655.000000    0.575196
 1660.000000    0.519822
 1665.000000    0.508822
 1670.000000    0.527421
 1675.000000    0.548313
 1680.000000    0.582544
 1685.000000    0.594676
 1690.000000    0.595888
 1695.000000    0.588946
 1700.000000    0.599582
 1705.000000    0.624862
 1710.000000    0.617000
 1715.000000    0.619689
 1720.000000    0.615004
 1725.000000    0.607492
 1730.000000    0.623257
