#  pixel_depth  alphabetafraction   >  Analysis of alpha beta fraction
  288.000000    0.548082
  293.000000    0.532115
  298.000000    0.524126
  303.000000    0.519533
  308.000000    0.525112
  313.000000    0.539287
  318.000000    0.552366
  323.000000    0.548733
  328.000000    0.578660
  333.000000    0.589224
  338.000000    0.623316
  343.000000    0.639569
  348.000000    0.656121
  353.000000    0.674930
  358.000000    0.679665
  363.000000    0.663620
  368.000000    0.672666
  373.000000    0.673393
  378.000000    0.691736
  383.000000    0.709389
  388.000000    0.681856
  393.000000    0.670695
  398.000000    0.634750
  403.000000    0.632749
  408.000000    0.616227
  413.000000    0.592237
  418.000000    0.619148
  423.000000    0.639690
  428.000000    0.632934
  433.000000    0.647196
  438.000000    0.648200
  443.000000    0.662555
  448.000000    0.675431
  453.000000    0.661053
  458.000000    0.645388
  463.000000    0.633102
  468.000000    0.648608
  473.000000    0.644232
  478.000000    0.634403
  483.000000    0.646525
  488.000000    0.652123
  493.000000    0.637619
  498.000000    0.661370
  503.000000    0.648734
  508.000000    0.641219
  513.000000    0.614007
  518.000000    0.603246
  523.000000    0.627010
  528.000000    0.621661
  533.000000    0.614646
  538.000000    0.609560
  543.000000    0.616415
  548.000000    0.604537
  553.000000    0.596131
  558.000000    0.607056
  563.000000    0.626435
  568.000000    0.681366
  573.000000    0.693766
  578.000000    0.706275
  583.000000    0.686464
  588.000000    0.640889
  593.000000    0.646429
  598.000000    0.659112
  603.000000    0.664622
  608.000000    0.663467
  613.000000    0.662330
  618.000000    0.667377
  623.000000    0.685541
  628.000000    0.724110
  633.000000    0.712634
  638.000000    0.755373
  643.000000    0.778852
  648.000000    0.776214
  653.000000    0.780702
  658.000000    0.767362
  663.000000    0.761107
  668.000000    0.729701
  673.000000    0.705166
  678.000000    0.690589
  683.000000    0.671051
  688.000000    0.666374
  693.000000    0.654531
  698.000000    0.637112
  703.000000    0.633351
  708.000000    0.651778
  713.000000    0.640887
  718.000000    0.631419
  723.000000    0.614267
  728.000000    0.586683
  733.000000    0.584915
  738.000000    0.611728
  743.000000    0.626330
  748.000000    0.653776
  753.000000    0.653847
  758.000000    0.649080
  763.000000    0.635495
  768.000000    0.603323
  773.000000    0.572818
  778.000000    0.547481
  783.000000    0.538502
  788.000000    0.499096
  793.000000    0.482966
  798.000000    0.454205
  803.000000    0.468366
  808.000000    0.476309
  813.000000    0.494323
  818.000000    0.482669
  823.000000    0.501704
  828.000000    0.513587
  833.000000    0.510418
  838.000000    0.502457
  843.000000    0.479177
  848.000000    0.499022
  853.000000    0.513715
  858.000000    0.581347
  863.000000    0.607472
  868.000000    0.630853
  873.000000    0.633130
  878.000000    0.646280
  883.000000    0.681342
  888.000000    0.696200
  893.000000    0.734451
  898.000000    0.752687
  903.000000    0.768490
  908.000000    0.773988
  913.000000    0.770568
  918.000000    0.756054
  923.000000    0.743851
  928.000000    0.740347
  933.000000    0.726305
  938.000000    0.704688
  943.000000    0.697841
  948.000000    0.688880
  953.000000    0.668351
  958.000000    0.646866
  963.000000    0.606028
  968.000000    0.602699
  973.000000    0.632504
  978.000000    0.662737
  983.000000    0.683843
  988.000000    0.686437
  993.000000    0.682239
  998.000000    0.650689
 1003.000000    0.644551
 1008.000000    0.647022
 1013.000000    0.654430
 1018.000000    0.668824
 1023.000000    0.660102
 1028.000000    0.652990
 1033.000000    0.658321
 1038.000000    0.686727
 1043.000000    0.707012
 1048.000000    0.721390
 1053.000000    0.712555
 1058.000000    0.718803
 1063.000000    0.721649
 1068.000000    0.712270
 1073.000000    0.682433
 1078.000000    0.667597
 1083.000000    0.650096
 1088.000000    0.648633
 1093.000000    0.641688
 1098.000000    0.642832
 1103.000000    0.635842
 1108.000000    0.627033
 1113.000000    0.617231
 1118.000000    0.602733
 1123.000000    0.616308
 1128.000000    0.635391
 1133.000000    0.660400
 1138.000000    0.678559
 1143.000000    0.648781
 1148.000000    0.624270
 1153.000000    0.631031
 1158.000000    0.610465
 1163.000000    0.586878
 1168.000000    0.584200
 1173.000000    0.584858
 1178.000000    0.593132
 1183.000000    0.610073
 1188.000000    0.623122
 1193.000000    0.640737
 1198.000000    0.664553
 1203.000000    0.688237
 1208.000000    0.685682
 1213.000000    0.656185
 1218.000000    0.653040
 1223.000000    0.643002
 1228.000000    0.628706
 1233.000000    0.608043
 1238.000000    0.595085
 1243.000000    0.589764
 1248.000000    0.569022
 1253.000000    0.566558
 1258.000000    0.582505
 1263.000000    0.622330
 1268.000000    0.600921
 1273.000000    0.597868
 1278.000000    0.558342
 1283.000000    0.511461
 1288.000000    0.514454
 1293.000000    0.534115
 1298.000000    0.563807
 1303.000000    0.618431
 1308.000000    0.665656
 1313.000000    0.675837
 1318.000000    0.691143
 1323.000000    0.678488
 1328.000000    0.679935
 1333.000000    0.706056
 1338.000000    0.705545
 1343.000000    0.703152
 1348.000000    0.701360
 1353.000000    0.701007
 1358.000000    0.697943
 1363.000000    0.687858
 1368.000000    0.666002
 1373.000000    0.657513
 1378.000000    0.656149
 1383.000000    0.656472
 1388.000000    0.658965
 1393.000000    0.666167
 1398.000000    0.665943
 1403.000000    0.697769
 1408.000000    0.770611
 1413.000000    0.793876
 1418.000000    0.798993
 1423.000000    0.767722
 1428.000000    0.737623
 1433.000000    0.694494
 1438.000000    0.652939
 1443.000000    0.619461
 1448.000000    0.610920
 1453.000000    0.598419
 1458.000000    0.555527
 1463.000000    0.518415
 1468.000000    0.492126
 1473.000000    0.515133
 1478.000000    0.583697
 1483.000000    0.613820
 1488.000000    0.626006
 1493.000000    0.634991
 1498.000000    0.630885
 1503.000000    0.627216
 1508.000000    0.663225
 1513.000000    0.690622
 1518.000000    0.702638
 1523.000000    0.736040
 1528.000000    0.764518
 1533.000000    0.750043
 1538.000000    0.758691
 1543.000000    0.759794
 1548.000000    0.736716
 1553.000000    0.718469
 1558.000000    0.697627
 1563.000000    0.703028
 1568.000000    0.729560
 1573.000000    0.732149
 1578.000000    0.724843
 1583.000000    0.745700
 1588.000000    0.722471
 1593.000000    0.685809
 1598.000000    0.671611
 1603.000000    0.653437
 1608.000000    0.637519
 1613.000000    0.639573
 1618.000000    0.676465
 1623.000000    0.676700
 1628.000000    0.692147
 1633.000000    0.709779
 1638.000000    0.754011
 1643.000000    0.765541
 1648.000000    0.756778
 1653.000000    0.738233
 1658.000000    0.739002
 1663.000000    0.733745
 1668.000000    0.702573
 1673.000000    0.676304
 1678.000000    0.643111
 1683.000000    0.596532
 1688.000000    0.582161
 1693.000000    0.597042
 1698.000000    0.596298
 1703.000000    0.587745
 1708.000000    0.575485
 1713.000000    0.560863
 1718.000000    0.507742
 1723.000000    0.490008
 1728.000000    0.461345
 1733.000000    0.491796
 1738.000000    0.516121
 1743.000000    0.536173
 1748.000000    0.591921
 1753.000000    0.648295
 1758.000000    0.667803
 1763.000000    0.707076
 1768.000000    0.726310
 1773.000000    0.718144
 1778.000000    0.718807
 1783.000000    0.715156
 1788.000000    0.725850
 1793.000000    0.737465
 1798.000000    0.739877
 1803.000000    0.728212
 1808.000000    0.712759
 1813.000000    0.713249
 1818.000000    0.700758
 1823.000000    0.705821
 1828.000000    0.667428
 1833.000000    0.624957
 1838.000000    0.605551
 1843.000000    0.582646
 1848.000000    0.566590
 1853.000000    0.589370
 1858.000000    0.584919
 1863.000000    0.585271
 1868.000000    0.606577
 1873.000000    0.574232
 1878.000000    0.544794
 1883.000000    0.537335
