#  pixel_depth  alphabetafraction   >  Analysis of alpha beta fraction
   33.000000    0.720622
   38.000000    0.678695
   43.000000    0.697761
   48.000000    0.698141
   53.000000    0.691805
   58.000000    0.738239
   63.000000    0.735922
   68.000000    0.719748
   73.000000    0.685386
   78.000000    0.698868
   83.000000    0.695164
   88.000000    0.679449
   93.000000    0.692852
   98.000000    0.667639
  103.000000    0.653089
  108.000000    0.627789
  113.000000    0.644214
  118.000000    0.746856
  123.000000    0.793807
  128.000000    0.817639
  133.000000    0.815763
  138.000000    0.790689
  143.000000    0.772038
  148.000000    0.739106
  153.000000    0.736218
  158.000000    0.735330
  163.000000    0.746782
  168.000000    0.744910
  173.000000    0.743021
  178.000000    0.754905
  183.000000    0.721395
  188.000000    0.717608
  193.000000    0.734897
  198.000000    0.747972
  203.000000    0.766365
  208.000000    0.779956
  213.000000    0.778375
  218.000000    0.757905
  223.000000    0.744020
  228.000000    0.723382
  233.000000    0.726642
  238.000000    0.744339
  243.000000    0.726803
  248.000000    0.757884
  253.000000    0.773718
  258.000000    0.801839
  263.000000    0.797839
  268.000000    0.798825
  273.000000    0.807933
  278.000000    0.808204
  283.000000    0.819150
  288.000000    0.799055
  293.000000    0.763522
  298.000000    0.710223
  303.000000    0.679207
  308.000000    0.656724
  313.000000    0.627920
  318.000000    0.621572
  323.000000    0.610933
  328.000000    0.608786
  333.000000    0.635993
  338.000000    0.640307
  343.000000    0.657052
  348.000000    0.702434
  353.000000    0.709782
  358.000000    0.697146
  363.000000    0.676085
  368.000000    0.670410
  373.000000    0.671740
  378.000000    0.689514
  383.000000    0.712172
  388.000000    0.732742
  393.000000    0.755246
  398.000000    0.779152
  403.000000    0.749967
  408.000000    0.693303
  413.000000    0.688315
  418.000000    0.683438
  423.000000    0.643051
  428.000000    0.685092
  433.000000    0.713106
  438.000000    0.761507
  443.000000    0.828779
  448.000000    0.842408
  453.000000    0.845789
  458.000000    0.848186
  463.000000    0.842647
  468.000000    0.838977
  473.000000    0.821782
  478.000000    0.792433
  483.000000    0.764910
  488.000000    0.702042
  493.000000    0.660824
  498.000000    0.647413
  503.000000    0.682923
  508.000000    0.715545
  513.000000    0.722901
  518.000000    0.746689
  523.000000    0.746280
  528.000000    0.732096
  533.000000    0.728170
  538.000000    0.722127
  543.000000    0.723092
  548.000000    0.717277
  553.000000    0.710232
  558.000000    0.701645
  563.000000    0.682720
  568.000000    0.679764
  573.000000    0.650432
  578.000000    0.632651
  583.000000    0.632887
  588.000000    0.615080
  593.000000    0.606066
  598.000000    0.644785
  603.000000    0.667232
  608.000000    0.674269
  613.000000    0.716778
  618.000000    0.710568
  623.000000    0.723068
  628.000000    0.750106
  633.000000    0.758363
  638.000000    0.757496
  643.000000    0.749728
  648.000000    0.774537
  653.000000    0.795400
  658.000000    0.802748
  663.000000    0.782878
  668.000000    0.749379
  673.000000    0.736793
  678.000000    0.742597
  683.000000    0.759329
  688.000000    0.754126
  693.000000    0.746507
  698.000000    0.736257
  703.000000    0.735783
  708.000000    0.751341
  713.000000    0.762210
  718.000000    0.772965
  723.000000    0.795593
  728.000000    0.788533
  733.000000    0.802592
  738.000000    0.830423
  743.000000    0.820713
  748.000000    0.806268
  753.000000    0.826832
  758.000000    0.817255
  763.000000    0.818494
  768.000000    0.811976
  773.000000    0.788474
  778.000000    0.783703
  783.000000    0.769085
  788.000000    0.758763
  793.000000    0.754352
  798.000000    0.764554
  803.000000    0.778290
  808.000000    0.809721
  813.000000    0.789083
  818.000000    0.762725
  823.000000    0.757010
  828.000000    0.730450
  833.000000    0.709137
  838.000000    0.728287
  843.000000    0.734827
  848.000000    0.757716
  853.000000    0.766078
  858.000000    0.781001
  863.000000    0.803541
  868.000000    0.825783
  873.000000    0.830357
  878.000000    0.829771
  883.000000    0.813257
  888.000000    0.806426
  893.000000    0.792997
  898.000000    0.793633
  903.000000    0.774056
  908.000000    0.769898
  913.000000    0.755870
  918.000000    0.762098
  923.000000    0.759794
  928.000000    0.765982
  933.000000    0.764951
  938.000000    0.758411
  943.000000    0.805740
  948.000000    0.828835
  953.000000    0.812058
  958.000000    0.777334
  963.000000    0.754554
  968.000000    0.717906
  973.000000    0.703182
  978.000000    0.671403
  983.000000    0.636938
  988.000000    0.642536
  993.000000    0.660560
  998.000000    0.693054
 1003.000000    0.713367
 1008.000000    0.741849
 1013.000000    0.756695
 1018.000000    0.754913
 1023.000000    0.777574
 1028.000000    0.778138
 1033.000000    0.774622
 1038.000000    0.796944
 1043.000000    0.803968
 1048.000000    0.794270
 1053.000000    0.790282
 1058.000000    0.772628
 1063.000000    0.751026
 1068.000000    0.754313
 1073.000000    0.738859
 1078.000000    0.744373
 1083.000000    0.747489
 1088.000000    0.739850
 1093.000000    0.728727
 1098.000000    0.722696
 1103.000000    0.723867
 1108.000000    0.722739
 1113.000000    0.714230
 1118.000000    0.713190
 1123.000000    0.711596
 1128.000000    0.714738
 1133.000000    0.684843
 1138.000000    0.676906
 1143.000000    0.699288
 1148.000000    0.702702
 1153.000000    0.697353
 1158.000000    0.673173
 1163.000000    0.660849
 1168.000000    0.657058
 1173.000000    0.666588
 1178.000000    0.658415
 1183.000000    0.693756
 1188.000000    0.715845
 1193.000000    0.704753
 1198.000000    0.702540
 1203.000000    0.715245
 1208.000000    0.739396
 1213.000000    0.735181
 1218.000000    0.735611
 1223.000000    0.719251
 1228.000000    0.734246
 1233.000000    0.749846
 1238.000000    0.732859
 1243.000000    0.718681
 1248.000000    0.698604
 1253.000000    0.697359
 1258.000000    0.717078
 1263.000000    0.719499
 1268.000000    0.713729
 1273.000000    0.721663
 1278.000000    0.737852
 1283.000000    0.745388
 1288.000000    0.771308
 1293.000000    0.776802
 1298.000000    0.801947
 1303.000000    0.801866
 1308.000000    0.808812
 1313.000000    0.803975
 1318.000000    0.791295
 1323.000000    0.802687
 1328.000000    0.781506
 1333.000000    0.763050
 1338.000000    0.741328
 1343.000000    0.723127
 1348.000000    0.688984
 1353.000000    0.681221
 1358.000000    0.680592
 1363.000000    0.668013
 1368.000000    0.668114
 1373.000000    0.670865
 1378.000000    0.678754
 1383.000000    0.702363
 1388.000000    0.726405
 1393.000000    0.741503
 1398.000000    0.742026
 1403.000000    0.752530
 1408.000000    0.745203
 1413.000000    0.718575
 1418.000000    0.695440
 1423.000000    0.667177
 1428.000000    0.675384
 1433.000000    0.712450
 1438.000000    0.723361
 1443.000000    0.730769
 1448.000000    0.733093
 1453.000000    0.741593
 1458.000000    0.774353
 1463.000000    0.776523
 1468.000000    0.757954
 1473.000000    0.755276
 1478.000000    0.768679
 1483.000000    0.788840
 1488.000000    0.806788
 1493.000000    0.831916
 1498.000000    0.827257
 1503.000000    0.814290
 1508.000000    0.803952
 1513.000000    0.786617
 1518.000000    0.759169
 1523.000000    0.741766
 1528.000000    0.737063
 1533.000000    0.740899
 1538.000000    0.794085
 1543.000000    0.821842
 1548.000000    0.838830
 1553.000000    0.857050
 1558.000000    0.883702
 1563.000000    0.875877
 1568.000000    0.825277
 1573.000000    0.766439
 1578.000000    0.726819
 1583.000000    0.684284
 1588.000000    0.650852
 1593.000000    0.645469
 1598.000000    0.678070
 1603.000000    0.694554
 1608.000000    0.707341
 1613.000000    0.719180
 1618.000000    0.728039
 1623.000000    0.745706
 1628.000000    0.770418
 1633.000000    0.775391
 1638.000000    0.769390
 1643.000000    0.768055
 1648.000000    0.771161
 1653.000000    0.773774
 1658.000000    0.773481
 1663.000000    0.751342
 1668.000000    0.771041
 1673.000000    0.799504
 1678.000000    0.849093
 1683.000000    0.869808
 1688.000000    0.867269
 1693.000000    0.845918
 1698.000000    0.846864
 1703.000000    0.859777
 1708.000000    0.852241
 1713.000000    0.827592
 1718.000000    0.794408
 1723.000000    0.779826
 1728.000000    0.783462
 1733.000000    0.822820
 1738.000000    0.837135
 1743.000000    0.836261
 1748.000000    0.862993
 1753.000000    0.879289
 1758.000000    0.887137
 1763.000000    0.873219
 1768.000000    0.853277
 1773.000000    0.835030
 1778.000000    0.799773
 1783.000000    0.771968
 1788.000000    0.706457
 1793.000000    0.690213
 1798.000000    0.659469
 1803.000000    0.652009
 1808.000000    0.672095
 1813.000000    0.685201
 1818.000000    0.724253
 1823.000000    0.747632
 1828.000000    0.770838
 1833.000000    0.778686
 1838.000000    0.791210
 1843.000000    0.781624
