#  pixel_depth  alphabetafraction   >  Analysis of alpha beta fraction
  212.000000    0.692142
  217.000000    0.692116
  222.000000    0.675080
  227.000000    0.677277
  232.000000    0.699745
  237.000000    0.721046
  242.000000    0.736348
  247.000000    0.717278
  252.000000    0.698741
  257.000000    0.669424
  262.000000    0.664394
  267.000000    0.641295
  272.000000    0.630207
  277.000000    0.643270
  282.000000    0.684923
  287.000000    0.706968
  292.000000    0.743709
  297.000000    0.736162
  302.000000    0.693029
  307.000000    0.626476
  312.000000    0.615411
  317.000000    0.633278
  322.000000    0.639090
  327.000000    0.659342
  332.000000    0.692823
  337.000000    0.742381
  342.000000    0.758091
  347.000000    0.750984
  352.000000    0.750907
  357.000000    0.750524
  362.000000    0.753311
  367.000000    0.768075
  372.000000    0.782917
  377.000000    0.786691
  382.000000    0.784978
  387.000000    0.791339
  392.000000    0.815993
  397.000000    0.839138
  402.000000    0.838056
  407.000000    0.817326
  412.000000    0.803437
  417.000000    0.785530
  422.000000    0.784598
  427.000000    0.798097
  432.000000    0.784236
  437.000000    0.778400
  442.000000    0.780100
  447.000000    0.761455
  452.000000    0.771960
  457.000000    0.781643
  462.000000    0.778784
  467.000000    0.772763
  472.000000    0.781505
  477.000000    0.753021
  482.000000    0.747141
  487.000000    0.758119
  492.000000    0.736540
  497.000000    0.718625
  502.000000    0.713079
  507.000000    0.713543
  512.000000    0.696558
  517.000000    0.713091
  522.000000    0.733944
  527.000000    0.755258
  532.000000    0.738345
  537.000000    0.725064
  542.000000    0.707974
  547.000000    0.690657
  552.000000    0.687440
  557.000000    0.703010
  562.000000    0.706059
  567.000000    0.704292
  572.000000    0.687644
  577.000000    0.683485
  582.000000    0.691862
  587.000000    0.739819
  592.000000    0.760223
  597.000000    0.766263
  602.000000    0.775508
  607.000000    0.778674
  612.000000    0.735004
  617.000000    0.721650
  622.000000    0.695247
  627.000000    0.669883
  632.000000    0.702545
  637.000000    0.697878
  642.000000    0.716080
  647.000000    0.718460
  652.000000    0.725166
  657.000000    0.734006
  662.000000    0.720833
  667.000000    0.705453
  672.000000    0.699264
  677.000000    0.713459
  682.000000    0.694473
  687.000000    0.686040
  692.000000    0.715168
  697.000000    0.730136
  702.000000    0.728960
  707.000000    0.724986
  712.000000    0.719840
  717.000000    0.699237
  722.000000    0.706325
  727.000000    0.724012
  732.000000    0.765144
  737.000000    0.768883
  742.000000    0.747066
  747.000000    0.761249
  752.000000    0.763661
  757.000000    0.745264
  762.000000    0.713138
  767.000000    0.666804
  772.000000    0.652745
  777.000000    0.666106
  782.000000    0.692512
  787.000000    0.701102
  792.000000    0.684054
  797.000000    0.714569
  802.000000    0.733749
  807.000000    0.729555
  812.000000    0.735390
  817.000000    0.710534
  822.000000    0.694864
  827.000000    0.718209
  832.000000    0.747518
  837.000000    0.775334
  842.000000    0.799656
  847.000000    0.814626
  852.000000    0.832777
  857.000000    0.848785
  862.000000    0.851030
  867.000000    0.861226
  872.000000    0.878213
  877.000000    0.894247
  882.000000    0.871791
  887.000000    0.842705
  892.000000    0.811665
  897.000000    0.794466
  902.000000    0.787007
  907.000000    0.790981
  912.000000    0.789433
  917.000000    0.771235
  922.000000    0.744508
  927.000000    0.721616
  932.000000    0.721631
  937.000000    0.737788
  942.000000    0.725884
  947.000000    0.729737
  952.000000    0.715700
  957.000000    0.710149
  962.000000    0.714331
  967.000000    0.704926
  972.000000    0.677407
  977.000000    0.665321
  982.000000    0.657229
  987.000000    0.674398
  992.000000    0.709629
  997.000000    0.731082
 1002.000000    0.755161
 1007.000000    0.791186
 1012.000000    0.823537
 1017.000000    0.838807
 1022.000000    0.845127
 1027.000000    0.821480
 1032.000000    0.792459
 1037.000000    0.802830
 1042.000000    0.810424
 1047.000000    0.791710
 1052.000000    0.802251
 1057.000000    0.792310
 1062.000000    0.776325
 1067.000000    0.773224
 1072.000000    0.771808
 1077.000000    0.772767
 1082.000000    0.752099
 1087.000000    0.697574
 1092.000000    0.657623
 1097.000000    0.662877
 1102.000000    0.664444
 1107.000000    0.691959
 1112.000000    0.697791
 1117.000000    0.690491
 1122.000000    0.718488
 1127.000000    0.743523
 1132.000000    0.734701
 1137.000000    0.705819
 1142.000000    0.671902
 1147.000000    0.644004
 1152.000000    0.626155
 1157.000000    0.625368
 1162.000000    0.635375
 1167.000000    0.618865
 1172.000000    0.596933
 1177.000000    0.580211
 1182.000000    0.573182
 1187.000000    0.586242
 1192.000000    0.579695
 1197.000000    0.553796
 1202.000000    0.545697
 1207.000000    0.556740
 1212.000000    0.614710
 1217.000000    0.623210
 1222.000000    0.644923
 1227.000000    0.697636
 1232.000000    0.728937
 1237.000000    0.761436
 1242.000000    0.807586
 1247.000000    0.835460
 1252.000000    0.860876
 1257.000000    0.868940
 1262.000000    0.879641
 1267.000000    0.862896
 1272.000000    0.851870
 1277.000000    0.842977
 1282.000000    0.815440
 1287.000000    0.809335
 1292.000000    0.788015
 1297.000000    0.794820
 1302.000000    0.781098
 1307.000000    0.781046
 1312.000000    0.775518
 1317.000000    0.784522
 1322.000000    0.791677
 1327.000000    0.799555
 1332.000000    0.798788
 1337.000000    0.794185
 1342.000000    0.777810
 1347.000000    0.761856
 1352.000000    0.750908
 1357.000000    0.756161
 1362.000000    0.771672
 1367.000000    0.787172
 1372.000000    0.763045
 1377.000000    0.746767
 1382.000000    0.738150
 1387.000000    0.727624
 1392.000000    0.698426
 1397.000000    0.696604
 1402.000000    0.714147
 1407.000000    0.746433
 1412.000000    0.751821
 1417.000000    0.760092
 1422.000000    0.742318
 1427.000000    0.726392
 1432.000000    0.754991
 1437.000000    0.794867
 1442.000000    0.806894
 1447.000000    0.824347
 1452.000000    0.821928
 1457.000000    0.803782
 1462.000000    0.779770
 1467.000000    0.770718
 1472.000000    0.769223
 1477.000000    0.746143
 1482.000000    0.708692
 1487.000000    0.685683
 1492.000000    0.712526
 1497.000000    0.711371
 1502.000000    0.675957
 1507.000000    0.671521
 1512.000000    0.676859
 1517.000000    0.684798
 1522.000000    0.688873
 1527.000000    0.697023
 1532.000000    0.690356
 1537.000000    0.679193
 1542.000000    0.712501
 1547.000000    0.756439
 1552.000000    0.796916
 1557.000000    0.809012
 1562.000000    0.825667
 1567.000000    0.817013
 1572.000000    0.796233
 1577.000000    0.790806
 1582.000000    0.779647
 1587.000000    0.764790
 1592.000000    0.774359
 1597.000000    0.771464
 1602.000000    0.780284
 1607.000000    0.772812
 1612.000000    0.776192
 1617.000000    0.808246
 1622.000000    0.820720
 1627.000000    0.791349
 1632.000000    0.790339
 1637.000000    0.775779
 1642.000000    0.768102
 1647.000000    0.752411
 1652.000000    0.716550
 1657.000000    0.709026
 1662.000000    0.710381
 1667.000000    0.688284
 1672.000000    0.675271
 1677.000000    0.674001
 1682.000000    0.670630
 1687.000000    0.665401
 1692.000000    0.673517
 1697.000000    0.691822
 1702.000000    0.697456
 1707.000000    0.700705
 1712.000000    0.711774
 1717.000000    0.730063
 1722.000000    0.785878
 1727.000000    0.818658
 1732.000000    0.850534
 1737.000000    0.869041
 1742.000000    0.875879
 1747.000000    0.876659
 1752.000000    0.862254
 1757.000000    0.837571
 1762.000000    0.856339
 1767.000000    0.855717
 1772.000000    0.856733
 1777.000000    0.851914
 1782.000000    0.846776
 1787.000000    0.830306
 1792.000000    0.823181
 1797.000000    0.807992
 1802.000000    0.812796
 1807.000000    0.810408
 1812.000000    0.817644
 1817.000000    0.816308
 1822.000000    0.809442
 1827.000000    0.787607
 1832.000000    0.813084
 1837.000000    0.815351
 1842.000000    0.811432
 1847.000000    0.818137
 1852.000000    0.835380
 1857.000000    0.821020
 1862.000000    0.802624
 1867.000000    0.803819
 1872.000000    0.798854
 1877.000000    0.796857
 1882.000000    0.847045
 1887.000000    0.865322
 1892.000000    0.851014
 1897.000000    0.849609
