#  pixel_depth  alphabetafraction   >  Analysis of alpha beta fraction
  291.000000    0.817660
  296.000000    0.790271
  301.000000    0.761081
  306.000000    0.700030
  311.000000    0.645551
  316.000000    0.608585
  321.000000    0.598614
  326.000000    0.600295
  331.000000    0.570219
  336.000000    0.572565
  341.000000    0.595206
  346.000000    0.594736
  351.000000    0.581171
  356.000000    0.583585
  361.000000    0.600253
  366.000000    0.613389
  371.000000    0.626800
  376.000000    0.619446
  381.000000    0.630858
  386.000000    0.660693
  391.000000    0.670301
  396.000000    0.677380
  401.000000    0.681213
  406.000000    0.693144
  411.000000    0.689291
  416.000000    0.693434
  421.000000    0.705299
  426.000000    0.712883
  431.000000    0.729928
  436.000000    0.702919
  441.000000    0.696846
  446.000000    0.665439
  451.000000    0.636764
  456.000000    0.628902
  461.000000    0.626890
  466.000000    0.617210
  471.000000    0.593679
  476.000000    0.607181
  481.000000    0.603031
  486.000000    0.625309
  491.000000    0.613372
  496.000000    0.587161
  501.000000    0.549653
  506.000000    0.536789
  511.000000    0.547164
  516.000000    0.537492
  521.000000    0.556261
  526.000000    0.606731
  531.000000    0.644428
  536.000000    0.670267
  541.000000    0.676669
  546.000000    0.669420
  551.000000    0.668205
  556.000000    0.634710
  561.000000    0.615187
  566.000000    0.639506
  571.000000    0.626220
  576.000000    0.590809
  581.000000    0.590872
  586.000000    0.588282
  591.000000    0.617532
  596.000000    0.639733
  601.000000    0.631913
  606.000000    0.648128
  611.000000    0.695047
  616.000000    0.683892
  621.000000    0.698775
  626.000000    0.669911
  631.000000    0.647047
  636.000000    0.636582
  641.000000    0.589981
  646.000000    0.583558
  651.000000    0.615917
  656.000000    0.622110
  661.000000    0.614329
  666.000000    0.615683
  671.000000    0.578713
  676.000000    0.549210
  681.000000    0.533081
  686.000000    0.533566
  691.000000    0.501705
  696.000000    0.488098
  701.000000    0.489628
  706.000000    0.496541
  711.000000    0.525315
  716.000000    0.509054
  721.000000    0.532135
  726.000000    0.554624
  731.000000    0.580273
  736.000000    0.580846
  741.000000    0.597237
  746.000000    0.613585
  751.000000    0.588970
  756.000000    0.596109
  761.000000    0.612149
  766.000000    0.633360
  771.000000    0.604733
  776.000000    0.574003
  781.000000    0.567659
  786.000000    0.568113
  791.000000    0.568871
  796.000000    0.537510
  801.000000    0.548657
  806.000000    0.553048
  811.000000    0.587657
  816.000000    0.600290
  821.000000    0.623939
  826.000000    0.604010
  831.000000    0.607500
  836.000000    0.603131
  841.000000    0.621699
  846.000000    0.602493
  851.000000    0.601937
  856.000000    0.621808
  861.000000    0.598917
  866.000000    0.597484
  871.000000    0.621904
  876.000000    0.634535
  881.000000    0.631840
  886.000000    0.652049
  891.000000    0.659775
  896.000000    0.654366
  901.000000    0.623832
  906.000000    0.612756
  911.000000    0.593564
  916.000000    0.615200
  921.000000    0.611849
  926.000000    0.593102
  931.000000    0.553936
  936.000000    0.559547
  941.000000    0.528055
  946.000000    0.513277
  951.000000    0.529414
  956.000000    0.540060
  961.000000    0.594059
  966.000000    0.596579
  971.000000    0.576355
  976.000000    0.604726
  981.000000    0.648282
  986.000000    0.658196
  991.000000    0.627763
  996.000000    0.618529
 1001.000000    0.647026
 1006.000000    0.634724
 1011.000000    0.606764
 1016.000000    0.624191
 1021.000000    0.607148
 1026.000000    0.589826
 1031.000000    0.608087
 1036.000000    0.579172
 1041.000000    0.582858
 1046.000000    0.597695
 1051.000000    0.596550
 1056.000000    0.577357
 1061.000000    0.586198
 1066.000000    0.560423
 1071.000000    0.524809
 1076.000000    0.514358
 1081.000000    0.531898
 1086.000000    0.521343
 1091.000000    0.510695
 1096.000000    0.497454
 1101.000000    0.475730
 1106.000000    0.471353
 1111.000000    0.496276
 1116.000000    0.528022
 1121.000000    0.514745
 1126.000000    0.469934
 1131.000000    0.454647
 1136.000000    0.475894
 1141.000000    0.491226
 1146.000000    0.490331
 1151.000000    0.497954
 1156.000000    0.489316
 1161.000000    0.499491
 1166.000000    0.496134
 1171.000000    0.495379
 1176.000000    0.459152
 1181.000000    0.449850
 1186.000000    0.438026
 1191.000000    0.432091
 1196.000000    0.437078
 1201.000000    0.441385
 1206.000000    0.444442
 1211.000000    0.450652
 1216.000000    0.473995
 1221.000000    0.471730
 1226.000000    0.482014
 1231.000000    0.502949
 1236.000000    0.509086
 1241.000000    0.513958
 1246.000000    0.503148
 1251.000000    0.472991
 1256.000000    0.480410
 1261.000000    0.518928
 1266.000000    0.535998
 1271.000000    0.551005
 1276.000000    0.569003
 1281.000000    0.579906
 1286.000000    0.604747
 1291.000000    0.589331
 1296.000000    0.576211
 1301.000000    0.554899
 1306.000000    0.560440
 1311.000000    0.550114
 1316.000000    0.543158
 1321.000000    0.563921
 1326.000000    0.587788
 1331.000000    0.569390
 1336.000000    0.544833
 1341.000000    0.526779
 1346.000000    0.502231
 1351.000000    0.504305
 1356.000000    0.536892
 1361.000000    0.530283
 1366.000000    0.549323
 1371.000000    0.537423
 1376.000000    0.544187
 1381.000000    0.555858
 1386.000000    0.574804
 1391.000000    0.590362
 1396.000000    0.590424
 1401.000000    0.595507
 1406.000000    0.603380
 1411.000000    0.620667
 1416.000000    0.611733
 1421.000000    0.617498
 1426.000000    0.633546
 1431.000000    0.624517
 1436.000000    0.635073
 1441.000000    0.648152
 1446.000000    0.654286
 1451.000000    0.654487
 1456.000000    0.652240
 1461.000000    0.656605
 1466.000000    0.711102
 1471.000000    0.744397
 1476.000000    0.771474
 1481.000000    0.767753
 1486.000000    0.748906
 1491.000000    0.742509
 1496.000000    0.722520
 1501.000000    0.706048
 1506.000000    0.693346
 1511.000000    0.700941
 1516.000000    0.724135
 1521.000000    0.753839
 1526.000000    0.730329
 1531.000000    0.714781
 1536.000000    0.718961
 1541.000000    0.703746
 1546.000000    0.716008
 1551.000000    0.726154
 1556.000000    0.741826
 1561.000000    0.724381
 1566.000000    0.710911
 1571.000000    0.700148
 1576.000000    0.677659
 1581.000000    0.682226
 1586.000000    0.670035
 1591.000000    0.623294
 1596.000000    0.604467
 1601.000000    0.601726
 1606.000000    0.612162
 1611.000000    0.619344
 1616.000000    0.599444
 1621.000000    0.595093
 1626.000000    0.566535
 1631.000000    0.572811
 1636.000000    0.585578
 1641.000000    0.627402
 1646.000000    0.640099
 1651.000000    0.638382
 1656.000000    0.612315
 1661.000000    0.634734
 1666.000000    0.635276
 1671.000000    0.609878
 1676.000000    0.609033
 1681.000000    0.598350
 1686.000000    0.566616
 1691.000000    0.565993
 1696.000000    0.540895
 1701.000000    0.555834
 1706.000000    0.523355
 1711.000000    0.510640
 1716.000000    0.489320
 1721.000000    0.497219
 1726.000000    0.501742
 1731.000000    0.487598
 1736.000000    0.507947
 1741.000000    0.529265
 1746.000000    0.556271
 1751.000000    0.595899
 1756.000000    0.612870
 1761.000000    0.618580
 1766.000000    0.636708
 1771.000000    0.645209
 1776.000000    0.644635
 1781.000000    0.631471
 1786.000000    0.640141
 1791.000000    0.641788
 1796.000000    0.653858
 1801.000000    0.652189
 1806.000000    0.652572
 1811.000000    0.657132
 1816.000000    0.679313
 1821.000000    0.664889
 1826.000000    0.634024
 1831.000000    0.619010
 1836.000000    0.573919
 1841.000000    0.552199
 1846.000000    0.566334
 1851.000000    0.592462
 1856.000000    0.586965
 1861.000000    0.574009
 1866.000000    0.567357
 1871.000000    0.579329
 1876.000000    0.601167
 1881.000000    0.614465
 1886.000000    0.635793
 1891.000000    0.644098
 1896.000000    0.617621
 1901.000000    0.613158
 1906.000000    0.601708
 1911.000000    0.549876
 1916.000000    0.556787
 1921.000000    0.551727
 1926.000000    0.577401
 1931.000000    0.645257
 1936.000000    0.695540
 1941.000000    0.726563
