#  pixel_depth  alphabetafraction   >  Analysis of alpha beta fraction
    5.000000    0.671182
   10.000000    0.708930
   15.000000    0.733938
   20.000000    0.771036
   25.000000    0.779132
   30.000000    0.762516
   35.000000    0.737964
   40.000000    0.726040
   45.000000    0.718180
   50.000000    0.748466
   55.000000    0.770397
   60.000000    0.771701
   65.000000    0.762292
   70.000000    0.748446
   75.000000    0.746149
   80.000000    0.748632
   85.000000    0.723477
   90.000000    0.690594
   95.000000    0.683011
  100.000000    0.689353
  105.000000    0.679491
  110.000000    0.715573
  115.000000    0.751510
  120.000000    0.787500
  125.000000    0.826350
  130.000000    0.822100
  135.000000    0.793347
  140.000000    0.767948
  145.000000    0.747143
  150.000000    0.740126
  155.000000    0.754147
  160.000000    0.771630
  165.000000    0.778312
  170.000000    0.756431
  175.000000    0.760873
  180.000000    0.698296
  185.000000    0.687093
  190.000000    0.694584
  195.000000    0.705941
  200.000000    0.710247
  205.000000    0.726906
  210.000000    0.731662
  215.000000    0.735653
  220.000000    0.726694
  225.000000    0.708047
  230.000000    0.696940
  235.000000    0.670652
  240.000000    0.663698
  245.000000    0.677970
  250.000000    0.699263
  255.000000    0.729778
  260.000000    0.722436
  265.000000    0.711947
  270.000000    0.748985
  275.000000    0.783385
  280.000000    0.818821
  285.000000    0.799629
  290.000000    0.791640
  295.000000    0.768600
  300.000000    0.755813
  305.000000    0.746058
  310.000000    0.743930
  315.000000    0.762485
  320.000000    0.769148
  325.000000    0.765529
  330.000000    0.777827
  335.000000    0.805567
  340.000000    0.841111
  345.000000    0.859620
  350.000000    0.858543
  355.000000    0.866309
  360.000000    0.852523
  365.000000    0.833946
  370.000000    0.823141
  375.000000    0.808132
  380.000000    0.769101
  385.000000    0.732987
  390.000000    0.715825
  395.000000    0.727183
  400.000000    0.753649
  405.000000    0.769463
  410.000000    0.811640
  415.000000    0.819501
  420.000000    0.814989
  425.000000    0.800173
  430.000000    0.773929
  435.000000    0.760654
  440.000000    0.754080
  445.000000    0.748148
  450.000000    0.756975
  455.000000    0.773669
  460.000000    0.781799
  465.000000    0.778668
  470.000000    0.761959
  475.000000    0.752808
  480.000000    0.756871
  485.000000    0.768925
  490.000000    0.803687
  495.000000    0.801759
  500.000000    0.805325
  505.000000    0.793139
  510.000000    0.765421
  515.000000    0.743793
  520.000000    0.764941
  525.000000    0.766620
  530.000000    0.765937
  535.000000    0.771562
  540.000000    0.769798
  545.000000    0.734893
  550.000000    0.718510
  555.000000    0.705412
  560.000000    0.675430
  565.000000    0.651403
  570.000000    0.630700
  575.000000    0.644336
  580.000000    0.630915
  585.000000    0.572928
  590.000000    0.528470
  595.000000    0.564624
  600.000000    0.606100
  605.000000    0.641995
  610.000000    0.659770
  615.000000    0.680698
  620.000000    0.704637
  625.000000    0.738956
  630.000000    0.775201
  635.000000    0.788579
  640.000000    0.800668
  645.000000    0.806294
  650.000000    0.817315
  655.000000    0.842341
  660.000000    0.866293
  665.000000    0.884310
  670.000000    0.900579
  675.000000    0.905629
  680.000000    0.916978
  685.000000    0.926324
  690.000000    0.922955
  695.000000    0.909428
  700.000000    0.895817
  705.000000    0.893092
  710.000000    0.891032
  715.000000    0.861089
  720.000000    0.835701
  725.000000    0.798428
  730.000000    0.768391
  735.000000    0.767921
  740.000000    0.712132
  745.000000    0.662818
  750.000000    0.678216
  755.000000    0.663842
  760.000000    0.676019
  765.000000    0.665223
  770.000000    0.685276
  775.000000    0.714411
  780.000000    0.791992
  785.000000    0.835630
  790.000000    0.839572
  795.000000    0.842353
  800.000000    0.852235
  805.000000    0.825482
  810.000000    0.810923
  815.000000    0.790716
  820.000000    0.777965
  825.000000    0.785904
  830.000000    0.818594
  835.000000    0.835044
  840.000000    0.842327
  845.000000    0.856978
  850.000000    0.862604
  855.000000    0.864598
  860.000000    0.868767
  865.000000    0.866227
  870.000000    0.869721
  875.000000    0.863068
  880.000000    0.863146
  885.000000    0.854300
  890.000000    0.821496
  895.000000    0.830616
  900.000000    0.813186
  905.000000    0.783759
  910.000000    0.769549
  915.000000    0.771602
  920.000000    0.742601
  925.000000    0.772370
  930.000000    0.795066
  935.000000    0.822011
  940.000000    0.828498
  945.000000    0.829566
  950.000000    0.823215
  955.000000    0.832560
  960.000000    0.838475
  965.000000    0.844248
  970.000000    0.846919
  975.000000    0.826765
  980.000000    0.839500
  985.000000    0.844917
  990.000000    0.832336
  995.000000    0.830166
 1000.000000    0.807536
 1005.000000    0.789213
 1010.000000    0.783962
 1015.000000    0.781748
 1020.000000    0.772449
 1025.000000    0.752934
 1030.000000    0.747583
 1035.000000    0.735287
 1040.000000    0.722951
 1045.000000    0.688065
 1050.000000    0.635101
 1055.000000    0.575072
 1060.000000    0.589426
 1065.000000    0.584403
 1070.000000    0.561574
 1075.000000    0.587162
 1080.000000    0.612744
 1085.000000    0.623750
 1090.000000    0.635438
 1095.000000    0.644885
 1100.000000    0.657497
 1105.000000    0.681708
 1110.000000    0.734417
 1115.000000    0.756466
 1120.000000    0.745486
 1125.000000    0.758665
 1130.000000    0.770475
 1135.000000    0.781540
 1140.000000    0.804156
 1145.000000    0.809443
 1150.000000    0.794330
 1155.000000    0.795705
 1160.000000    0.808298
 1165.000000    0.798897
 1170.000000    0.793734
 1175.000000    0.783177
 1180.000000    0.764560
 1185.000000    0.750748
 1190.000000    0.741431
 1195.000000    0.742673
 1200.000000    0.712074
 1205.000000    0.649127
 1210.000000    0.606314
 1215.000000    0.595442
 1220.000000    0.567006
 1225.000000    0.583033
 1230.000000    0.619378
 1235.000000    0.652257
 1240.000000    0.700846
 1245.000000    0.750940
 1250.000000    0.765052
 1255.000000    0.741590
 1260.000000    0.734664
 1265.000000    0.743922
 1270.000000    0.753197
 1275.000000    0.755546
 1280.000000    0.760382
 1285.000000    0.751495
 1290.000000    0.757780
