#  pixel_depth  alphabetafraction   >  Analysis of alpha beta fraction
   54.000000    0.822605
   59.000000    0.772011
   64.000000    0.753588
   69.000000    0.746124
   74.000000    0.730579
   79.000000    0.689043
   84.000000    0.653428
   89.000000    0.674226
   94.000000    0.699973
   99.000000    0.702164
  104.000000    0.728727
  109.000000    0.737781
  114.000000    0.758249
  119.000000    0.768074
  124.000000    0.742594
  129.000000    0.731754
  134.000000    0.728210
  139.000000    0.745584
  144.000000    0.761987
  149.000000    0.754829
  154.000000    0.729367
  159.000000    0.695272
  164.000000    0.693126
  169.000000    0.696946
  174.000000    0.658974
  179.000000    0.639384
  184.000000    0.662765
  189.000000    0.692308
  194.000000    0.715081
  199.000000    0.715686
  204.000000    0.706713
  209.000000    0.713213
  214.000000    0.744912
  219.000000    0.752080
  224.000000    0.752913
  229.000000    0.758086
  234.000000    0.740249
  239.000000    0.732448
  244.000000    0.731110
  249.000000    0.748927
  254.000000    0.763108
  259.000000    0.745871
  264.000000    0.705009
  269.000000    0.664060
  274.000000    0.652757
  279.000000    0.644177
  284.000000    0.619943
  289.000000    0.607804
  294.000000    0.628233
  299.000000    0.631135
  304.000000    0.635275
  309.000000    0.617250
  314.000000    0.588227
  319.000000    0.574070
  324.000000    0.584357
  329.000000    0.617084
  334.000000    0.615007
  339.000000    0.658045
  344.000000    0.696149
  349.000000    0.738300
  354.000000    0.762844
  359.000000    0.779405
  364.000000    0.783322
  369.000000    0.769520
  374.000000    0.755009
  379.000000    0.755446
  384.000000    0.754982
  389.000000    0.751938
  394.000000    0.732391
  399.000000    0.714249
  404.000000    0.681388
  409.000000    0.688031
  414.000000    0.667926
  419.000000    0.665318
  424.000000    0.650463
  429.000000    0.648264
  434.000000    0.649231
  439.000000    0.660005
  444.000000    0.654973
  449.000000    0.645310
  454.000000    0.633073
  459.000000    0.638303
  464.000000    0.679584
  469.000000    0.686944
  474.000000    0.706889
  479.000000    0.706879
  484.000000    0.721197
  489.000000    0.734227
  494.000000    0.736467
  499.000000    0.745685
  504.000000    0.750413
  509.000000    0.778367
  514.000000    0.775724
  519.000000    0.759856
  524.000000    0.730331
  529.000000    0.716452
  534.000000    0.716242
  539.000000    0.718816
  544.000000    0.726231
  549.000000    0.738114
  554.000000    0.751111
  559.000000    0.732135
  564.000000    0.726906
  569.000000    0.726965
  574.000000    0.703454
  579.000000    0.679811
  584.000000    0.645929
  589.000000    0.646546
  594.000000    0.630051
  599.000000    0.623377
  604.000000    0.634815
  609.000000    0.600249
  614.000000    0.583937
  619.000000    0.577337
  624.000000    0.591727
  629.000000    0.640648
  634.000000    0.659751
  639.000000    0.681969
  644.000000    0.693650
  649.000000    0.699392
  654.000000    0.696507
  659.000000    0.692416
  664.000000    0.686593
  669.000000    0.693142
  674.000000    0.702568
  679.000000    0.717081
  684.000000    0.715237
  689.000000    0.717690
  694.000000    0.698593
  699.000000    0.705865
  704.000000    0.700935
  709.000000    0.726160
  714.000000    0.708237
  719.000000    0.714846
  724.000000    0.714202
  729.000000    0.733039
  734.000000    0.710246
  739.000000    0.719821
  744.000000    0.725730
  749.000000    0.733884
  754.000000    0.775822
  759.000000    0.818850
  764.000000    0.823000
  769.000000    0.830871
  774.000000    0.827101
  779.000000    0.816004
  784.000000    0.801786
  789.000000    0.811927
  794.000000    0.822785
  799.000000    0.838165
  804.000000    0.825944
  809.000000    0.821205
  814.000000    0.790125
  819.000000    0.765694
  824.000000    0.748610
  829.000000    0.759859
  834.000000    0.756516
  839.000000    0.772031
  844.000000    0.749390
  849.000000    0.715397
  854.000000    0.709073
  859.000000    0.715573
  864.000000    0.701549
  869.000000    0.695973
  874.000000    0.719068
  879.000000    0.739415
  884.000000    0.706190
  889.000000    0.691543
  894.000000    0.703299
  899.000000    0.705236
  904.000000    0.702229
  909.000000    0.700648
  914.000000    0.655778
  919.000000    0.685544
  924.000000    0.725822
  929.000000    0.751069
  934.000000    0.754857
  939.000000    0.770472
  944.000000    0.756559
  949.000000    0.746718
  954.000000    0.734090
  959.000000    0.733097
  964.000000    0.730526
  969.000000    0.719320
  974.000000    0.730041
  979.000000    0.717486
  984.000000    0.718957
  989.000000    0.704649
  994.000000    0.644700
  999.000000    0.614006
 1004.000000    0.654639
 1009.000000    0.696187
 1014.000000    0.706420
 1019.000000    0.722039
 1024.000000    0.750949
 1029.000000    0.756532
 1034.000000    0.752934
 1039.000000    0.753322
 1044.000000    0.776246
 1049.000000    0.720000
 1054.000000    0.682760
 1059.000000    0.675595
 1064.000000    0.697080
 1069.000000    0.696452
 1074.000000    0.713866
 1079.000000    0.744538
 1084.000000    0.730922
 1089.000000    0.748307
 1094.000000    0.755837
 1099.000000    0.792640
 1104.000000    0.803397
 1109.000000    0.792291
 1114.000000    0.787833
 1119.000000    0.777842
 1124.000000    0.787924
 1129.000000    0.790866
 1134.000000    0.784017
 1139.000000    0.803970
 1144.000000    0.822851
 1149.000000    0.805691
 1154.000000    0.813365
 1159.000000    0.830364
 1164.000000    0.832156
 1169.000000    0.843911
 1174.000000    0.859307
 1179.000000    0.833714
 1184.000000    0.807358
 1189.000000    0.761907
 1194.000000    0.750200
 1199.000000    0.711040
 1204.000000    0.699138
 1209.000000    0.718809
 1214.000000    0.704351
 1219.000000    0.671948
 1224.000000    0.657593
 1229.000000    0.651642
 1234.000000    0.640474
 1239.000000    0.635560
 1244.000000    0.645010
 1249.000000    0.636181
 1254.000000    0.620227
 1259.000000    0.611887
 1264.000000    0.617182
 1269.000000    0.591096
 1274.000000    0.629623
 1279.000000    0.643566
 1284.000000    0.639530
 1289.000000    0.666229
 1294.000000    0.697310
 1299.000000    0.721540
 1304.000000    0.729183
 1309.000000    0.720524
 1314.000000    0.717698
 1319.000000    0.747258
 1324.000000    0.764080
 1329.000000    0.761730
 1334.000000    0.753535
 1339.000000    0.742197
 1344.000000    0.741813
 1349.000000    0.723991
 1354.000000    0.706900
 1359.000000    0.707966
 1364.000000    0.683250
 1369.000000    0.684672
 1374.000000    0.710383
 1379.000000    0.724540
 1384.000000    0.682374
 1389.000000    0.646420
 1394.000000    0.657593
 1399.000000    0.659938
 1404.000000    0.676624
 1409.000000    0.691004
 1414.000000    0.692103
 1419.000000    0.681286
 1424.000000    0.736423
 1429.000000    0.754172
 1434.000000    0.754903
 1439.000000    0.768680
 1444.000000    0.767991
 1449.000000    0.741916
 1454.000000    0.717209
 1459.000000    0.716571
 1464.000000    0.714849
 1469.000000    0.705828
 1474.000000    0.682179
 1479.000000    0.716514
 1484.000000    0.728387
 1489.000000    0.739202
 1494.000000    0.718563
 1499.000000    0.699860
 1504.000000    0.719243
 1509.000000    0.720171
 1514.000000    0.702793
 1519.000000    0.723024
 1524.000000    0.720955
 1529.000000    0.734364
 1534.000000    0.723455
 1539.000000    0.707033
 1544.000000    0.703705
 1549.000000    0.728558
 1554.000000    0.728905
 1559.000000    0.722361
 1564.000000    0.725374
 1569.000000    0.720808
 1574.000000    0.710986
 1579.000000    0.716284
 1584.000000    0.699333
 1589.000000    0.709565
 1594.000000    0.731997
 1599.000000    0.723657
 1604.000000    0.687872
 1609.000000    0.676893
 1614.000000    0.693744
 1619.000000    0.670004
 1624.000000    0.688650
 1629.000000    0.699987
 1634.000000    0.695279
 1639.000000    0.699153
 1644.000000    0.704955
 1649.000000    0.720449
 1654.000000    0.738881
 1659.000000    0.723193
 1664.000000    0.705187
 1669.000000    0.699675
 1674.000000    0.693777
 1679.000000    0.701167
 1684.000000    0.694008
 1689.000000    0.707578
 1694.000000    0.676291
 1699.000000    0.699464
 1704.000000    0.709948
 1709.000000    0.733586
 1714.000000    0.724362
 1719.000000    0.738296
 1724.000000    0.736191
 1729.000000    0.713017
 1734.000000    0.689436
 1739.000000    0.679579
 1744.000000    0.671110
 1749.000000    0.679693
 1754.000000    0.669108
 1759.000000    0.658499
 1764.000000    0.637136
 1769.000000    0.615519
 1774.000000    0.627788
 1779.000000    0.633335
 1784.000000    0.651297
 1789.000000    0.657873
 1794.000000    0.685864
 1799.000000    0.712716
 1804.000000    0.720815
 1809.000000    0.730262
 1814.000000    0.733088
 1819.000000    0.722501
 1824.000000    0.730181
 1829.000000    0.751339
 1834.000000    0.764021
 1839.000000    0.740161
 1844.000000    0.725704
 1849.000000    0.739496
 1854.000000    0.756675
 1859.000000    0.744683
 1864.000000    0.786756
 1869.000000    0.821937
