#  pixel_depth  alphabetafraction   >  Analysis of alpha beta fraction
  235.000000    0.741769
  240.000000    0.754115
  245.000000    0.734188
  250.000000    0.717627
  255.000000    0.739560
  260.000000    0.695031
  265.000000    0.689848
  270.000000    0.694104
  275.000000    0.721837
  280.000000    0.732289
  285.000000    0.754685
  290.000000    0.764101
  295.000000    0.741734
  300.000000    0.739624
  305.000000    0.722758
  310.000000    0.714607
  315.000000    0.723503
  320.000000    0.718203
  325.000000    0.703604
  330.000000    0.703385
  335.000000    0.701786
  340.000000    0.724149
  345.000000    0.723135
  350.000000    0.725317
  355.000000    0.713230
  360.000000    0.708911
  365.000000    0.710570
  370.000000    0.684319
  375.000000    0.688678
  380.000000    0.708575
  385.000000    0.717296
  390.000000    0.779652
  395.000000    0.790214
  400.000000    0.768837
  405.000000    0.763534
  410.000000    0.768782
  415.000000    0.755689
  420.000000    0.745107
  425.000000    0.737125
  430.000000    0.713969
  435.000000    0.722823
  440.000000    0.687911
  445.000000    0.698807
  450.000000    0.706110
  455.000000    0.686945
  460.000000    0.706783
  465.000000    0.713106
  470.000000    0.706028
  475.000000    0.734810
  480.000000    0.746043
  485.000000    0.754559
  490.000000    0.760344
  495.000000    0.779778
  500.000000    0.807986
  505.000000    0.813507
  510.000000    0.814805
  515.000000    0.795674
  520.000000    0.795415
  525.000000    0.787152
  530.000000    0.752585
  535.000000    0.752248
  540.000000    0.750583
  545.000000    0.773458
  550.000000    0.721483
  555.000000    0.693038
  560.000000    0.675350
  565.000000    0.638024
  570.000000    0.632568
  575.000000    0.624117
  580.000000    0.612293
  585.000000    0.617381
  590.000000    0.638678
  595.000000    0.628782
  600.000000    0.626254
  605.000000    0.636576
  610.000000    0.645964
  615.000000    0.678622
  620.000000    0.712821
  625.000000    0.743967
  630.000000    0.773225
  635.000000    0.774668
  640.000000    0.766193
  645.000000    0.747377
  650.000000    0.744500
  655.000000    0.772336
  660.000000    0.779411
  665.000000    0.784974
  670.000000    0.781786
  675.000000    0.767113
  680.000000    0.782105
  685.000000    0.794443
  690.000000    0.819538
  695.000000    0.839732
  700.000000    0.829610
  705.000000    0.776682
  710.000000    0.754402
  715.000000    0.758461
  720.000000    0.769148
  725.000000    0.746640
  730.000000    0.713392
  735.000000    0.693585
  740.000000    0.692973
  745.000000    0.703173
  750.000000    0.699058
  755.000000    0.701914
  760.000000    0.726475
  765.000000    0.729224
  770.000000    0.738809
  775.000000    0.720865
  780.000000    0.715092
  785.000000    0.686845
  790.000000    0.651332
  795.000000    0.628263
  800.000000    0.629403
  805.000000    0.653146
  810.000000    0.670871
  815.000000    0.646046
  820.000000    0.653654
  825.000000    0.690383
  830.000000    0.727349
  835.000000    0.700444
  840.000000    0.731837
  845.000000    0.748655
  850.000000    0.772720
  855.000000    0.755556
  860.000000    0.760863
  865.000000    0.761232
  870.000000    0.711193
  875.000000    0.690742
  880.000000    0.701686
  885.000000    0.723404
  890.000000    0.735363
  895.000000    0.738455
  900.000000    0.742205
  905.000000    0.739984
  910.000000    0.744827
  915.000000    0.733213
  920.000000    0.741553
  925.000000    0.752566
  930.000000    0.767836
  935.000000    0.756861
  940.000000    0.749558
  945.000000    0.748565
  950.000000    0.740311
  955.000000    0.719873
  960.000000    0.708855
  965.000000    0.693024
  970.000000    0.711899
  975.000000    0.728700
  980.000000    0.741849
  985.000000    0.723268
  990.000000    0.711244
  995.000000    0.722810
 1000.000000    0.691546
 1005.000000    0.658689
 1010.000000    0.634941
 1015.000000    0.626158
 1020.000000    0.631054
 1025.000000    0.640733
 1030.000000    0.615595
 1035.000000    0.587111
 1040.000000    0.567398
 1045.000000    0.591550
 1050.000000    0.589543
 1055.000000    0.597449
 1060.000000    0.659342
 1065.000000    0.717654
 1070.000000    0.760394
 1075.000000    0.775829
 1080.000000    0.778909
 1085.000000    0.786297
 1090.000000    0.770296
 1095.000000    0.762364
 1100.000000    0.782833
 1105.000000    0.786828
 1110.000000    0.772058
 1115.000000    0.754884
 1120.000000    0.741804
 1125.000000    0.731050
 1130.000000    0.728774
 1135.000000    0.734128
 1140.000000    0.695081
 1145.000000    0.702916
 1150.000000    0.710142
 1155.000000    0.726365
 1160.000000    0.760853
 1165.000000    0.789737
 1170.000000    0.777463
 1175.000000    0.737312
 1180.000000    0.714428
 1185.000000    0.708926
 1190.000000    0.723311
 1195.000000    0.732035
 1200.000000    0.699507
 1205.000000    0.661149
 1210.000000    0.650298
 1215.000000    0.652098
 1220.000000    0.674468
 1225.000000    0.704642
 1230.000000    0.747335
 1235.000000    0.771207
 1240.000000    0.786579
 1245.000000    0.784681
 1250.000000    0.779227
 1255.000000    0.758632
 1260.000000    0.752542
 1265.000000    0.734877
 1270.000000    0.748110
 1275.000000    0.728421
 1280.000000    0.724685
 1285.000000    0.743264
 1290.000000    0.740276
 1295.000000    0.721221
 1300.000000    0.697873
 1305.000000    0.705020
 1310.000000    0.738443
 1315.000000    0.771580
 1320.000000    0.806301
 1325.000000    0.784908
 1330.000000    0.780169
 1335.000000    0.777719
 1340.000000    0.775590
 1345.000000    0.774132
 1350.000000    0.771729
 1355.000000    0.754216
 1360.000000    0.765402
 1365.000000    0.746185
 1370.000000    0.733394
 1375.000000    0.733733
 1380.000000    0.702296
 1385.000000    0.679638
 1390.000000    0.602298
 1395.000000    0.567545
 1400.000000    0.588061
 1405.000000    0.623825
 1410.000000    0.689247
 1415.000000    0.742139
 1420.000000    0.804408
 1425.000000    0.827162
 1430.000000    0.834263
 1435.000000    0.838624
 1440.000000    0.827796
 1445.000000    0.798848
 1450.000000    0.780918
 1455.000000    0.760828
 1460.000000    0.746954
 1465.000000    0.739119
 1470.000000    0.696899
 1475.000000    0.662616
 1480.000000    0.663356
 1485.000000    0.688465
 1490.000000    0.710154
 1495.000000    0.738401
 1500.000000    0.766481
 1505.000000    0.792056
 1510.000000    0.792608
 1515.000000    0.791321
 1520.000000    0.780875
 1525.000000    0.760790
 1530.000000    0.754582
 1535.000000    0.761137
 1540.000000    0.763770
 1545.000000    0.789252
 1550.000000    0.783688
 1555.000000    0.743020
 1560.000000    0.718797
 1565.000000    0.715238
 1570.000000    0.714057
 1575.000000    0.689506
 1580.000000    0.698419
 1585.000000    0.723196
 1590.000000    0.727969
 1595.000000    0.748706
 1600.000000    0.763756
 1605.000000    0.775990
 1610.000000    0.771613
 1615.000000    0.760734
 1620.000000    0.759707
 1625.000000    0.764826
 1630.000000    0.781908
 1635.000000    0.795910
 1640.000000    0.827661
 1645.000000    0.816429
 1650.000000    0.812068
 1655.000000    0.807604
 1660.000000    0.813642
 1665.000000    0.808640
 1670.000000    0.812877
 1675.000000    0.788772
 1680.000000    0.753908
 1685.000000    0.725328
 1690.000000    0.716536
 1695.000000    0.696838
 1700.000000    0.686430
 1705.000000    0.708312
 1710.000000    0.713751
 1715.000000    0.727465
 1720.000000    0.754696
 1725.000000    0.768131
 1730.000000    0.766677
 1735.000000    0.754101
 1740.000000    0.730773
 1745.000000    0.694206
 1750.000000    0.688778
 1755.000000    0.667109
 1760.000000    0.696114
 1765.000000    0.709579
 1770.000000    0.742871
 1775.000000    0.773232
 1780.000000    0.779644
 1785.000000    0.783472
 1790.000000    0.782425
 1795.000000    0.811892
 1800.000000    0.834519
 1805.000000    0.824164
 1810.000000    0.830948
 1815.000000    0.828474
 1820.000000    0.803388
 1825.000000    0.797520
 1830.000000    0.740192
 1835.000000    0.679591
 1840.000000    0.667235
 1845.000000    0.694368
 1850.000000    0.728008
 1855.000000    0.749074
 1860.000000    0.752873
 1865.000000    0.766114
 1870.000000    0.776284
 1875.000000    0.797883
 1880.000000    0.802322
 1885.000000    0.801154
 1890.000000    0.797967
 1895.000000    0.811129
 1900.000000    0.808700
 1905.000000    0.799862
 1910.000000    0.801602
 1915.000000    0.771260
 1920.000000    0.699470
 1925.000000    0.647508
 1930.000000    0.655850
 1935.000000    0.700725
 1940.000000    0.712815
