#  pixel_depth  alphabetafraction   >  Analysis of alpha beta fraction
   27.000000    0.976998
   32.000000    0.957806
   37.000000    0.954196
   42.000000    0.943639
   47.000000    0.923717
   52.000000    0.908573
   57.000000    0.891138
   62.000000    0.879599
   67.000000    0.880332
   72.000000    0.885528
   77.000000    0.895944
   82.000000    0.895688
   87.000000    0.886273
   92.000000    0.916896
   97.000000    0.932876
  102.000000    0.934932
  107.000000    0.927235
  112.000000    0.915959
  117.000000    0.875567
  122.000000    0.869025
  127.000000    0.856584
  132.000000    0.854488
  137.000000    0.850314
  142.000000    0.865277
  147.000000    0.856609
  152.000000    0.825612
  157.000000    0.805602
  162.000000    0.833076
  167.000000    0.830280
  172.000000    0.833731
  177.000000    0.836712
  182.000000    0.812995
  187.000000    0.793691
  192.000000    0.793596
  197.000000    0.796447
  202.000000    0.791862
  207.000000    0.781951
  212.000000    0.795317
  217.000000    0.810108
  222.000000    0.834505
  227.000000    0.852700
  232.000000    0.853633
  237.000000    0.859833
  242.000000    0.864606
  247.000000    0.869903
  252.000000    0.876343
  257.000000    0.888552
  262.000000    0.884945
  267.000000    0.878444
  272.000000    0.821649
  277.000000    0.800359
  282.000000    0.818883
  287.000000    0.832841
  292.000000    0.813453
  297.000000    0.824727
  302.000000    0.829039
  307.000000    0.840455
  312.000000    0.836665
  317.000000    0.821214
  322.000000    0.822121
  327.000000    0.801582
  332.000000    0.800970
  337.000000    0.802201
  342.000000    0.788504
  347.000000    0.797640
  352.000000    0.810357
  357.000000    0.803193
  362.000000    0.786921
  367.000000    0.773470
  372.000000    0.760792
  377.000000    0.738661
  382.000000    0.719221
  387.000000    0.714373
  392.000000    0.745817
  397.000000    0.788026
  402.000000    0.814328
  407.000000    0.809465
  412.000000    0.813049
  417.000000    0.804578
  422.000000    0.740978
  427.000000    0.725292
  432.000000    0.755245
  437.000000    0.767905
  442.000000    0.771902
  447.000000    0.767951
  452.000000    0.773007
  457.000000    0.788140
  462.000000    0.780864
  467.000000    0.780730
  472.000000    0.816308
  477.000000    0.859273
  482.000000    0.875836
  487.000000    0.886368
  492.000000    0.873004
  497.000000    0.866818
  502.000000    0.875786
  507.000000    0.867878
  512.000000    0.867277
  517.000000    0.871466
  522.000000    0.863267
  527.000000    0.872280
  532.000000    0.883941
  537.000000    0.862933
  542.000000    0.851154
  547.000000    0.845829
  552.000000    0.824671
  557.000000    0.798961
  562.000000    0.786401
  567.000000    0.787120
  572.000000    0.783309
  577.000000    0.786468
  582.000000    0.788456
  587.000000    0.774212
  592.000000    0.777131
  597.000000    0.768465
  602.000000    0.742680
  607.000000    0.747596
  612.000000    0.757629
  617.000000    0.741877
  622.000000    0.743468
  627.000000    0.742826
  632.000000    0.744906
  637.000000    0.751670
  642.000000    0.757156
  647.000000    0.776704
  652.000000    0.806584
  657.000000    0.819318
  662.000000    0.824486
  667.000000    0.853117
  672.000000    0.876094
  677.000000    0.863138
  682.000000    0.839432
  687.000000    0.801637
  692.000000    0.790110
  697.000000    0.752598
  702.000000    0.746977
  707.000000    0.733948
  712.000000    0.732676
  717.000000    0.729822
  722.000000    0.703193
  727.000000    0.714807
  732.000000    0.753994
  737.000000    0.772392
  742.000000    0.780692
  747.000000    0.786677
  752.000000    0.796898
  757.000000    0.785976
  762.000000    0.785701
  767.000000    0.769580
  772.000000    0.777254
  777.000000    0.768121
  782.000000    0.756166
  787.000000    0.740741
  792.000000    0.731503
  797.000000    0.717411
  802.000000    0.720424
  807.000000    0.731634
  812.000000    0.770224
  817.000000    0.780201
  822.000000    0.779410
  827.000000    0.767692
  832.000000    0.798370
  837.000000    0.802137
  842.000000    0.775891
  847.000000    0.752504
  852.000000    0.728065
  857.000000    0.724077
  862.000000    0.716700
  867.000000    0.698121
  872.000000    0.726174
  877.000000    0.771284
  882.000000    0.797282
  887.000000    0.805002
  892.000000    0.808185
  897.000000    0.810097
  902.000000    0.808029
  907.000000    0.808115
  912.000000    0.822460
  917.000000    0.832371
  922.000000    0.825948
  927.000000    0.807603
  932.000000    0.798409
  937.000000    0.788448
  942.000000    0.745848
  947.000000    0.756971
  952.000000    0.729953
  957.000000    0.764131
  962.000000    0.769376
  967.000000    0.751136
  972.000000    0.725391
  977.000000    0.717926
  982.000000    0.718436
  987.000000    0.736170
  992.000000    0.762318
  997.000000    0.764883
 1002.000000    0.745575
 1007.000000    0.721529
 1012.000000    0.684744
 1017.000000    0.706299
 1022.000000    0.751920
 1027.000000    0.760019
 1032.000000    0.750923
 1037.000000    0.745623
 1042.000000    0.764321
 1047.000000    0.774265
 1052.000000    0.789320
 1057.000000    0.818209
 1062.000000    0.791414
 1067.000000    0.773195
 1072.000000    0.780527
 1077.000000    0.777777
 1082.000000    0.801340
 1087.000000    0.802951
 1092.000000    0.808693
 1097.000000    0.819273
 1102.000000    0.817627
 1107.000000    0.830311
 1112.000000    0.810573
 1117.000000    0.789474
 1122.000000    0.794751
 1127.000000    0.789470
 1132.000000    0.790841
 1137.000000    0.812443
 1142.000000    0.819825
 1147.000000    0.823729
 1152.000000    0.805989
 1157.000000    0.784277
 1162.000000    0.778677
 1167.000000    0.765372
 1172.000000    0.743099
 1177.000000    0.726775
 1182.000000    0.697676
 1187.000000    0.731028
 1192.000000    0.763809
 1197.000000    0.774071
 1202.000000    0.771271
 1207.000000    0.731566
 1212.000000    0.717422
 1217.000000    0.743456
 1222.000000    0.759165
 1227.000000    0.747790
 1232.000000    0.731972
 1237.000000    0.735780
 1242.000000    0.729225
 1247.000000    0.707461
 1252.000000    0.716329
 1257.000000    0.727025
 1262.000000    0.734296
 1267.000000    0.727051
 1272.000000    0.708740
 1277.000000    0.699166
 1282.000000    0.719447
 1287.000000    0.745887
 1292.000000    0.753591
 1297.000000    0.781868
 1302.000000    0.774432
 1307.000000    0.787360
 1312.000000    0.796378
 1317.000000    0.798054
 1322.000000    0.755487
 1327.000000    0.762807
 1332.000000    0.796085
 1337.000000    0.781527
 1342.000000    0.787476
 1347.000000    0.767993
 1352.000000    0.772606
 1357.000000    0.764944
 1362.000000    0.760785
 1367.000000    0.754799
 1372.000000    0.773845
 1377.000000    0.774825
 1382.000000    0.782099
 1387.000000    0.766373
 1392.000000    0.752272
 1397.000000    0.771925
 1402.000000    0.771283
 1407.000000    0.792969
 1412.000000    0.807804
 1417.000000    0.829253
 1422.000000    0.820384
 1427.000000    0.788041
 1432.000000    0.764556
 1437.000000    0.775126
 1442.000000    0.776286
 1447.000000    0.785688
 1452.000000    0.801739
 1457.000000    0.829137
 1462.000000    0.840939
 1467.000000    0.828458
 1472.000000    0.808504
 1477.000000    0.805669
 1482.000000    0.811617
 1487.000000    0.797595
 1492.000000    0.753541
 1497.000000    0.715166
 1502.000000    0.710136
 1507.000000    0.712613
 1512.000000    0.713432
 1517.000000    0.760375
 1522.000000    0.779286
 1527.000000    0.771554
 1532.000000    0.777915
 1537.000000    0.768984
 1542.000000    0.741260
 1547.000000    0.757267
 1552.000000    0.774596
 1557.000000    0.761373
 1562.000000    0.752276
 1567.000000    0.728618
 1572.000000    0.719360
 1577.000000    0.693093
 1582.000000    0.675446
 1587.000000    0.700359
 1592.000000    0.750967
 1597.000000    0.733171
 1602.000000    0.711770
 1607.000000    0.704601
 1612.000000    0.734726
 1617.000000    0.779282
 1622.000000    0.800695
 1627.000000    0.796034
 1632.000000    0.773493
 1637.000000    0.771751
 1642.000000    0.766249
 1647.000000    0.773016
 1652.000000    0.776568
 1657.000000    0.782019
 1662.000000    0.768582
 1667.000000    0.790704
 1672.000000    0.819271
 1677.000000    0.820482
 1682.000000    0.801321
 1687.000000    0.808852
 1692.000000    0.769467
 1697.000000    0.748339
 1702.000000    0.748984
 1707.000000    0.765249
 1712.000000    0.760516
 1717.000000    0.746559
 1722.000000    0.745430
 1727.000000    0.717180
 1732.000000    0.697176
 1737.000000    0.690462
 1742.000000    0.713406
 1747.000000    0.709767
 1752.000000    0.757928
 1757.000000    0.758762
 1762.000000    0.775360
 1767.000000    0.790047
 1772.000000    0.797320
 1777.000000    0.776603
 1782.000000    0.779428
 1787.000000    0.792428
 1792.000000    0.812088
 1797.000000    0.818544
 1802.000000    0.782814
 1807.000000    0.765124
 1812.000000    0.739120
 1817.000000    0.745057
 1822.000000    0.779864
 1827.000000    0.790616
 1832.000000    0.820934
 1837.000000    0.828548
 1842.000000    0.797261
 1847.000000    0.776529
 1852.000000    0.771296
 1857.000000    0.757244
