#  pixel_depth  alphabetafraction   >  Analysis of alpha beta fraction
   54.000000    0.885300
   59.000000    0.907245
   64.000000    0.917853
   69.000000    0.908228
   74.000000    0.889997
   79.000000    0.826210
   84.000000    0.758098
   89.000000    0.725304
   94.000000    0.692391
   99.000000    0.669729
  104.000000    0.642601
  109.000000    0.661374
  114.000000    0.659665
  119.000000    0.644676
  124.000000    0.633111
  129.000000    0.630627
  134.000000    0.626927
  139.000000    0.669738
  144.000000    0.678836
  149.000000    0.683508
  154.000000    0.690580
  159.000000    0.717365
  164.000000    0.753076
  169.000000    0.784697
  174.000000    0.793426
  179.000000    0.788136
  184.000000    0.786601
  189.000000    0.770615
  194.000000    0.777168
  199.000000    0.763824
  204.000000    0.757168
  209.000000    0.752412
  214.000000    0.756705
  219.000000    0.752195
  224.000000    0.759850
  229.000000    0.757639
  234.000000    0.765151
  239.000000    0.761734
  244.000000    0.777536
  249.000000    0.776205
  254.000000    0.778843
  259.000000    0.730936
  264.000000    0.687728
  269.000000    0.637134
  274.000000    0.608098
  279.000000    0.553702
  284.000000    0.535701
  289.000000    0.545563
  294.000000    0.523920
  299.000000    0.534526
  304.000000    0.560207
  309.000000    0.575540
  314.000000    0.582506
  319.000000    0.598947
  324.000000    0.598236
  329.000000    0.614492
  334.000000    0.640458
  339.000000    0.651720
  344.000000    0.639416
  349.000000    0.669288
  354.000000    0.687732
  359.000000    0.721752
  364.000000    0.778781
  369.000000    0.785572
  374.000000    0.780130
  379.000000    0.791517
  384.000000    0.800570
  389.000000    0.815738
  394.000000    0.830405
  399.000000    0.824453
  404.000000    0.825063
  409.000000    0.807859
  414.000000    0.840279
  419.000000    0.863920
  424.000000    0.872637
  429.000000    0.859537
  434.000000    0.815609
  439.000000    0.806016
  444.000000    0.795458
  449.000000    0.764050
  454.000000    0.725271
  459.000000    0.673697
  464.000000    0.630214
  469.000000    0.628545
  474.000000    0.597400
  479.000000    0.581876
  484.000000    0.575545
  489.000000    0.552920
  494.000000    0.514556
  499.000000    0.529960
  504.000000    0.547832
  509.000000    0.573337
  514.000000    0.639636
  519.000000    0.666810
  524.000000    0.639763
  529.000000    0.646073
  534.000000    0.645124
  539.000000    0.675258
  544.000000    0.712758
  549.000000    0.740163
  554.000000    0.760986
  559.000000    0.782097
  564.000000    0.787361
  569.000000    0.812342
  574.000000    0.851246
  579.000000    0.854004
  584.000000    0.867041
  589.000000    0.872505
  594.000000    0.864218
  599.000000    0.846792
  604.000000    0.835208
  609.000000    0.815774
  614.000000    0.788922
  619.000000    0.809326
  624.000000    0.826529
  629.000000    0.803157
  634.000000    0.790642
  639.000000    0.768165
  644.000000    0.733285
  649.000000    0.702107
  654.000000    0.668360
  659.000000    0.637226
  664.000000    0.671980
  669.000000    0.691509
  674.000000    0.700032
  679.000000    0.704116
  684.000000    0.725974
  689.000000    0.722683
  694.000000    0.668057
  699.000000    0.650891
  704.000000    0.653968
  709.000000    0.644653
  714.000000    0.640960
  719.000000    0.645294
  724.000000    0.683053
  729.000000    0.706198
  734.000000    0.732916
  739.000000    0.734001
  744.000000    0.726746
  749.000000    0.734254
  754.000000    0.719350
  759.000000    0.710156
  764.000000    0.719182
  769.000000    0.719709
  774.000000    0.693462
  779.000000    0.686728
  784.000000    0.722593
  789.000000    0.706652
  794.000000    0.714567
  799.000000    0.703338
  804.000000    0.690250
  809.000000    0.698678
  814.000000    0.686290
  819.000000    0.669308
  824.000000    0.657343
  829.000000    0.636354
  834.000000    0.638095
  839.000000    0.622159
  844.000000    0.620332
  849.000000    0.606295
  854.000000    0.608644
  859.000000    0.608039
  864.000000    0.621908
  869.000000    0.609957
  874.000000    0.614079
  879.000000    0.575690
  884.000000    0.616598
  889.000000    0.611518
  894.000000    0.621168
  899.000000    0.615090
  904.000000    0.588252
  909.000000    0.607112
  914.000000    0.598980
  919.000000    0.602514
  924.000000    0.629164
  929.000000    0.655910
  934.000000    0.712722
  939.000000    0.789355
  944.000000    0.816878
  949.000000    0.852331
  954.000000    0.843451
  959.000000    0.827803
  964.000000    0.826322
  969.000000    0.823871
  974.000000    0.817438
  979.000000    0.809607
  984.000000    0.774723
  989.000000    0.750084
  994.000000    0.751256
  999.000000    0.732803
 1004.000000    0.721355
 1009.000000    0.728644
 1014.000000    0.706576
 1019.000000    0.670692
 1024.000000    0.634442
 1029.000000    0.616297
 1034.000000    0.626297
 1039.000000    0.653298
 1044.000000    0.647495
 1049.000000    0.613922
 1054.000000    0.629395
 1059.000000    0.645140
 1064.000000    0.639164
 1069.000000    0.638460
 1074.000000    0.626759
 1079.000000    0.603774
 1084.000000    0.597656
 1089.000000    0.571750
 1094.000000    0.546442
 1099.000000    0.545140
 1104.000000    0.547880
 1109.000000    0.559722
 1114.000000    0.560413
 1119.000000    0.548279
 1124.000000    0.580713
 1129.000000    0.619930
 1134.000000    0.679652
 1139.000000    0.729328
 1144.000000    0.777131
 1149.000000    0.811094
 1154.000000    0.816835
 1159.000000    0.832380
 1164.000000    0.860979
 1169.000000    0.877304
 1174.000000    0.864693
 1179.000000    0.858815
 1184.000000    0.856168
 1189.000000    0.867394
 1194.000000    0.864915
 1199.000000    0.824671
 1204.000000    0.751496
 1209.000000    0.742333
 1214.000000    0.728404
 1219.000000    0.728685
 1224.000000    0.707080
 1229.000000    0.714165
 1234.000000    0.731210
 1239.000000    0.748654
 1244.000000    0.776131
 1249.000000    0.782673
 1254.000000    0.777654
 1259.000000    0.765163
 1264.000000    0.739044
 1269.000000    0.717272
 1274.000000    0.689674
 1279.000000    0.662421
 1284.000000    0.697178
 1289.000000    0.741978
 1294.000000    0.744260
 1299.000000    0.757527
 1304.000000    0.756568
 1309.000000    0.736754
 1314.000000    0.752878
 1319.000000    0.765763
 1324.000000    0.786669
 1329.000000    0.798700
 1334.000000    0.782328
 1339.000000    0.745403
 1344.000000    0.727320
 1349.000000    0.693925
 1354.000000    0.679002
 1359.000000    0.704035
 1364.000000    0.708436
 1369.000000    0.738269
 1374.000000    0.737568
 1379.000000    0.729063
 1384.000000    0.722024
 1389.000000    0.696959
 1394.000000    0.688686
 1399.000000    0.681546
 1404.000000    0.677150
 1409.000000    0.676580
 1414.000000    0.647475
 1419.000000    0.649311
 1424.000000    0.659147
 1429.000000    0.673838
 1434.000000    0.695285
 1439.000000    0.700109
 1444.000000    0.713254
 1449.000000    0.739863
 1454.000000    0.750579
 1459.000000    0.765314
 1464.000000    0.785228
 1469.000000    0.791580
 1474.000000    0.780474
 1479.000000    0.747855
 1484.000000    0.735846
 1489.000000    0.728161
 1494.000000    0.722016
 1499.000000    0.703512
 1504.000000    0.672804
 1509.000000    0.655217
 1514.000000    0.660738
 1519.000000    0.637767
 1524.000000    0.646786
 1529.000000    0.636182
 1534.000000    0.650532
 1539.000000    0.679255
 1544.000000    0.672188
 1549.000000    0.646399
 1554.000000    0.640733
 1559.000000    0.617087
 1564.000000    0.606562
 1569.000000    0.566808
 1574.000000    0.564341
 1579.000000    0.600975
 1584.000000    0.630853
 1589.000000    0.666943
 1594.000000    0.671734
 1599.000000    0.693607
 1604.000000    0.697826
 1609.000000    0.685336
 1614.000000    0.684827
 1619.000000    0.711018
 1624.000000    0.706952
 1629.000000    0.722375
 1634.000000    0.753713
 1639.000000    0.802924
 1644.000000    0.789599
 1649.000000    0.778922
 1654.000000    0.774224
 1659.000000    0.773868
 1664.000000    0.774974
 1669.000000    0.769739
 1674.000000    0.743714
 1679.000000    0.743793
 1684.000000    0.727128
 1689.000000    0.704307
 1694.000000    0.727049
 1699.000000    0.749274
 1704.000000    0.768334
 1709.000000    0.756122
 1714.000000    0.717294
 1719.000000    0.702743
 1724.000000    0.705072
 1729.000000    0.722225
 1734.000000    0.758409
 1739.000000    0.773295
 1744.000000    0.763159
 1749.000000    0.767905
 1754.000000    0.749588
 1759.000000    0.731783
 1764.000000    0.753206
 1769.000000    0.775146
 1774.000000    0.781165
 1779.000000    0.767213
 1784.000000    0.743168
 1789.000000    0.730815
 1794.000000    0.721351
 1799.000000    0.729104
 1804.000000    0.748649
 1809.000000    0.762255
 1814.000000    0.775013
 1819.000000    0.783494
 1824.000000    0.803338
 1829.000000    0.799577
 1834.000000    0.808174
 1839.000000    0.794913
 1844.000000    0.761256
 1849.000000    0.780749
 1854.000000    0.798932
 1859.000000    0.802704
 1864.000000    0.819921
 1869.000000    0.827994
 1874.000000    0.782128
 1879.000000    0.747727
 1884.000000    0.734007
