#  pixel_depth  alphabetafraction   >  Analysis of alpha beta fraction
  142.000000    0.813619
  147.000000    0.841683
  152.000000    0.871821
  157.000000    0.864158
  162.000000    0.866851
  167.000000    0.869221
  172.000000    0.872370
  177.000000    0.859528
  182.000000    0.859462
  187.000000    0.841087
  192.000000    0.811204
  197.000000    0.793441
  202.000000    0.799859
  207.000000    0.800435
  212.000000    0.814315
  217.000000    0.825655
  222.000000    0.821138
  227.000000    0.826733
  232.000000    0.819752
  237.000000    0.852510
  242.000000    0.858230
  247.000000    0.863874
  252.000000    0.879577
  257.000000    0.880086
  262.000000    0.880187
  267.000000    0.875991
  272.000000    0.868678
  277.000000    0.850877
  282.000000    0.826701
  287.000000    0.799671
  292.000000    0.822630
  297.000000    0.838223
  302.000000    0.866081
  307.000000    0.869937
  312.000000    0.856735
  317.000000    0.868928
  322.000000    0.863303
  327.000000    0.851232
  332.000000    0.860897
  337.000000    0.862283
  342.000000    0.859294
  347.000000    0.847282
  352.000000    0.824698
  357.000000    0.799714
  362.000000    0.783573
  367.000000    0.795892
  372.000000    0.806911
  377.000000    0.792635
  382.000000    0.809379
  387.000000    0.799052
  392.000000    0.806623
  397.000000    0.813319
  402.000000    0.831378
  407.000000    0.855422
  412.000000    0.847027
  417.000000    0.815880
  422.000000    0.810648
  427.000000    0.805087
  432.000000    0.805624
  437.000000    0.793466
  442.000000    0.783046
  447.000000    0.784978
  452.000000    0.803221
  457.000000    0.804084
  462.000000    0.805892
  467.000000    0.838471
  472.000000    0.852768
  477.000000    0.858537
  482.000000    0.837877
  487.000000    0.834927
  492.000000    0.852323
  497.000000    0.867422
  502.000000    0.843561
  507.000000    0.839997
  512.000000    0.821858
  517.000000    0.799208
  522.000000    0.774402
  527.000000    0.779367
  532.000000    0.787022
  537.000000    0.794031
  542.000000    0.791835
  547.000000    0.794266
  552.000000    0.804188
  557.000000    0.817562
  562.000000    0.823893
  567.000000    0.835230
  572.000000    0.837003
  577.000000    0.843209
  582.000000    0.849955
  587.000000    0.850756
  592.000000    0.845239
  597.000000    0.842233
  602.000000    0.831448
  607.000000    0.841881
  612.000000    0.806083
  617.000000    0.769401
  622.000000    0.748087
  627.000000    0.747481
  632.000000    0.769243
  637.000000    0.785140
  642.000000    0.788954
  647.000000    0.785387
  652.000000    0.794514
  657.000000    0.804900
  662.000000    0.816154
  667.000000    0.841972
  672.000000    0.862556
  677.000000    0.879280
  682.000000    0.904076
  687.000000    0.919527
  692.000000    0.924931
  697.000000    0.903676
  702.000000    0.892730
  707.000000    0.879321
  712.000000    0.862890
  717.000000    0.842325
  722.000000    0.824778
  727.000000    0.811721
  732.000000    0.826713
  737.000000    0.827270
  742.000000    0.820511
  747.000000    0.819037
  752.000000    0.824310
  757.000000    0.846867
  762.000000    0.821035
  767.000000    0.827462
  772.000000    0.805055
  777.000000    0.788961
  782.000000    0.774838
  787.000000    0.775071
  792.000000    0.755734
  797.000000    0.721640
  802.000000    0.741371
  807.000000    0.770415
  812.000000    0.782300
  817.000000    0.796313
  822.000000    0.834918
  827.000000    0.866355
  832.000000    0.898377
  837.000000    0.904807
  842.000000    0.873791
  847.000000    0.852701
  852.000000    0.831812
  857.000000    0.818268
  862.000000    0.822331
  867.000000    0.825728
  872.000000    0.837881
  877.000000    0.824446
  882.000000    0.815119
  887.000000    0.810272
  892.000000    0.805461
  897.000000    0.790535
  902.000000    0.763600
  907.000000    0.725467
  912.000000    0.714428
  917.000000    0.713504
  922.000000    0.713068
  927.000000    0.742574
  932.000000    0.756035
  937.000000    0.780753
  942.000000    0.788729
  947.000000    0.820776
  952.000000    0.846298
  957.000000    0.848852
  962.000000    0.862598
  967.000000    0.869258
  972.000000    0.858699
  977.000000    0.859333
  982.000000    0.863122
  987.000000    0.857074
  992.000000    0.851421
  997.000000    0.807439
 1002.000000    0.785803
 1007.000000    0.792596
 1012.000000    0.779894
 1017.000000    0.780407
 1022.000000    0.800572
 1027.000000    0.797436
 1032.000000    0.801558
 1037.000000    0.809203
 1042.000000    0.823805
 1047.000000    0.830139
 1052.000000    0.824183
 1057.000000    0.804079
 1062.000000    0.792528
 1067.000000    0.786218
 1072.000000    0.804423
 1077.000000    0.780679
 1082.000000    0.763551
 1087.000000    0.772479
 1092.000000    0.788456
 1097.000000    0.802209
 1102.000000    0.810018
 1107.000000    0.827347
 1112.000000    0.849597
 1117.000000    0.848241
 1122.000000    0.851076
 1127.000000    0.844319
 1132.000000    0.835370
 1137.000000    0.806942
 1142.000000    0.792117
 1147.000000    0.785442
 1152.000000    0.786411
 1157.000000    0.766525
 1162.000000    0.810234
 1167.000000    0.855495
 1172.000000    0.877368
 1177.000000    0.860955
 1182.000000    0.845732
 1187.000000    0.817563
 1192.000000    0.815572
 1197.000000    0.827124
 1202.000000    0.833511
 1207.000000    0.831146
 1212.000000    0.840362
 1217.000000    0.847915
 1222.000000    0.837600
 1227.000000    0.831014
 1232.000000    0.819162
 1237.000000    0.846575
 1242.000000    0.878447
 1247.000000    0.880222
 1252.000000    0.892900
 1257.000000    0.905893
 1262.000000    0.909220
 1267.000000    0.895401
 1272.000000    0.877370
 1277.000000    0.877509
 1282.000000    0.853464
 1287.000000    0.825189
 1292.000000    0.818360
 1297.000000    0.836298
 1302.000000    0.825463
 1307.000000    0.831344
 1312.000000    0.830367
 1317.000000    0.815346
 1322.000000    0.810087
 1327.000000    0.818357
 1332.000000    0.816716
 1337.000000    0.820484
 1342.000000    0.849983
 1347.000000    0.867313
 1352.000000    0.877723
 1357.000000    0.877554
 1362.000000    0.877741
 1367.000000    0.871882
 1372.000000    0.866365
 1377.000000    0.851321
 1382.000000    0.836169
 1387.000000    0.847527
 1392.000000    0.860711
 1397.000000    0.860014
 1402.000000    0.853771
 1407.000000    0.831380
 1412.000000    0.807945
 1417.000000    0.795612
 1422.000000    0.775415
 1427.000000    0.793243
 1432.000000    0.820800
 1437.000000    0.832339
 1442.000000    0.852685
 1447.000000    0.870233
 1452.000000    0.875415
 1457.000000    0.862934
 1462.000000    0.857182
 1467.000000    0.855826
 1472.000000    0.871485
 1477.000000    0.860515
 1482.000000    0.831413
 1487.000000    0.817588
 1492.000000    0.796844
 1497.000000    0.786835
 1502.000000    0.782286
 1507.000000    0.809140
 1512.000000    0.817921
 1517.000000    0.836287
 1522.000000    0.830832
 1527.000000    0.820366
 1532.000000    0.812142
 1537.000000    0.830024
 1542.000000    0.852249
 1547.000000    0.871594
 1552.000000    0.888872
 1557.000000    0.877563
 1562.000000    0.857004
 1567.000000    0.863934
 1572.000000    0.858318
 1577.000000    0.864648
 1582.000000    0.825503
 1587.000000    0.791375
 1592.000000    0.763237
 1597.000000    0.733866
 1602.000000    0.729321
 1607.000000    0.727225
 1612.000000    0.759438
 1617.000000    0.800206
 1622.000000    0.827491
 1627.000000    0.847169
 1632.000000    0.850851
 1637.000000    0.846078
 1642.000000    0.846238
 1647.000000    0.838535
 1652.000000    0.824308
 1657.000000    0.801541
 1662.000000    0.806155
 1667.000000    0.816235
 1672.000000    0.806661
 1677.000000    0.800330
 1682.000000    0.812847
 1687.000000    0.824671
 1692.000000    0.839291
 1697.000000    0.847500
 1702.000000    0.849834
 1707.000000    0.855270
 1712.000000    0.863211
 1717.000000    0.860962
 1722.000000    0.868164
 1727.000000    0.870834
 1732.000000    0.856276
 1737.000000    0.863138
 1742.000000    0.857040
 1747.000000    0.836494
 1752.000000    0.813523
 1757.000000    0.779771
 1762.000000    0.794617
 1767.000000    0.795835
 1772.000000    0.802946
 1777.000000    0.820512
 1782.000000    0.846257
 1787.000000    0.869856
 1792.000000    0.865545
 1797.000000    0.887117
 1802.000000    0.911759
 1807.000000    0.918856
 1812.000000    0.918870
 1817.000000    0.916392
