#  pixel_depth  alphabetafraction   >  Analysis of alpha beta fraction
  215.000000    0.657848
  220.000000    0.690734
  225.000000    0.710291
  230.000000    0.725554
  235.000000    0.727362
  240.000000    0.726130
  245.000000    0.713965
  250.000000    0.711710
  255.000000    0.722424
  260.000000    0.718226
  265.000000    0.691703
  270.000000    0.692347
  275.000000    0.699320
  280.000000    0.723079
  285.000000    0.740638
  290.000000    0.751529
  295.000000    0.761625
  300.000000    0.770984
  305.000000    0.782967
  310.000000    0.758486
  315.000000    0.744896
  320.000000    0.728590
  325.000000    0.678499
  330.000000    0.657873
  335.000000    0.645855
  340.000000    0.645077
  345.000000    0.632392
  350.000000    0.624142
  355.000000    0.620719
  360.000000    0.660422
  365.000000    0.680983
  370.000000    0.697796
  375.000000    0.710372
  380.000000    0.725235
  385.000000    0.735692
  390.000000    0.746961
  395.000000    0.770548
  400.000000    0.770681
  405.000000    0.734665
  410.000000    0.747125
  415.000000    0.720888
  420.000000    0.723674
  425.000000    0.723526
  430.000000    0.731344
  435.000000    0.744425
  440.000000    0.754047
  445.000000    0.768931
  450.000000    0.757141
  455.000000    0.722299
  460.000000    0.700785
  465.000000    0.713724
  470.000000    0.701915
  475.000000    0.673365
  480.000000    0.661623
  485.000000    0.642139
  490.000000    0.628736
  495.000000    0.624894
  500.000000    0.616382
  505.000000    0.591720
  510.000000    0.601433
  515.000000    0.666211
  520.000000    0.701420
  525.000000    0.713389
  530.000000    0.703017
  535.000000    0.737281
  540.000000    0.767141
  545.000000    0.749471
  550.000000    0.736245
  555.000000    0.731543
  560.000000    0.724192
  565.000000    0.684755
  570.000000    0.692008
  575.000000    0.738482
  580.000000    0.742689
  585.000000    0.718074
  590.000000    0.714664
  595.000000    0.733843
  600.000000    0.753988
  605.000000    0.722822
  610.000000    0.675296
  615.000000    0.624333
  620.000000    0.633399
  625.000000    0.664681
  630.000000    0.664023
  635.000000    0.708098
  640.000000    0.702071
  645.000000    0.704506
  650.000000    0.680408
  655.000000    0.664490
  660.000000    0.640737
  665.000000    0.678863
  670.000000    0.688155
  675.000000    0.709363
  680.000000    0.721462
  685.000000    0.699781
  690.000000    0.672951
  695.000000    0.673059
  700.000000    0.661807
  705.000000    0.699674
  710.000000    0.698537
  715.000000    0.695649
  720.000000    0.712892
  725.000000    0.733054
  730.000000    0.758940
  735.000000    0.756703
  740.000000    0.745874
  745.000000    0.742570
  750.000000    0.739774
  755.000000    0.731715
  760.000000    0.712023
  765.000000    0.699475
  770.000000    0.709738
  775.000000    0.760556
  780.000000    0.783639
  785.000000    0.770644
  790.000000    0.763339
  795.000000    0.772373
  800.000000    0.785807
  805.000000    0.786365
  810.000000    0.752978
  815.000000    0.703761
  820.000000    0.704319
  825.000000    0.709048
  830.000000    0.721266
  835.000000    0.727380
  840.000000    0.730049
  845.000000    0.709210
  850.000000    0.725532
  855.000000    0.741477
  860.000000    0.747075
  865.000000    0.726685
  870.000000    0.683609
  875.000000    0.658431
  880.000000    0.664094
  885.000000    0.676300
  890.000000    0.710857
  895.000000    0.733769
  900.000000    0.650125
  905.000000    0.610701
  910.000000    0.603664
  915.000000    0.588056
  920.000000    0.578610
  925.000000    0.644152
  930.000000    0.649775
  935.000000    0.683387
  940.000000    0.717133
  945.000000    0.718262
  950.000000    0.711696
  955.000000    0.735774
  960.000000    0.714965
  965.000000    0.702565
  970.000000    0.697304
  975.000000    0.697837
  980.000000    0.695085
  985.000000    0.677367
  990.000000    0.671656
  995.000000    0.686949
 1000.000000    0.671756
 1005.000000    0.689311
 1010.000000    0.718396
 1015.000000    0.739467
 1020.000000    0.766420
 1025.000000    0.765767
 1030.000000    0.757981
 1035.000000    0.722245
 1040.000000    0.679074
 1045.000000    0.676375
 1050.000000    0.670275
 1055.000000    0.666335
 1060.000000    0.646072
 1065.000000    0.656001
 1070.000000    0.682642
 1075.000000    0.753791
 1080.000000    0.787962
 1085.000000    0.783380
 1090.000000    0.773180
 1095.000000    0.796599
 1100.000000    0.789499
 1105.000000    0.764530
 1110.000000    0.773425
 1115.000000    0.749370
 1120.000000    0.711865
 1125.000000    0.706758
 1130.000000    0.689988
 1135.000000    0.663720
 1140.000000    0.619206
 1145.000000    0.635152
 1150.000000    0.643170
 1155.000000    0.637714
 1160.000000    0.685405
 1165.000000    0.692489
 1170.000000    0.721782
 1175.000000    0.718423
 1180.000000    0.721424
 1185.000000    0.727663
 1190.000000    0.761279
 1195.000000    0.740194
 1200.000000    0.733007
 1205.000000    0.729044
 1210.000000    0.727823
 1215.000000    0.749732
 1220.000000    0.742836
 1225.000000    0.746829
 1230.000000    0.760146
 1235.000000    0.763001
 1240.000000    0.740062
 1245.000000    0.727698
 1250.000000    0.716348
 1255.000000    0.716037
 1260.000000    0.701282
 1265.000000    0.679075
 1270.000000    0.689770
 1275.000000    0.689204
 1280.000000    0.684845
 1285.000000    0.724003
 1290.000000    0.732192
 1295.000000    0.728567
 1300.000000    0.720930
 1305.000000    0.712648
 1310.000000    0.706417
 1315.000000    0.734063
 1320.000000    0.743225
 1325.000000    0.723631
 1330.000000    0.710351
 1335.000000    0.710165
 1340.000000    0.707075
 1345.000000    0.725698
 1350.000000    0.714662
 1355.000000    0.702616
 1360.000000    0.691114
 1365.000000    0.687950
 1370.000000    0.690902
 1375.000000    0.648201
 1380.000000    0.632618
 1385.000000    0.668438
 1390.000000    0.691702
 1395.000000    0.708900
 1400.000000    0.723310
 1405.000000    0.747187
 1410.000000    0.747527
 1415.000000    0.731177
 1420.000000    0.719805
 1425.000000    0.752336
 1430.000000    0.770097
 1435.000000    0.774930
 1440.000000    0.792136
 1445.000000    0.802104
 1450.000000    0.797909
 1455.000000    0.766693
 1460.000000    0.744327
 1465.000000    0.773292
 1470.000000    0.792659
 1475.000000    0.800195
 1480.000000    0.786784
 1485.000000    0.766378
 1490.000000    0.717189
 1495.000000    0.657837
 1500.000000    0.616571
 1505.000000    0.598687
 1510.000000    0.572767
 1515.000000    0.631244
 1520.000000    0.649120
 1525.000000    0.655088
 1530.000000    0.707855
 1535.000000    0.768349
 1540.000000    0.779883
 1545.000000    0.807731
 1550.000000    0.779263
 1555.000000    0.745364
 1560.000000    0.719546
 1565.000000    0.703265
 1570.000000    0.696932
 1575.000000    0.711726
 1580.000000    0.728267
 1585.000000    0.741425
 1590.000000    0.755473
 1595.000000    0.768298
 1600.000000    0.757924
 1605.000000    0.726095
 1610.000000    0.699109
 1615.000000    0.708421
 1620.000000    0.705013
 1625.000000    0.723785
 1630.000000    0.760780
 1635.000000    0.797412
 1640.000000    0.801272
 1645.000000    0.790498
 1650.000000    0.749595
 1655.000000    0.709785
 1660.000000    0.650725
 1665.000000    0.671313
 1670.000000    0.721024
 1675.000000    0.734972
 1680.000000    0.744099
 1685.000000    0.750937
 1690.000000    0.778738
 1695.000000    0.813200
 1700.000000    0.819586
 1705.000000    0.815513
 1710.000000    0.813481
 1715.000000    0.790417
 1720.000000    0.775882
 1725.000000    0.748777
 1730.000000    0.716722
 1735.000000    0.724655
 1740.000000    0.705910
 1745.000000    0.691389
 1750.000000    0.674182
 1755.000000    0.658847
 1760.000000    0.664291
 1765.000000    0.680426
 1770.000000    0.674601
 1775.000000    0.677601
 1780.000000    0.658438
 1785.000000    0.666865
 1790.000000    0.680266
 1795.000000    0.684313
 1800.000000    0.706716
 1805.000000    0.737216
 1810.000000    0.771742
 1815.000000    0.775608
 1820.000000    0.759612
 1825.000000    0.751334
 1830.000000    0.758813
 1835.000000    0.733771
 1840.000000    0.719944
 1845.000000    0.688845
 1850.000000    0.720196
 1855.000000    0.707905
 1860.000000    0.725652
 1865.000000    0.725906
