#  pixel_depth  alphabetafraction   >  Analysis of alpha beta fraction
  195.000000    0.945426
  200.000000    0.925633
  205.000000    0.923710
  210.000000    0.940369
  215.000000    0.953584
  220.000000    0.955245
  225.000000    0.941087
  230.000000    0.918853
  235.000000    0.897282
  240.000000    0.914009
  245.000000    0.917289
  250.000000    0.914249
  255.000000    0.903163
  260.000000    0.921015
  265.000000    0.926148
  270.000000    0.933009
  275.000000    0.910232
  280.000000    0.886776
  285.000000    0.889658
  290.000000    0.919663
  295.000000    0.925865
  300.000000    0.930536
  305.000000    0.927592
  310.000000    0.923448
  315.000000    0.924062
  320.000000    0.918740
  325.000000    0.916817
  330.000000    0.913209
  335.000000    0.916365
  340.000000    0.918167
  345.000000    0.939431
  350.000000    0.940122
  355.000000    0.927161
  360.000000    0.924588
  365.000000    0.931205
  370.000000    0.938345
  375.000000    0.941585
  380.000000    0.944234
  385.000000    0.944696
  390.000000    0.946504
  395.000000    0.937434
  400.000000    0.911018
  405.000000    0.894427
  410.000000    0.906979
  415.000000    0.890976
  420.000000    0.882163
  425.000000    0.902662
  430.000000    0.916088
  435.000000    0.915040
  440.000000    0.920487
  445.000000    0.914034
  450.000000    0.910351
  455.000000    0.901868
  460.000000    0.881594
  465.000000    0.881068
  470.000000    0.895098
  475.000000    0.899180
  480.000000    0.909349
  485.000000    0.921033
  490.000000    0.916317
  495.000000    0.912756
  500.000000    0.926358
  505.000000    0.916058
  510.000000    0.903809
  515.000000    0.877062
  520.000000    0.841165
  525.000000    0.859682
  530.000000    0.918005
  535.000000    0.926080
  540.000000    0.893344
  545.000000    0.857106
  550.000000    0.845240
  555.000000    0.865611
  560.000000    0.879881
  565.000000    0.908047
  570.000000    0.919506
  575.000000    0.908908
  580.000000    0.886629
  585.000000    0.882976
  590.000000    0.847527
  595.000000    0.833224
  600.000000    0.835138
  605.000000    0.872897
  610.000000    0.899833
  615.000000    0.871371
  620.000000    0.854282
  625.000000    0.839992
  630.000000    0.825423
  635.000000    0.830926
  640.000000    0.835851
  645.000000    0.823396
  650.000000    0.815399
  655.000000    0.845345
  660.000000    0.867230
  665.000000    0.867636
  670.000000    0.866215
  675.000000    0.843592
  680.000000    0.815451
  685.000000    0.795117
  690.000000    0.808233
  695.000000    0.802695
  700.000000    0.813009
  705.000000    0.824625
  710.000000    0.831068
  715.000000    0.834184
  720.000000    0.824703
  725.000000    0.833309
  730.000000    0.817298
  735.000000    0.825546
  740.000000    0.823030
  745.000000    0.842072
  750.000000    0.849937
  755.000000    0.851951
  760.000000    0.841687
  765.000000    0.813591
  770.000000    0.808863
  775.000000    0.794286
  780.000000    0.776650
  785.000000    0.772084
  790.000000    0.784275
  795.000000    0.797679
  800.000000    0.803083
  805.000000    0.786185
  810.000000    0.791781
  815.000000    0.793443
  820.000000    0.810324
  825.000000    0.827092
  830.000000    0.820884
  835.000000    0.799401
  840.000000    0.815565
  845.000000    0.825669
  850.000000    0.813399
  855.000000    0.808697
  860.000000    0.797785
  865.000000    0.803344
  870.000000    0.817387
  875.000000    0.814803
  880.000000    0.833557
  885.000000    0.838956
  890.000000    0.831883
  895.000000    0.800575
  900.000000    0.795475
  905.000000    0.786803
  910.000000    0.785442
  915.000000    0.766822
  920.000000    0.780714
  925.000000    0.795682
  930.000000    0.788775
  935.000000    0.780729
  940.000000    0.786997
  945.000000    0.752938
  950.000000    0.737303
  955.000000    0.756836
  960.000000    0.757145
  965.000000    0.757822
  970.000000    0.763424
  975.000000    0.776913
  980.000000    0.771364
  985.000000    0.773125
  990.000000    0.773360
  995.000000    0.767755
 1000.000000    0.773154
 1005.000000    0.785424
 1010.000000    0.789939
 1015.000000    0.804877
 1020.000000    0.813326
 1025.000000    0.829060
 1030.000000    0.826098
 1035.000000    0.837831
 1040.000000    0.833703
 1045.000000    0.807054
 1050.000000    0.787281
 1055.000000    0.783697
 1060.000000    0.781352
 1065.000000    0.764354
 1070.000000    0.746431
 1075.000000    0.730851
 1080.000000    0.725947
 1085.000000    0.719406
 1090.000000    0.701879
 1095.000000    0.708229
 1100.000000    0.722860
 1105.000000    0.721483
 1110.000000    0.719542
 1115.000000    0.705237
 1120.000000    0.689791
 1125.000000    0.690391
 1130.000000    0.696411
 1135.000000    0.704470
 1140.000000    0.702715
 1145.000000    0.691308
 1150.000000    0.695097
 1155.000000    0.687251
 1160.000000    0.718781
 1165.000000    0.747965
 1170.000000    0.745257
 1175.000000    0.747857
 1180.000000    0.735613
 1185.000000    0.744187
 1190.000000    0.766683
 1195.000000    0.760296
 1200.000000    0.753629
 1205.000000    0.762339
 1210.000000    0.709451
 1215.000000    0.683904
 1220.000000    0.667315
 1225.000000    0.650692
 1230.000000    0.662599
 1235.000000    0.702185
 1240.000000    0.722322
 1245.000000    0.729143
 1250.000000    0.739790
 1255.000000    0.789314
 1260.000000    0.796369
 1265.000000    0.773494
 1270.000000    0.740362
 1275.000000    0.677677
 1280.000000    0.700799
 1285.000000    0.737433
 1290.000000    0.747058
 1295.000000    0.772896
 1300.000000    0.778704
 1305.000000    0.794497
 1310.000000    0.766183
 1315.000000    0.744352
 1320.000000    0.733004
 1325.000000    0.737009
 1330.000000    0.733500
 1335.000000    0.724606
 1340.000000    0.701142
 1345.000000    0.715145
 1350.000000    0.712020
 1355.000000    0.705797
 1360.000000    0.705865
 1365.000000    0.703653
 1370.000000    0.699655
 1375.000000    0.679120
 1380.000000    0.709579
 1385.000000    0.712050
 1390.000000    0.703331
 1395.000000    0.723945
 1400.000000    0.774449
 1405.000000    0.800942
 1410.000000    0.819041
 1415.000000    0.822623
 1420.000000    0.807317
 1425.000000    0.777330
 1430.000000    0.778052
 1435.000000    0.760345
 1440.000000    0.731667
 1445.000000    0.742891
 1450.000000    0.738347
 1455.000000    0.750785
 1460.000000    0.744946
 1465.000000    0.760214
 1470.000000    0.774562
 1475.000000    0.783762
 1480.000000    0.773398
 1485.000000    0.760210
 1490.000000    0.739295
 1495.000000    0.756153
 1500.000000    0.732496
 1505.000000    0.699453
 1510.000000    0.710610
 1515.000000    0.730625
 1520.000000    0.752895
 1525.000000    0.753144
 1530.000000    0.741279
 1535.000000    0.719897
 1540.000000    0.724616
 1545.000000    0.730576
 1550.000000    0.728173
 1555.000000    0.737831
 1560.000000    0.760013
 1565.000000    0.783621
 1570.000000    0.767333
 1575.000000    0.732586
 1580.000000    0.712739
 1585.000000    0.688484
 1590.000000    0.678567
 1595.000000    0.698989
 1600.000000    0.700686
 1605.000000    0.691457
 1610.000000    0.703032
 1615.000000    0.707838
 1620.000000    0.710786
 1625.000000    0.728740
 1630.000000    0.739573
 1635.000000    0.755529
 1640.000000    0.768518
 1645.000000    0.753861
 1650.000000    0.721880
 1655.000000    0.734175
 1660.000000    0.748830
 1665.000000    0.746542
 1670.000000    0.722986
 1675.000000    0.715545
 1680.000000    0.723501
 1685.000000    0.721273
 1690.000000    0.753844
 1695.000000    0.728517
 1700.000000    0.738883
 1705.000000    0.729002
 1710.000000    0.702459
 1715.000000    0.719704
 1720.000000    0.735139
 1725.000000    0.751510
 1730.000000    0.748590
 1735.000000    0.752749
 1740.000000    0.794399
 1745.000000    0.777214
 1750.000000    0.750237
 1755.000000    0.751124
 1760.000000    0.784554
 1765.000000    0.768853
 1770.000000    0.755059
 1775.000000    0.779263
 1780.000000    0.768468
 1785.000000    0.792950
 1790.000000    0.813903
 1795.000000    0.803407
 1800.000000    0.814766
 1805.000000    0.809607
 1810.000000    0.801459
 1815.000000    0.774326
 1820.000000    0.752033
 1825.000000    0.747889
 1830.000000    0.760791
 1835.000000    0.764065
 1840.000000    0.784194
 1845.000000    0.808750
 1850.000000    0.809406
 1855.000000    0.789201
 1860.000000    0.774568
 1865.000000    0.781545
 1870.000000    0.783404
 1875.000000    0.771261
 1880.000000    0.754612
 1885.000000    0.756846
 1890.000000    0.746252
 1895.000000    0.750602
 1900.000000    0.749037
 1905.000000    0.748903
 1910.000000    0.746314
 1915.000000    0.781499
 1920.000000    0.792546
 1925.000000    0.801189
 1930.000000    0.795163
 1935.000000    0.780572
 1940.000000    0.732500
