#  pixel_depth  alphabetafraction   >  Analysis of alpha beta fraction
   70.000000    0.668854
   75.000000    0.632500
   80.000000    0.598542
   85.000000    0.577587
   90.000000    0.566370
   95.000000    0.510622
  100.000000    0.527230
  105.000000    0.482909
  110.000000    0.459162
  115.000000    0.464766
  120.000000    0.433589
  125.000000    0.447322
  130.000000    0.430989
  135.000000    0.435011
  140.000000    0.421918
  145.000000    0.395912
  150.000000    0.398657
  155.000000    0.411892
  160.000000    0.454315
  165.000000    0.500942
  170.000000    0.514974
  175.000000    0.501817
  180.000000    0.511493
  185.000000    0.530613
  190.000000    0.544462
  195.000000    0.549161
  200.000000    0.588470
  205.000000    0.565141
  210.000000    0.546435
  215.000000    0.548608
  220.000000    0.573219
  225.000000    0.560801
  230.000000    0.553026
  235.000000    0.537770
  240.000000    0.566778
  245.000000    0.615368
  250.000000    0.631560
  255.000000    0.645504
  260.000000    0.636186
  265.000000    0.608271
  270.000000    0.565639
  275.000000    0.483731
  280.000000    0.511164
  285.000000    0.530529
  290.000000    0.507001
  295.000000    0.505127
  300.000000    0.526309
  305.000000    0.568463
  310.000000    0.594541
  315.000000    0.585174
  320.000000    0.542717
  325.000000    0.555944
  330.000000    0.555600
  335.000000    0.582593
  340.000000    0.623457
  345.000000    0.624698
  350.000000    0.592981
  355.000000    0.566430
  360.000000    0.560620
  365.000000    0.569645
  370.000000    0.571924
  375.000000    0.569621
  380.000000    0.568029
  385.000000    0.590258
  390.000000    0.612308
  395.000000    0.617476
  400.000000    0.659444
  405.000000    0.652155
  410.000000    0.644493
  415.000000    0.641247
  420.000000    0.654775
  425.000000    0.668385
  430.000000    0.633045
  435.000000    0.629253
  440.000000    0.607483
  445.000000    0.575678
  450.000000    0.519860
  455.000000    0.508119
  460.000000    0.525899
  465.000000    0.577694
  470.000000    0.611904
  475.000000    0.601126
  480.000000    0.556757
  485.000000    0.564509
  490.000000    0.550354
  495.000000    0.558333
  500.000000    0.574343
  505.000000    0.548661
  510.000000    0.536929
  515.000000    0.529870
  520.000000    0.518102
  525.000000    0.511454
  530.000000    0.487021
  535.000000    0.473906
  540.000000    0.498410
  545.000000    0.523510
  550.000000    0.565502
  555.000000    0.558070
  560.000000    0.557457
  565.000000    0.538705
  570.000000    0.526483
  575.000000    0.535287
  580.000000    0.568033
  585.000000    0.579293
  590.000000    0.555402
  595.000000    0.522198
  600.000000    0.515801
  605.000000    0.508895
  610.000000    0.519369
  615.000000    0.547141
  620.000000    0.564658
  625.000000    0.568382
  630.000000    0.570408
  635.000000    0.557668
  640.000000    0.543281
  645.000000    0.525553
  650.000000    0.520799
  655.000000    0.512172
  660.000000    0.553550
  665.000000    0.576997
  670.000000    0.603339
  675.000000    0.618092
  680.000000    0.612229
  685.000000    0.591546
  690.000000    0.570095
  695.000000    0.580152
  700.000000    0.578306
  705.000000    0.547878
  710.000000    0.559516
  715.000000    0.597989
  720.000000    0.602992
  725.000000    0.591068
  730.000000    0.565878
  735.000000    0.600324
  740.000000    0.604024
  745.000000    0.574621
  750.000000    0.557272
  755.000000    0.549517
  760.000000    0.528999
  765.000000    0.487668
  770.000000    0.448857
  775.000000    0.456875
  780.000000    0.460922
  785.000000    0.493064
  790.000000    0.534820
  795.000000    0.544387
  800.000000    0.504481
  805.000000    0.486691
  810.000000    0.502297
  815.000000    0.536443
  820.000000    0.557607
  825.000000    0.542316
  830.000000    0.512095
  835.000000    0.530296
  840.000000    0.521774
  845.000000    0.513022
  850.000000    0.535575
  855.000000    0.558126
  860.000000    0.582098
  865.000000    0.576130
  870.000000    0.573447
  875.000000    0.537450
  880.000000    0.540661
  885.000000    0.548359
  890.000000    0.552481
  895.000000    0.550700
  900.000000    0.560111
  905.000000    0.549007
  910.000000    0.528653
  915.000000    0.498653
  920.000000    0.457317
  925.000000    0.458811
  930.000000    0.484419
  935.000000    0.511595
  940.000000    0.496256
  945.000000    0.473394
  950.000000    0.483308
  955.000000    0.471739
  960.000000    0.521287
  965.000000    0.542737
  970.000000    0.544031
  975.000000    0.564645
  980.000000    0.570194
  985.000000    0.609069
  990.000000    0.587912
  995.000000    0.574425
 1000.000000    0.567902
 1005.000000    0.539012
 1010.000000    0.490235
 1015.000000    0.464506
 1020.000000    0.460840
 1025.000000    0.482719
 1030.000000    0.523226
 1035.000000    0.535022
 1040.000000    0.530515
 1045.000000    0.555209
 1050.000000    0.537815
 1055.000000    0.530300
 1060.000000    0.510488
 1065.000000    0.482679
 1070.000000    0.483470
 1075.000000    0.504856
 1080.000000    0.534036
 1085.000000    0.501614
 1090.000000    0.501630
 1095.000000    0.488871
 1100.000000    0.526004
 1105.000000    0.532326
 1110.000000    0.517946
 1115.000000    0.512319
 1120.000000    0.537396
 1125.000000    0.544964
 1130.000000    0.523905
 1135.000000    0.495646
 1140.000000    0.488718
 1145.000000    0.495432
 1150.000000    0.481369
 1155.000000    0.474097
 1160.000000    0.477761
 1165.000000    0.494758
 1170.000000    0.492543
 1175.000000    0.494171
 1180.000000    0.502096
 1185.000000    0.515286
 1190.000000    0.519690
 1195.000000    0.557768
 1200.000000    0.552177
 1205.000000    0.574153
 1210.000000    0.607889
 1215.000000    0.607137
 1220.000000    0.603951
 1225.000000    0.625900
 1230.000000    0.597546
 1235.000000    0.561095
 1240.000000    0.521786
 1245.000000    0.507048
 1250.000000    0.520643
 1255.000000    0.517219
 1260.000000    0.505694
 1265.000000    0.493182
 1270.000000    0.494396
 1275.000000    0.481382
 1280.000000    0.420957
 1285.000000    0.408583
 1290.000000    0.427835
 1295.000000    0.445157
 1300.000000    0.531623
 1305.000000    0.556168
 1310.000000    0.581743
 1315.000000    0.575505
 1320.000000    0.551227
 1325.000000    0.545283
 1330.000000    0.560753
 1335.000000    0.555702
 1340.000000    0.576787
 1345.000000    0.595914
 1350.000000    0.606372
 1355.000000    0.616731
 1360.000000    0.633455
 1365.000000    0.640150
 1370.000000    0.612283
 1375.000000    0.595766
 1380.000000    0.573122
 1385.000000    0.547922
 1390.000000    0.534083
 1395.000000    0.522191
 1400.000000    0.529065
 1405.000000    0.530853
 1410.000000    0.572479
 1415.000000    0.616172
 1420.000000    0.614910
 1425.000000    0.587389
 1430.000000    0.581761
 1435.000000    0.597234
 1440.000000    0.625155
 1445.000000    0.636270
 1450.000000    0.636501
 1455.000000    0.657942
 1460.000000    0.677096
 1465.000000    0.665944
 1470.000000    0.665494
 1475.000000    0.646752
 1480.000000    0.607784
 1485.000000    0.591618
 1490.000000    0.585619
 1495.000000    0.597158
 1500.000000    0.591812
 1505.000000    0.603144
 1510.000000    0.616862
 1515.000000    0.602608
 1520.000000    0.590305
 1525.000000    0.587045
 1530.000000    0.545791
 1535.000000    0.473395
 1540.000000    0.462110
 1545.000000    0.462889
 1550.000000    0.484679
 1555.000000    0.496686
 1560.000000    0.505635
 1565.000000    0.531836
 1570.000000    0.544664
 1575.000000    0.577502
 1580.000000    0.600947
 1585.000000    0.593296
 1590.000000    0.585516
 1595.000000    0.606657
 1600.000000    0.608649
 1605.000000    0.639616
 1610.000000    0.664432
 1615.000000    0.704320
 1620.000000    0.700679
 1625.000000    0.749936
 1630.000000    0.779092
 1635.000000    0.780021
 1640.000000    0.762706
 1645.000000    0.743336
 1650.000000    0.712265
 1655.000000    0.677879
 1660.000000    0.675315
 1665.000000    0.628091
 1670.000000    0.544212
 1675.000000    0.496829
