#  pixel_depth  alphabetafraction   >  Analysis of alpha beta fraction
  121.000000    0.701352
  126.000000    0.702363
  131.000000    0.738388
  136.000000    0.736777
  141.000000    0.750680
  146.000000    0.765576
  151.000000    0.766743
  156.000000    0.763252
  161.000000    0.771548
  166.000000    0.784106
  171.000000    0.798093
  176.000000    0.844618
  181.000000    0.866583
  186.000000    0.855872
  191.000000    0.813388
  196.000000    0.778847
  201.000000    0.773550
  206.000000    0.743765
  211.000000    0.732361
  216.000000    0.699820
  221.000000    0.700225
  226.000000    0.718567
  231.000000    0.699948
  236.000000    0.682220
  241.000000    0.667718
  246.000000    0.688995
  251.000000    0.668151
  256.000000    0.651214
  261.000000    0.652991
  266.000000    0.653832
  271.000000    0.661790
  276.000000    0.659580
  281.000000    0.653713
  286.000000    0.637969
  291.000000    0.628432
  296.000000    0.580230
  301.000000    0.543007
  306.000000    0.535730
  311.000000    0.516032
  316.000000    0.520749
  321.000000    0.556902
  326.000000    0.577752
  331.000000    0.623523
  336.000000    0.643975
  341.000000    0.650883
  346.000000    0.656212
  351.000000    0.659484
  356.000000    0.637019
  361.000000    0.631192
  366.000000    0.656884
  371.000000    0.666232
  376.000000    0.681659
  381.000000    0.662444
  386.000000    0.668135
  391.000000    0.713070
  396.000000    0.728038
  401.000000    0.746886
  406.000000    0.744826
  411.000000    0.738912
  416.000000    0.721704
  421.000000    0.703558
  426.000000    0.720785
  431.000000    0.746865
  436.000000    0.782368
  441.000000    0.755766
  446.000000    0.724380
  451.000000    0.705331
  456.000000    0.656960
  461.000000    0.629265
  466.000000    0.631813
  471.000000    0.666600
  476.000000    0.677777
  481.000000    0.672101
  486.000000    0.692050
  491.000000    0.700336
  496.000000    0.703576
  501.000000    0.757145
  506.000000    0.780075
  511.000000    0.793866
  516.000000    0.788235
  521.000000    0.798682
  526.000000    0.797150
  531.000000    0.811487
  536.000000    0.834163
  541.000000    0.819017
  546.000000    0.808140
  551.000000    0.789487
  556.000000    0.758729
  561.000000    0.722509
  566.000000    0.700510
  571.000000    0.725552
  576.000000    0.732814
  581.000000    0.744790
  586.000000    0.718018
  591.000000    0.710477
  596.000000    0.686642
  601.000000    0.678509
  606.000000    0.688839
  611.000000    0.651240
  616.000000    0.601975
  621.000000    0.608857
  626.000000    0.629039
  631.000000    0.659048
  636.000000    0.664904
  641.000000    0.654881
  646.000000    0.648578
  651.000000    0.664350
  656.000000    0.690519
  661.000000    0.721172
  666.000000    0.740088
  671.000000    0.745412
  676.000000    0.742834
  681.000000    0.724680
  686.000000    0.693515
  691.000000    0.695549
  696.000000    0.700283
  701.000000    0.687346
  706.000000    0.686940
  711.000000    0.678158
  716.000000    0.675414
  721.000000    0.681265
  726.000000    0.701840
  731.000000    0.696985
  736.000000    0.676901
  741.000000    0.679255
  746.000000    0.681447
  751.000000    0.697867
  756.000000    0.700541
  761.000000    0.701566
  766.000000    0.711421
  771.000000    0.724002
  776.000000    0.748660
  781.000000    0.723829
  786.000000    0.745671
  791.000000    0.771846
  796.000000    0.792597
  801.000000    0.810481
  806.000000    0.822412
  811.000000    0.810557
  816.000000    0.794424
  821.000000    0.783819
  826.000000    0.796184
  831.000000    0.802361
  836.000000    0.817047
  841.000000    0.823321
  846.000000    0.820520
  851.000000    0.809512
  856.000000    0.767299
  861.000000    0.738277
  866.000000    0.708870
  871.000000    0.704667
  876.000000    0.688064
  881.000000    0.685109
  886.000000    0.719784
  891.000000    0.760564
  896.000000    0.776566
  901.000000    0.786482
  906.000000    0.766081
  911.000000    0.758407
  916.000000    0.718505
  921.000000    0.696032
  926.000000    0.689316
  931.000000    0.701337
  936.000000    0.723770
  941.000000    0.749956
  946.000000    0.729897
  951.000000    0.743327
  956.000000    0.749223
  961.000000    0.751255
  966.000000    0.745251
  971.000000    0.741835
  976.000000    0.737630
  981.000000    0.724924
  986.000000    0.704478
  991.000000    0.709848
  996.000000    0.719991
 1001.000000    0.713095
 1006.000000    0.726229
 1011.000000    0.747225
 1016.000000    0.759432
 1021.000000    0.754520
 1026.000000    0.760087
 1031.000000    0.763428
 1036.000000    0.759694
 1041.000000    0.769212
 1046.000000    0.741469
 1051.000000    0.693623
 1056.000000    0.679103
 1061.000000    0.687042
 1066.000000    0.705104
 1071.000000    0.751933
 1076.000000    0.800940
 1081.000000    0.779333
 1086.000000    0.788247
 1091.000000    0.815598
 1096.000000    0.773799
 1101.000000    0.751673
 1106.000000    0.768296
 1111.000000    0.782690
 1116.000000    0.772168
 1121.000000    0.777603
 1126.000000    0.810404
 1131.000000    0.791974
 1136.000000    0.768526
 1141.000000    0.781985
 1146.000000    0.804533
 1151.000000    0.826192
 1156.000000    0.809861
 1161.000000    0.770484
 1166.000000    0.750581
 1171.000000    0.732352
 1176.000000    0.741980
 1181.000000    0.734056
 1186.000000    0.757473
 1191.000000    0.787860
 1196.000000    0.769454
 1201.000000    0.749556
 1206.000000    0.755294
 1211.000000    0.754780
 1216.000000    0.781322
 1221.000000    0.813999
 1226.000000    0.826960
 1231.000000    0.830503
 1236.000000    0.827398
 1241.000000    0.818780
 1246.000000    0.837513
 1251.000000    0.826964
 1256.000000    0.790185
 1261.000000    0.753673
 1266.000000    0.721959
 1271.000000    0.717834
 1276.000000    0.726674
 1281.000000    0.669237
 1286.000000    0.646200
 1291.000000    0.617747
 1296.000000    0.593750
 1301.000000    0.549737
 1306.000000    0.557542
 1311.000000    0.580303
 1316.000000    0.591970
 1321.000000    0.606993
 1326.000000    0.646759
 1331.000000    0.657150
 1336.000000    0.668403
 1341.000000    0.697074
 1346.000000    0.715192
 1351.000000    0.746141
 1356.000000    0.743207
 1361.000000    0.759984
 1366.000000    0.778878
 1371.000000    0.798872
 1376.000000    0.823078
 1381.000000    0.833403
 1386.000000    0.841859
 1391.000000    0.846339
 1396.000000    0.850605
 1401.000000    0.856500
 1406.000000    0.863190
 1411.000000    0.848100
 1416.000000    0.844985
 1421.000000    0.800551
 1426.000000    0.758122
 1431.000000    0.734006
 1436.000000    0.716168
 1441.000000    0.679818
 1446.000000    0.670233
 1451.000000    0.601089
 1456.000000    0.548992
 1461.000000    0.525696
 1466.000000    0.521730
 1471.000000    0.525643
 1476.000000    0.552855
 1481.000000    0.532778
 1486.000000    0.531648
 1491.000000    0.592031
 1496.000000    0.666339
 1501.000000    0.707533
 1506.000000    0.722682
 1511.000000    0.721348
 1516.000000    0.716097
 1521.000000    0.706522
 1526.000000    0.724299
 1531.000000    0.725757
 1536.000000    0.714374
 1541.000000    0.703022
 1546.000000    0.702699
 1551.000000    0.729710
 1556.000000    0.751777
 1561.000000    0.769831
 1566.000000    0.787030
 1571.000000    0.788062
 1576.000000    0.824839
 1581.000000    0.831789
 1586.000000    0.784461
 1591.000000    0.762788
 1596.000000    0.757133
 1601.000000    0.779217
 1606.000000    0.767339
 1611.000000    0.758865
 1616.000000    0.728280
 1621.000000    0.708180
 1626.000000    0.694107
 1631.000000    0.655413
 1636.000000    0.648439
 1641.000000    0.660588
 1646.000000    0.686205
 1651.000000    0.691083
 1656.000000    0.687357
 1661.000000    0.669199
 1666.000000    0.665011
 1671.000000    0.698202
 1676.000000    0.710079
 1681.000000    0.701536
 1686.000000    0.693827
 1691.000000    0.691872
 1696.000000    0.665818
 1701.000000    0.639284
 1706.000000    0.643680
 1711.000000    0.615391
 1716.000000    0.611827
 1721.000000    0.607062
 1726.000000    0.639405
 1731.000000    0.667310
 1736.000000    0.716416
 1741.000000    0.785179
 1746.000000    0.817723
 1751.000000    0.836320
 1756.000000    0.837190
 1761.000000    0.830065
 1766.000000    0.828908
 1771.000000    0.811929
 1776.000000    0.798136
 1781.000000    0.779073
 1786.000000    0.767818
 1791.000000    0.762451
 1796.000000    0.761850
 1801.000000    0.740072
 1806.000000    0.737981
 1811.000000    0.744438
 1816.000000    0.720407
 1821.000000    0.707502
 1826.000000    0.692211
 1831.000000    0.697937
 1836.000000    0.686833
 1841.000000    0.663759
 1846.000000    0.682211
 1851.000000    0.712784
 1856.000000    0.727934
 1861.000000    0.746624
 1866.000000    0.762910
 1871.000000    0.769201
 1876.000000    0.762900
 1881.000000    0.746513
 1886.000000    0.715663
 1891.000000    0.700858
 1896.000000    0.695340
 1901.000000    0.663387
 1906.000000    0.674575
 1911.000000    0.696753
 1916.000000    0.698479
 1921.000000    0.688672
 1926.000000    0.668334
 1931.000000    0.674669
 1936.000000    0.710281
 1941.000000    0.715456
