#  pixel_depth  alphabetafraction   >  Analysis of alpha beta fraction
   25.000000    0.887882
   30.000000    0.896438
   35.000000    0.886701
   40.000000    0.874223
   45.000000    0.858618
   50.000000    0.842350
   55.000000    0.862679
   60.000000    0.866385
   65.000000    0.842714
   70.000000    0.824209
   75.000000    0.806715
   80.000000    0.808366
   85.000000    0.823044
   90.000000    0.821319
   95.000000    0.790179
  100.000000    0.808594
  105.000000    0.826924
  110.000000    0.823212
  115.000000    0.804237
  120.000000    0.825540
  125.000000    0.813392
  130.000000    0.808285
  135.000000    0.817565
  140.000000    0.816982
  145.000000    0.821570
  150.000000    0.826423
  155.000000    0.814280
  160.000000    0.810830
  165.000000    0.785880
  170.000000    0.771333
  175.000000    0.755151
  180.000000    0.759725
  185.000000    0.781395
  190.000000    0.798486
  195.000000    0.785315
  200.000000    0.750501
  205.000000    0.776440
  210.000000    0.790884
  215.000000    0.770896
  220.000000    0.768859
  225.000000    0.790996
  230.000000    0.793178
  235.000000    0.772736
  240.000000    0.774142
  245.000000    0.779397
  250.000000    0.812772
  255.000000    0.842036
  260.000000    0.833509
  265.000000    0.809308
  270.000000    0.803465
  275.000000    0.801021
  280.000000    0.806278
  285.000000    0.822547
  290.000000    0.819751
  295.000000    0.832978
  300.000000    0.827682
  305.000000    0.808216
  310.000000    0.806596
  315.000000    0.791597
  320.000000    0.788396
  325.000000    0.794441
  330.000000    0.806649
  335.000000    0.803545
  340.000000    0.786759
  345.000000    0.781775
  350.000000    0.768906
  355.000000    0.775786
  360.000000    0.781480
  365.000000    0.800829
  370.000000    0.806486
  375.000000    0.805680
  380.000000    0.787940
  385.000000    0.778787
  390.000000    0.783334
  395.000000    0.790097
  400.000000    0.778789
  405.000000    0.766580
  410.000000    0.768135
  415.000000    0.786463
  420.000000    0.803452
  425.000000    0.809463
  430.000000    0.826891
  435.000000    0.821241
  440.000000    0.816152
  445.000000    0.773092
  450.000000    0.741281
  455.000000    0.706349
  460.000000    0.703430
  465.000000    0.728598
  470.000000    0.760435
  475.000000    0.790924
  480.000000    0.802082
  485.000000    0.812875
  490.000000    0.819508
  495.000000    0.817848
  500.000000    0.822876
  505.000000    0.833019
  510.000000    0.828847
  515.000000    0.813495
  520.000000    0.817996
  525.000000    0.803113
  530.000000    0.806176
  535.000000    0.797577
  540.000000    0.802392
  545.000000    0.806753
  550.000000    0.801653
  555.000000    0.795400
  560.000000    0.762995
  565.000000    0.775429
  570.000000    0.770579
  575.000000    0.760071
  580.000000    0.764247
  585.000000    0.759142
  590.000000    0.747896
  595.000000    0.746892
  600.000000    0.709377
  605.000000    0.651562
  610.000000    0.706867
  615.000000    0.738308
  620.000000    0.750763
  625.000000    0.803542
  630.000000    0.834698
  635.000000    0.839216
  640.000000    0.810857
  645.000000    0.799764
  650.000000    0.799406
  655.000000    0.822503
  660.000000    0.826365
  665.000000    0.837665
  670.000000    0.826028
  675.000000    0.826270
  680.000000    0.784557
  685.000000    0.761869
  690.000000    0.723466
  695.000000    0.713059
  700.000000    0.722027
  705.000000    0.780881
  710.000000    0.809085
  715.000000    0.816386
  720.000000    0.791257
  725.000000    0.789789
  730.000000    0.812044
  735.000000    0.796911
  740.000000    0.808454
  745.000000    0.815488
  750.000000    0.822441
  755.000000    0.804293
  760.000000    0.798225
  765.000000    0.791870
  770.000000    0.781328
  775.000000    0.777507
  780.000000    0.776658
  785.000000    0.741962
  790.000000    0.721703
  795.000000    0.717389
  800.000000    0.730013
  805.000000    0.755543
  810.000000    0.776419
  815.000000    0.763831
  820.000000    0.761409
  825.000000    0.778393
  830.000000    0.803979
  835.000000    0.813528
  840.000000    0.822417
  845.000000    0.803612
  850.000000    0.790973
  855.000000    0.752844
  860.000000    0.744098
  865.000000    0.751167
  870.000000    0.768093
  875.000000    0.811157
  880.000000    0.803900
  885.000000    0.801811
  890.000000    0.794181
  895.000000    0.792335
  900.000000    0.790700
  905.000000    0.792655
  910.000000    0.777720
  915.000000    0.779949
  920.000000    0.778312
  925.000000    0.772036
  930.000000    0.755959
  935.000000    0.724465
  940.000000    0.716883
  945.000000    0.666458
  950.000000    0.653440
  955.000000    0.675052
  960.000000    0.692708
  965.000000    0.677576
  970.000000    0.719463
  975.000000    0.741463
  980.000000    0.735482
  985.000000    0.740955
  990.000000    0.750154
  995.000000    0.755598
 1000.000000    0.778158
 1005.000000    0.791618
 1010.000000    0.783975
 1015.000000    0.788065
 1020.000000    0.795208
 1025.000000    0.813905
 1030.000000    0.813901
 1035.000000    0.816093
 1040.000000    0.815622
 1045.000000    0.809504
 1050.000000    0.799292
 1055.000000    0.795835
 1060.000000    0.802396
 1065.000000    0.797692
 1070.000000    0.779556
 1075.000000    0.772953
 1080.000000    0.762928
 1085.000000    0.765914
 1090.000000    0.787534
 1095.000000    0.799763
 1100.000000    0.824211
 1105.000000    0.832386
 1110.000000    0.835896
 1115.000000    0.817948
 1120.000000    0.773099
 1125.000000    0.779683
 1130.000000    0.766199
 1135.000000    0.793910
 1140.000000    0.799768
 1145.000000    0.785630
 1150.000000    0.783417
 1155.000000    0.760447
 1160.000000    0.759381
 1165.000000    0.756630
 1170.000000    0.751047
 1175.000000    0.752174
 1180.000000    0.789682
 1185.000000    0.818171
 1190.000000    0.832444
 1195.000000    0.817218
 1200.000000    0.813046
 1205.000000    0.824832
 1210.000000    0.837771
 1215.000000    0.866078
 1220.000000    0.868933
 1225.000000    0.868125
 1230.000000    0.827425
 1235.000000    0.811457
 1240.000000    0.784271
 1245.000000    0.779589
 1250.000000    0.761875
 1255.000000    0.744032
 1260.000000    0.721237
 1265.000000    0.726674
 1270.000000    0.718660
 1275.000000    0.707266
 1280.000000    0.718174
 1285.000000    0.729114
 1290.000000    0.746622
 1295.000000    0.765539
 1300.000000    0.791369
 1305.000000    0.789746
 1310.000000    0.766590
 1315.000000    0.735833
 1320.000000    0.727474
 1325.000000    0.711567
 1330.000000    0.712658
 1335.000000    0.711387
 1340.000000    0.748274
 1345.000000    0.747780
 1350.000000    0.736072
 1355.000000    0.748790
 1360.000000    0.737661
 1365.000000    0.766123
 1370.000000    0.762494
 1375.000000    0.779282
 1380.000000    0.790715
 1385.000000    0.789402
 1390.000000    0.752061
 1395.000000    0.741414
 1400.000000    0.769151
 1405.000000    0.787201
 1410.000000    0.796201
 1415.000000    0.817423
 1420.000000    0.829597
 1425.000000    0.838318
 1430.000000    0.832909
 1435.000000    0.821210
 1440.000000    0.769557
 1445.000000    0.742077
 1450.000000    0.729890
 1455.000000    0.737858
 1460.000000    0.731748
 1465.000000    0.735619
 1470.000000    0.756108
 1475.000000    0.784010
 1480.000000    0.796235
 1485.000000    0.791212
 1490.000000    0.768358
 1495.000000    0.759052
 1500.000000    0.737509
 1505.000000    0.727175
 1510.000000    0.720977
 1515.000000    0.728883
 1520.000000    0.745474
 1525.000000    0.764051
 1530.000000    0.773013
 1535.000000    0.774479
 1540.000000    0.729860
 1545.000000    0.710798
 1550.000000    0.717016
 1555.000000    0.698321
 1560.000000    0.701416
 1565.000000    0.716301
 1570.000000    0.727314
 1575.000000    0.757157
 1580.000000    0.744294
 1585.000000    0.746293
 1590.000000    0.755291
 1595.000000    0.735805
 1600.000000    0.723907
 1605.000000    0.728039
 1610.000000    0.743498
 1615.000000    0.745595
 1620.000000    0.766591
 1625.000000    0.740901
 1630.000000    0.757663
 1635.000000    0.747143
 1640.000000    0.782024
 1645.000000    0.776883
 1650.000000    0.773888
 1655.000000    0.776177
 1660.000000    0.791359
 1665.000000    0.799577
 1670.000000    0.786893
 1675.000000    0.776936
 1680.000000    0.784742
 1685.000000    0.789759
 1690.000000    0.777592
 1695.000000    0.778414
 1700.000000    0.773172
 1705.000000    0.746684
 1710.000000    0.770907
 1715.000000    0.809746
 1720.000000    0.840845
 1725.000000    0.845088
 1730.000000    0.822555
 1735.000000    0.816362
 1740.000000    0.812579
 1745.000000    0.785529
 1750.000000    0.782557
 1755.000000    0.764865
 1760.000000    0.717595
 1765.000000    0.697564
 1770.000000    0.702497
 1775.000000    0.751158
 1780.000000    0.808914
 1785.000000    0.827684
 1790.000000    0.831795
 1795.000000    0.805295
 1800.000000    0.784110
 1805.000000    0.772166
 1810.000000    0.754590
 1815.000000    0.775765
 1820.000000    0.793184
 1825.000000    0.771470
 1830.000000    0.778538
 1835.000000    0.738975
 1840.000000    0.736354
 1845.000000    0.712328
 1850.000000    0.691873
 1855.000000    0.712925
 1860.000000    0.747669
 1865.000000    0.767715
 1870.000000    0.782649
