#  pixel_depth  alphabetafraction   >  Analysis of alpha beta fraction
   59.000000    0.467780
   64.000000    0.485139
   69.000000    0.519245
   74.000000    0.546319
   79.000000    0.583203
   84.000000    0.584857
   89.000000    0.575017
   94.000000    0.583163
   99.000000    0.577508
  104.000000    0.553574
  109.000000    0.558005
  114.000000    0.559674
  119.000000    0.560116
  124.000000    0.560296
  129.000000    0.579498
  134.000000    0.556533
  139.000000    0.572615
  144.000000    0.591135
  149.000000    0.593272
  154.000000    0.629728
  159.000000    0.653179
  164.000000    0.662264
  169.000000    0.668602
  174.000000    0.663937
  179.000000    0.671433
  184.000000    0.665875
  189.000000    0.637328
  194.000000    0.645144
  199.000000    0.659514
  204.000000    0.661662
  209.000000    0.644422
  214.000000    0.580176
  219.000000    0.552789
  224.000000    0.534598
  229.000000    0.587702
  234.000000    0.621350
  239.000000    0.642686
  244.000000    0.675104
  249.000000    0.709428
  254.000000    0.706357
  259.000000    0.672648
  264.000000    0.631331
  269.000000    0.646091
  274.000000    0.664993
  279.000000    0.658146
  284.000000    0.644451
  289.000000    0.650753
  294.000000    0.655374
  299.000000    0.630391
  304.000000    0.601810
  309.000000    0.613577
  314.000000    0.616138
  319.000000    0.612677
  324.000000    0.568839
  329.000000    0.544477
  334.000000    0.506306
  339.000000    0.524251
  344.000000    0.560405
  349.000000    0.610806
  354.000000    0.640679
  359.000000    0.660534
  364.000000    0.652604
  369.000000    0.645535
  374.000000    0.644924
  379.000000    0.658790
  384.000000    0.662679
  389.000000    0.680021
  394.000000    0.659337
  399.000000    0.651078
  404.000000    0.654121
  409.000000    0.679701
  414.000000    0.674327
  419.000000    0.644936
  424.000000    0.642510
  429.000000    0.652125
  434.000000    0.690853
  439.000000    0.687583
  444.000000    0.660715
  449.000000    0.649014
  454.000000    0.659241
  459.000000    0.656367
  464.000000    0.635226
  469.000000    0.644299
  474.000000    0.650203
  479.000000    0.649540
  484.000000    0.654894
  489.000000    0.693230
  494.000000    0.700498
  499.000000    0.656730
  504.000000    0.642104
  509.000000    0.656665
  514.000000    0.644161
  519.000000    0.627138
  524.000000    0.628073
  529.000000    0.617916
  534.000000    0.620967
  539.000000    0.612994
  544.000000    0.610170
  549.000000    0.628926
  554.000000    0.641167
  559.000000    0.638090
  564.000000    0.674197
  569.000000    0.676144
  574.000000    0.665160
  579.000000    0.664170
  584.000000    0.629076
  589.000000    0.651425
  594.000000    0.660919
  599.000000    0.659109
  604.000000    0.660356
  609.000000    0.665784
  614.000000    0.690143
  619.000000    0.674003
  624.000000    0.658129
  629.000000    0.629975
  634.000000    0.589513
  639.000000    0.577751
  644.000000    0.585995
  649.000000    0.571605
  654.000000    0.558329
  659.000000    0.583374
  664.000000    0.569982
  669.000000    0.593121
  674.000000    0.631370
  679.000000    0.638086
  684.000000    0.625268
  689.000000    0.652604
  694.000000    0.636101
  699.000000    0.657569
  704.000000    0.680525
  709.000000    0.724979
  714.000000    0.746235
  719.000000    0.746780
  724.000000    0.758927
  729.000000    0.738961
  734.000000    0.726479
  739.000000    0.722135
  744.000000    0.719414
  749.000000    0.741075
  754.000000    0.743319
  759.000000    0.729794
  764.000000    0.716195
  769.000000    0.701271
  774.000000    0.704412
  779.000000    0.673366
  784.000000    0.678267
  789.000000    0.664007
  794.000000    0.657313
  799.000000    0.665259
  804.000000    0.653456
  809.000000    0.655226
  814.000000    0.679588
  819.000000    0.725693
  824.000000    0.725866
  829.000000    0.674118
  834.000000    0.649297
  839.000000    0.663771
  844.000000    0.648155
  849.000000    0.622709
  854.000000    0.619173
  859.000000    0.606390
  864.000000    0.602842
  869.000000    0.613590
  874.000000    0.668492
  879.000000    0.677455
  884.000000    0.681887
  889.000000    0.683426
  894.000000    0.681443
  899.000000    0.673087
  904.000000    0.633591
  909.000000    0.629033
  914.000000    0.635987
  919.000000    0.651822
  924.000000    0.652528
  929.000000    0.673736
  934.000000    0.677770
  939.000000    0.695209
  944.000000    0.693363
  949.000000    0.672905
  954.000000    0.659596
  959.000000    0.658805
  964.000000    0.659808
  969.000000    0.718086
  974.000000    0.741472
  979.000000    0.741560
  984.000000    0.731448
  989.000000    0.693494
  994.000000    0.666826
  999.000000    0.654706
 1004.000000    0.618320
 1009.000000    0.631471
 1014.000000    0.631868
 1019.000000    0.621106
 1024.000000    0.635956
 1029.000000    0.640832
 1034.000000    0.670708
 1039.000000    0.675356
 1044.000000    0.660887
 1049.000000    0.653386
 1054.000000    0.659194
 1059.000000    0.660643
 1064.000000    0.662585
 1069.000000    0.669868
 1074.000000    0.625883
 1079.000000    0.633703
 1084.000000    0.667098
 1089.000000    0.680652
 1094.000000    0.708942
 1099.000000    0.711011
 1104.000000    0.703778
 1109.000000    0.687644
 1114.000000    0.672732
 1119.000000    0.660011
 1124.000000    0.658791
 1129.000000    0.653955
 1134.000000    0.639857
 1139.000000    0.636318
 1144.000000    0.640018
 1149.000000    0.614164
 1154.000000    0.585823
 1159.000000    0.591089
 1164.000000    0.623625
 1169.000000    0.682811
 1174.000000    0.717012
 1179.000000    0.746002
 1184.000000    0.760116
 1189.000000    0.746588
 1194.000000    0.736662
 1199.000000    0.714524
 1204.000000    0.725839
 1209.000000    0.703613
 1214.000000    0.698500
 1219.000000    0.687865
 1224.000000    0.675174
 1229.000000    0.639094
 1234.000000    0.613228
 1239.000000    0.615056
 1244.000000    0.626821
 1249.000000    0.640341
 1254.000000    0.646964
 1259.000000    0.676704
 1264.000000    0.696911
 1269.000000    0.726499
 1274.000000    0.733961
 1279.000000    0.729298
 1284.000000    0.710092
 1289.000000    0.676700
 1294.000000    0.653672
 1299.000000    0.652416
 1304.000000    0.673679
 1309.000000    0.692602
 1314.000000    0.665015
 1319.000000    0.663636
 1324.000000    0.686006
 1329.000000    0.716768
 1334.000000    0.698675
 1339.000000    0.675754
 1344.000000    0.647046
 1349.000000    0.591683
 1354.000000    0.563619
 1359.000000    0.555012
 1364.000000    0.556123
 1369.000000    0.578140
 1374.000000    0.626889
 1379.000000    0.652627
 1384.000000    0.636398
 1389.000000    0.642431
 1394.000000    0.669897
 1399.000000    0.657669
 1404.000000    0.659495
 1409.000000    0.651257
 1414.000000    0.645599
 1419.000000    0.643853
 1424.000000    0.657718
 1429.000000    0.670023
 1434.000000    0.698534
 1439.000000    0.690164
 1444.000000    0.680209
 1449.000000    0.692660
 1454.000000    0.719872
 1459.000000    0.704132
 1464.000000    0.710689
 1469.000000    0.719862
 1474.000000    0.709975
 1479.000000    0.711853
 1484.000000    0.719358
 1489.000000    0.700560
 1494.000000    0.686913
 1499.000000    0.694886
 1504.000000    0.708110
 1509.000000    0.720074
 1514.000000    0.744637
 1519.000000    0.771313
 1524.000000    0.766870
 1529.000000    0.752340
 1534.000000    0.736130
 1539.000000    0.747802
 1544.000000    0.756779
 1549.000000    0.694192
 1554.000000    0.655817
 1559.000000    0.642505
 1564.000000    0.631994
 1569.000000    0.637682
 1574.000000    0.646426
 1579.000000    0.649199
 1584.000000    0.661635
 1589.000000    0.643910
 1594.000000    0.650307
 1599.000000    0.643816
 1604.000000    0.655679
 1609.000000    0.669245
 1614.000000    0.660007
 1619.000000    0.685447
 1624.000000    0.707543
 1629.000000    0.686194
 1634.000000    0.689830
 1639.000000    0.709573
 1644.000000    0.723847
 1649.000000    0.717675
 1654.000000    0.670356
 1659.000000    0.671358
 1664.000000    0.681866
 1669.000000    0.698466
 1674.000000    0.739670
 1679.000000    0.746590
 1684.000000    0.767440
 1689.000000    0.790416
 1694.000000    0.758706
 1699.000000    0.741094
 1704.000000    0.736566
 1709.000000    0.729225
 1714.000000    0.734671
 1719.000000    0.777453
 1724.000000    0.791184
 1729.000000    0.813371
