#  pixel_depth  alphabetafraction   >  Analysis of alpha beta fraction
    5.000000    0.694313
   10.000000    0.682860
   15.000000    0.689840
   20.000000    0.661743
   25.000000    0.635998
   30.000000    0.645810
   35.000000    0.654527
   40.000000    0.694820
   45.000000    0.743558
   50.000000    0.727627
   55.000000    0.714277
   60.000000    0.691686
   65.000000    0.677674
   70.000000    0.680587
   75.000000    0.685367
   80.000000    0.692728
   85.000000    0.684136
   90.000000    0.676670
   95.000000    0.679294
  100.000000    0.643739
  105.000000    0.607260
  110.000000    0.643160
  115.000000    0.683052
  120.000000    0.679840
  125.000000    0.690807
  130.000000    0.733257
  135.000000    0.758889
  140.000000    0.771890
  145.000000    0.773548
  150.000000    0.778874
  155.000000    0.794080
  160.000000    0.798121
  165.000000    0.811111
  170.000000    0.814621
  175.000000    0.795395
  180.000000    0.748103
  185.000000    0.714354
  190.000000    0.669093
  195.000000    0.676107
  200.000000    0.675795
  205.000000    0.682295
  210.000000    0.684096
  215.000000    0.687000
  220.000000    0.725833
  225.000000    0.729177
  230.000000    0.725904
  235.000000    0.730500
  240.000000    0.735749
  245.000000    0.742231
  250.000000    0.733903
  255.000000    0.742170
  260.000000    0.734919
  265.000000    0.756563
  270.000000    0.737194
  275.000000    0.720852
  280.000000    0.732012
  285.000000    0.726532
  290.000000    0.736778
  295.000000    0.740132
  300.000000    0.735431
  305.000000    0.737589
  310.000000    0.711455
  315.000000    0.697148
  320.000000    0.691947
  325.000000    0.659748
  330.000000    0.612284
  335.000000    0.586267
  340.000000    0.569693
  345.000000    0.573907
  350.000000    0.623083
  355.000000    0.620126
  360.000000    0.602431
  365.000000    0.659872
  370.000000    0.675597
  375.000000    0.688129
  380.000000    0.702014
  385.000000    0.721393
  390.000000    0.734060
  395.000000    0.751780
  400.000000    0.750697
  405.000000    0.748066
  410.000000    0.765894
  415.000000    0.749930
  420.000000    0.752390
  425.000000    0.747343
  430.000000    0.736589
  435.000000    0.734314
  440.000000    0.734677
  445.000000    0.734233
  450.000000    0.709558
  455.000000    0.679389
  460.000000    0.684976
  465.000000    0.686740
  470.000000    0.666345
  475.000000    0.638155
  480.000000    0.609699
  485.000000    0.627846
  490.000000    0.641541
  495.000000    0.663128
  500.000000    0.719623
  505.000000    0.735070
  510.000000    0.752599
  515.000000    0.730758
  520.000000    0.707885
  525.000000    0.695146
  530.000000    0.695604
  535.000000    0.692814
  540.000000    0.688186
  545.000000    0.673018
  550.000000    0.697179
  555.000000    0.733812
  560.000000    0.755772
  565.000000    0.755329
  570.000000    0.762287
  575.000000    0.777510
  580.000000    0.759434
  585.000000    0.749115
  590.000000    0.754905
  595.000000    0.712872
  600.000000    0.687880
  605.000000    0.651480
  610.000000    0.634105
  615.000000    0.635254
  620.000000    0.612470
  625.000000    0.635161
  630.000000    0.634178
  635.000000    0.620710
  640.000000    0.622653
  645.000000    0.657017
  650.000000    0.669236
  655.000000    0.658162
  660.000000    0.656672
  665.000000    0.655702
  670.000000    0.663984
  675.000000    0.683086
  680.000000    0.684207
  685.000000    0.685212
  690.000000    0.684938
  695.000000    0.674940
  700.000000    0.664237
  705.000000    0.683853
  710.000000    0.689905
  715.000000    0.704751
  720.000000    0.710693
  725.000000    0.716959
  730.000000    0.702638
  735.000000    0.695431
  740.000000    0.692227
  745.000000    0.709843
  750.000000    0.725138
  755.000000    0.730893
  760.000000    0.733621
  765.000000    0.713665
  770.000000    0.747971
  775.000000    0.762392
  780.000000    0.745875
  785.000000    0.718091
  790.000000    0.720294
  795.000000    0.728692
  800.000000    0.755115
  805.000000    0.756534
  810.000000    0.783369
  815.000000    0.788208
  820.000000    0.766042
  825.000000    0.787073
  830.000000    0.784033
  835.000000    0.759237
  840.000000    0.766366
  845.000000    0.771685
  850.000000    0.783490
  855.000000    0.794898
  860.000000    0.796253
  865.000000    0.780109
  870.000000    0.785092
  875.000000    0.775648
  880.000000    0.767355
  885.000000    0.743554
  890.000000    0.718600
  895.000000    0.715869
  900.000000    0.666944
  905.000000    0.665608
  910.000000    0.701068
  915.000000    0.712111
  920.000000    0.728707
  925.000000    0.748080
  930.000000    0.765898
  935.000000    0.776681
  940.000000    0.787806
  945.000000    0.793107
  950.000000    0.773526
  955.000000    0.748485
  960.000000    0.739559
  965.000000    0.755374
  970.000000    0.769775
  975.000000    0.763718
  980.000000    0.754684
  985.000000    0.729616
  990.000000    0.709444
  995.000000    0.681794
 1000.000000    0.662931
 1005.000000    0.656828
 1010.000000    0.656307
 1015.000000    0.656622
 1020.000000    0.664011
 1025.000000    0.667542
 1030.000000    0.679607
 1035.000000    0.678567
 1040.000000    0.699654
 1045.000000    0.691496
 1050.000000    0.693324
 1055.000000    0.714680
 1060.000000    0.715426
 1065.000000    0.693340
 1070.000000    0.687652
 1075.000000    0.685066
 1080.000000    0.668786
 1085.000000    0.629101
 1090.000000    0.642187
 1095.000000    0.667576
 1100.000000    0.663846
 1105.000000    0.658990
 1110.000000    0.621703
 1115.000000    0.650583
 1120.000000    0.673753
 1125.000000    0.675856
 1130.000000    0.701504
 1135.000000    0.721960
 1140.000000    0.756337
 1145.000000    0.769677
 1150.000000    0.756465
 1155.000000    0.758085
 1160.000000    0.791075
 1165.000000    0.803809
 1170.000000    0.789547
 1175.000000    0.772120
 1180.000000    0.782479
 1185.000000    0.794206
 1190.000000    0.774824
 1195.000000    0.784552
 1200.000000    0.754382
 1205.000000    0.736861
 1210.000000    0.732711
 1215.000000    0.728233
 1220.000000    0.690703
 1225.000000    0.689357
 1230.000000    0.714885
 1235.000000    0.717386
 1240.000000    0.715657
 1245.000000    0.710776
 1250.000000    0.693625
 1255.000000    0.677158
 1260.000000    0.658374
 1265.000000    0.668798
 1270.000000    0.688881
 1275.000000    0.661605
 1280.000000    0.700684
 1285.000000    0.727272
 1290.000000    0.770780
 1295.000000    0.787772
 1300.000000    0.753464
 1305.000000    0.753110
 1310.000000    0.765592
 1315.000000    0.779967
 1320.000000    0.764525
 1325.000000    0.740662
 1330.000000    0.665579
 1335.000000    0.647882
 1340.000000    0.611830
 1345.000000    0.595802
 1350.000000    0.596178
 1355.000000    0.594705
 1360.000000    0.619422
 1365.000000    0.643284
 1370.000000    0.668554
 1375.000000    0.655983
 1380.000000    0.623109
 1385.000000    0.672818
 1390.000000    0.696607
 1395.000000    0.738732
 1400.000000    0.734869
 1405.000000    0.735357
 1410.000000    0.715236
 1415.000000    0.717445
 1420.000000    0.704831
 1425.000000    0.740247
 1430.000000    0.756047
 1435.000000    0.758518
 1440.000000    0.753087
 1445.000000    0.732320
 1450.000000    0.692731
 1455.000000    0.688933
 1460.000000    0.673081
 1465.000000    0.689031
 1470.000000    0.689177
 1475.000000    0.708579
 1480.000000    0.750203
 1485.000000    0.764610
 1490.000000    0.807499
 1495.000000    0.809645
 1500.000000    0.823067
 1505.000000    0.810171
 1510.000000    0.820946
 1515.000000    0.815344
 1520.000000    0.784123
 1525.000000    0.764576
 1530.000000    0.782242
 1535.000000    0.775058
 1540.000000    0.746643
 1545.000000    0.751160
 1550.000000    0.753898
 1555.000000    0.748424
 1560.000000    0.707236
 1565.000000    0.664834
 1570.000000    0.652913
 1575.000000    0.659916
 1580.000000    0.673388
 1585.000000    0.686756
 1590.000000    0.696524
 1595.000000    0.725236
 1600.000000    0.721484
 1605.000000    0.720868
 1610.000000    0.722444
 1615.000000    0.741730
 1620.000000    0.721744
 1625.000000    0.736641
 1630.000000    0.741155
 1635.000000    0.740631
 1640.000000    0.732076
 1645.000000    0.733097
 1650.000000    0.722958
 1655.000000    0.688817
 1660.000000    0.680047
 1665.000000    0.674882
 1670.000000    0.670226
 1675.000000    0.659186
 1680.000000    0.651831
 1685.000000    0.651450
 1690.000000    0.665427
 1695.000000    0.642286
 1700.000000    0.636222
 1705.000000    0.604570
 1710.000000    0.628163
 1715.000000    0.663102
 1720.000000    0.680454
 1725.000000    0.677947
 1730.000000    0.691644
 1735.000000    0.726561
 1740.000000    0.715713
 1745.000000    0.710333
 1750.000000    0.735754
 1755.000000    0.746198
 1760.000000    0.746815
 1765.000000    0.772443
 1770.000000    0.755435
 1775.000000    0.774661
 1780.000000    0.780382
 1785.000000    0.774796
 1790.000000    0.752996
 1795.000000    0.720332
 1800.000000    0.698675
 1805.000000    0.689613
 1810.000000    0.688580
 1815.000000    0.691113
 1820.000000    0.716210
