#  pixel_depth  alphabetafraction   >  Analysis of alpha beta fraction
  181.000000    0.840505
  186.000000    0.812379
  191.000000    0.802375
  196.000000    0.811751
  201.000000    0.810605
  206.000000    0.814569
  211.000000    0.827146
  216.000000    0.810261
  221.000000    0.807499
  226.000000    0.808723
  231.000000    0.792440
  236.000000    0.774042
  241.000000    0.767685
  246.000000    0.718767
  251.000000    0.686973
  256.000000    0.683694
  261.000000    0.686301
  266.000000    0.689380
  271.000000    0.721509
  276.000000    0.744055
  281.000000    0.737736
  286.000000    0.729689
  291.000000    0.723102
  296.000000    0.721360
  301.000000    0.716431
  306.000000    0.714716
  311.000000    0.721300
  316.000000    0.720350
  321.000000    0.717020
  326.000000    0.760451
  331.000000    0.779628
  336.000000    0.784422
  341.000000    0.801865
  346.000000    0.811291
  351.000000    0.782430
  356.000000    0.774583
  361.000000    0.770144
  366.000000    0.757342
  371.000000    0.734970
  376.000000    0.726149
  381.000000    0.703510
  386.000000    0.702702
  391.000000    0.722808
  396.000000    0.738806
  401.000000    0.739552
  406.000000    0.728168
  411.000000    0.738092
  416.000000    0.763556
  421.000000    0.777496
  426.000000    0.796699
  431.000000    0.799972
  436.000000    0.769187
  441.000000    0.776969
  446.000000    0.777251
  451.000000    0.748062
  456.000000    0.725612
  461.000000    0.681517
  466.000000    0.666258
  471.000000    0.682503
  476.000000    0.708531
  481.000000    0.699306
  486.000000    0.702082
  491.000000    0.690506
  496.000000    0.734068
  501.000000    0.773800
  506.000000    0.771936
  511.000000    0.779623
  516.000000    0.802398
  521.000000    0.800186
  526.000000    0.819086
  531.000000    0.798141
  536.000000    0.766279
  541.000000    0.714823
  546.000000    0.721245
  551.000000    0.738687
  556.000000    0.694421
  561.000000    0.670186
  566.000000    0.698151
  571.000000    0.762524
  576.000000    0.789157
  581.000000    0.788909
  586.000000    0.782244
  591.000000    0.784204
  596.000000    0.774827
  601.000000    0.749928
  606.000000    0.753640
  611.000000    0.735475
  616.000000    0.731232
  621.000000    0.735756
  626.000000    0.745252
  631.000000    0.719149
  636.000000    0.722778
  641.000000    0.745745
  646.000000    0.747679
  651.000000    0.735713
  656.000000    0.733213
  661.000000    0.739988
  666.000000    0.749592
  671.000000    0.766861
  676.000000    0.752742
  681.000000    0.744248
  686.000000    0.749069
  691.000000    0.754214
  696.000000    0.761800
  701.000000    0.760501
  706.000000    0.748428
  711.000000    0.743900
  716.000000    0.745094
  721.000000    0.762058
  726.000000    0.744944
  731.000000    0.727503
  736.000000    0.715187
  741.000000    0.705957
  746.000000    0.722533
  751.000000    0.745574
  756.000000    0.755180
  761.000000    0.762893
  766.000000    0.775891
  771.000000    0.776337
  776.000000    0.775795
  781.000000    0.779859
  786.000000    0.764209
  791.000000    0.742065
  796.000000    0.785288
  801.000000    0.788117
  806.000000    0.776007
  811.000000    0.780299
  816.000000    0.793141
  821.000000    0.802187
  826.000000    0.805150
  831.000000    0.813315
  836.000000    0.790807
  841.000000    0.810541
  846.000000    0.802878
  851.000000    0.803362
  856.000000    0.818146
  861.000000    0.808084
  866.000000    0.796274
  871.000000    0.781430
  876.000000    0.778427
  881.000000    0.810386
  886.000000    0.814965
  891.000000    0.767700
  896.000000    0.765925
  901.000000    0.735041
  906.000000    0.716455
  911.000000    0.711377
  916.000000    0.706100
  921.000000    0.700675
  926.000000    0.695135
  931.000000    0.714496
  936.000000    0.717315
  941.000000    0.718762
  946.000000    0.702716
  951.000000    0.709065
  956.000000    0.739859
  961.000000    0.752967
  966.000000    0.765193
  971.000000    0.788831
  976.000000    0.758339
  981.000000    0.767418
  986.000000    0.781373
  991.000000    0.793556
  996.000000    0.784855
 1001.000000    0.782405
 1006.000000    0.809539
 1011.000000    0.813063
 1016.000000    0.828501
 1021.000000    0.826738
 1026.000000    0.810262
 1031.000000    0.796797
 1036.000000    0.765903
 1041.000000    0.749422
 1046.000000    0.748889
 1051.000000    0.750958
 1056.000000    0.754250
 1061.000000    0.742497
 1066.000000    0.747428
 1071.000000    0.718535
 1076.000000    0.710026
 1081.000000    0.732610
 1086.000000    0.754144
 1091.000000    0.767016
 1096.000000    0.767589
 1101.000000    0.764120
 1106.000000    0.797138
 1111.000000    0.823920
 1116.000000    0.836599
 1121.000000    0.840473
 1126.000000    0.821822
 1131.000000    0.780038
 1136.000000    0.763827
 1141.000000    0.741353
 1146.000000    0.711992
 1151.000000    0.712746
 1156.000000    0.747353
 1161.000000    0.738078
 1166.000000    0.729243
 1171.000000    0.745770
 1176.000000    0.768358
 1181.000000    0.768357
 1186.000000    0.762448
 1191.000000    0.764393
 1196.000000    0.775863
 1201.000000    0.794645
 1206.000000    0.796950
 1211.000000    0.809539
 1216.000000    0.844066
 1221.000000    0.866593
 1226.000000    0.876833
 1231.000000    0.876957
 1236.000000    0.879266
 1241.000000    0.863233
 1246.000000    0.841564
 1251.000000    0.809783
 1256.000000    0.740424
 1261.000000    0.705804
 1266.000000    0.692940
 1271.000000    0.701823
 1276.000000    0.729700
 1281.000000    0.756929
 1286.000000    0.746632
 1291.000000    0.720675
 1296.000000    0.735873
 1301.000000    0.759260
 1306.000000    0.800953
 1311.000000    0.826430
 1316.000000    0.827684
 1321.000000    0.812038
 1326.000000    0.817560
 1331.000000    0.812973
 1336.000000    0.810448
 1341.000000    0.787718
 1346.000000    0.788951
 1351.000000    0.784826
 1356.000000    0.746359
 1361.000000    0.716056
 1366.000000    0.709733
 1371.000000    0.740818
 1376.000000    0.727575
 1381.000000    0.721139
 1386.000000    0.710431
 1391.000000    0.730755
 1396.000000    0.740756
 1401.000000    0.701668
 1406.000000    0.699159
 1411.000000    0.710855
 1416.000000    0.742753
 1421.000000    0.745532
 1426.000000    0.751020
 1431.000000    0.709448
 1436.000000    0.681460
 1441.000000    0.700895
 1446.000000    0.702165
 1451.000000    0.706573
 1456.000000    0.731355
 1461.000000    0.736057
 1466.000000    0.752333
 1471.000000    0.757625
 1476.000000    0.738892
 1481.000000    0.724377
 1486.000000    0.715623
 1491.000000    0.688932
 1496.000000    0.679634
 1501.000000    0.704300
 1506.000000    0.728774
 1511.000000    0.730554
 1516.000000    0.743682
 1521.000000    0.760285
 1526.000000    0.758934
 1531.000000    0.773720
 1536.000000    0.784183
 1541.000000    0.761833
 1546.000000    0.753041
 1551.000000    0.721747
 1556.000000    0.708749
 1561.000000    0.721435
 1566.000000    0.712082
 1571.000000    0.699118
 1576.000000    0.733376
 1581.000000    0.765497
 1586.000000    0.779981
 1591.000000    0.745633
 1596.000000    0.735723
 1601.000000    0.736264
 1606.000000    0.721103
 1611.000000    0.755390
 1616.000000    0.768314
 1621.000000    0.779777
 1626.000000    0.759332
 1631.000000    0.750378
 1636.000000    0.770009
 1641.000000    0.778352
 1646.000000    0.768619
 1651.000000    0.760093
 1656.000000    0.751793
 1661.000000    0.737125
 1666.000000    0.737764
 1671.000000    0.713854
 1676.000000    0.673254
 1681.000000    0.658013
 1686.000000    0.677926
 1691.000000    0.729124
 1696.000000    0.782230
 1701.000000    0.803128
 1706.000000    0.784541
 1711.000000    0.778299
 1716.000000    0.756506
 1721.000000    0.734647
 1726.000000    0.714577
 1731.000000    0.718834
 1736.000000    0.713050
 1741.000000    0.712570
 1746.000000    0.706293
 1751.000000    0.710147
 1756.000000    0.745937
 1761.000000    0.743453
 1766.000000    0.740568
 1771.000000    0.751230
 1776.000000    0.732080
 1781.000000    0.716097
 1786.000000    0.696924
 1791.000000    0.717748
 1796.000000    0.690415
 1801.000000    0.655693
 1806.000000    0.644333
 1811.000000    0.645888
 1816.000000    0.684444
 1821.000000    0.712241
 1826.000000    0.743698
 1831.000000    0.762179
 1836.000000    0.769802
 1841.000000    0.780079
 1846.000000    0.794161
 1851.000000    0.806120
 1856.000000    0.806180
 1861.000000    0.768667
 1866.000000    0.746485
 1871.000000    0.713177
 1876.000000    0.712293
 1881.000000    0.710456
 1886.000000    0.709672
 1891.000000    0.727804
 1896.000000    0.733835
 1901.000000    0.728356
 1906.000000    0.732958
 1911.000000    0.731176
 1916.000000    0.700804
 1921.000000    0.694660
 1926.000000    0.723399
 1931.000000    0.753090
 1936.000000    0.777201
 1941.000000    0.784284
