#  pixel_depth  alphabetafraction   >  Analysis of alpha beta fraction
  136.000000    0.646759
  141.000000    0.639530
  146.000000    0.632269
  151.000000    0.616233
  156.000000    0.624707
  161.000000    0.616917
  166.000000    0.625196
  171.000000    0.648081
  176.000000    0.664506
  181.000000    0.665923
  186.000000    0.629628
  191.000000    0.638619
  196.000000    0.657349
  201.000000    0.653710
  206.000000    0.712003
  211.000000    0.695769
  216.000000    0.703277
  221.000000    0.721148
  226.000000    0.694707
  231.000000    0.679192
  236.000000    0.708504
  241.000000    0.700542
  246.000000    0.741249
  251.000000    0.777228
  256.000000    0.782515
  261.000000    0.799684
  266.000000    0.807199
  271.000000    0.808883
  276.000000    0.789238
  281.000000    0.779009
  286.000000    0.766224
  291.000000    0.737214
  296.000000    0.698240
  301.000000    0.678828
  306.000000    0.686789
  311.000000    0.679416
  316.000000    0.652273
  321.000000    0.683217
  326.000000    0.682521
  331.000000    0.667814
  336.000000    0.618800
  341.000000    0.631672
  346.000000    0.654297
  351.000000    0.647817
  356.000000    0.643228
  361.000000    0.682125
  366.000000    0.687908
  371.000000    0.699793
  376.000000    0.724430
  381.000000    0.770632
  386.000000    0.757360
  391.000000    0.772699
  396.000000    0.765929
  401.000000    0.737720
  406.000000    0.727276
  411.000000    0.732718
  416.000000    0.713216
  421.000000    0.718241
  426.000000    0.721141
  431.000000    0.718630
  436.000000    0.688793
  441.000000    0.634373
  446.000000    0.600286
  451.000000    0.599300
  456.000000    0.635192
  461.000000    0.663812
  466.000000    0.671405
  471.000000    0.679077
  476.000000    0.705737
  481.000000    0.748054
  486.000000    0.721000
  491.000000    0.711637
  496.000000    0.713438
  501.000000    0.691995
  506.000000    0.703670
  511.000000    0.680114
  516.000000    0.697324
  521.000000    0.655672
  526.000000    0.653318
  531.000000    0.678518
  536.000000    0.685491
  541.000000    0.715806
  546.000000    0.722972
  551.000000    0.742274
  556.000000    0.747074
  561.000000    0.762898
  566.000000    0.760047
  571.000000    0.772030
  576.000000    0.767753
  581.000000    0.759971
  586.000000    0.722225
  591.000000    0.720328
  596.000000    0.718710
  601.000000    0.730033
  606.000000    0.750520
  611.000000    0.783870
  616.000000    0.780828
  621.000000    0.771179
  626.000000    0.811212
  631.000000    0.836432
  636.000000    0.843766
  641.000000    0.846700
  646.000000    0.846647
  651.000000    0.814347
  656.000000    0.803787
  661.000000    0.787358
  666.000000    0.779753
  671.000000    0.770627
  676.000000    0.767628
  681.000000    0.781984
  686.000000    0.793153
  691.000000    0.778070
  696.000000    0.747291
  701.000000    0.716583
  706.000000    0.694806
  711.000000    0.661952
  716.000000    0.613056
  721.000000    0.621213
  726.000000    0.627347
  731.000000    0.607699
  736.000000    0.576086
  741.000000    0.576200
  746.000000    0.573309
  751.000000    0.578617
  756.000000    0.615430
  761.000000    0.619256
  766.000000    0.642459
  771.000000    0.633669
  776.000000    0.644359
  781.000000    0.665770
  786.000000    0.642926
  791.000000    0.646559
  796.000000    0.680275
  801.000000    0.682635
  806.000000    0.630605
  811.000000    0.642435
  816.000000    0.652069
  821.000000    0.685499
  826.000000    0.702051
  831.000000    0.719218
  836.000000    0.713551
  841.000000    0.747789
  846.000000    0.757227
  851.000000    0.737946
  856.000000    0.713142
  861.000000    0.714879
  866.000000    0.746178
  871.000000    0.758906
  876.000000    0.774983
  881.000000    0.800900
  886.000000    0.783296
  891.000000    0.730378
  896.000000    0.735021
  901.000000    0.712048
  906.000000    0.690157
  911.000000    0.693238
  916.000000    0.699801
  921.000000    0.682170
  926.000000    0.699192
  931.000000    0.711426
  936.000000    0.718357
  941.000000    0.688627
  946.000000    0.669695
  951.000000    0.652254
  956.000000    0.663045
  961.000000    0.702360
  966.000000    0.704812
  971.000000    0.708275
  976.000000    0.705595
  981.000000    0.717534
  986.000000    0.720413
  991.000000    0.725318
  996.000000    0.758483
 1001.000000    0.746942
 1006.000000    0.745691
 1011.000000    0.751580
 1016.000000    0.764563
 1021.000000    0.776588
 1026.000000    0.721228
 1031.000000    0.701787
 1036.000000    0.688024
 1041.000000    0.701115
 1046.000000    0.717794
 1051.000000    0.681445
 1056.000000    0.664197
 1061.000000    0.700047
 1066.000000    0.723321
 1071.000000    0.745541
 1076.000000    0.722467
 1081.000000    0.709103
 1086.000000    0.750683
 1091.000000    0.778317
 1096.000000    0.792592
 1101.000000    0.780715
 1106.000000    0.803038
 1111.000000    0.779704
 1116.000000    0.776051
 1121.000000    0.765864
 1126.000000    0.752701
 1131.000000    0.716641
 1136.000000    0.712740
 1141.000000    0.738284
 1146.000000    0.715417
 1151.000000    0.691878
 1156.000000    0.661836
 1161.000000    0.641227
 1166.000000    0.649870
 1171.000000    0.658661
 1176.000000    0.663284
 1181.000000    0.680396
 1186.000000    0.733579
 1191.000000    0.751327
 1196.000000    0.745693
 1201.000000    0.780142
 1206.000000    0.782001
 1211.000000    0.793993
 1216.000000    0.782637
 1221.000000    0.815337
 1226.000000    0.841764
 1231.000000    0.845878
 1236.000000    0.845458
 1241.000000    0.849731
 1246.000000    0.828016
 1251.000000    0.827911
 1256.000000    0.829449
 1261.000000    0.827684
 1266.000000    0.807924
 1271.000000    0.771662
 1276.000000    0.754704
 1281.000000    0.701495
 1286.000000    0.700648
 1291.000000    0.698542
 1296.000000    0.716425
 1301.000000    0.744561
 1306.000000    0.744506
 1311.000000    0.738315
 1316.000000    0.694443
 1321.000000    0.671033
 1326.000000    0.670514
 1331.000000    0.682343
 1336.000000    0.668453
 1341.000000    0.654840
 1346.000000    0.647099
 1351.000000    0.676356
 1356.000000    0.721682
 1361.000000    0.727229
 1366.000000    0.732445
 1371.000000    0.764544
 1376.000000    0.768722
 1381.000000    0.789755
 1386.000000    0.810823
 1391.000000    0.820695
 1396.000000    0.799390
 1401.000000    0.773744
 1406.000000    0.767100
 1411.000000    0.701895
 1416.000000    0.679131
 1421.000000    0.725883
 1426.000000    0.715872
 1431.000000    0.719789
 1436.000000    0.708097
 1441.000000    0.734991
 1446.000000    0.729469
 1451.000000    0.716522
 1456.000000    0.706073
 1461.000000    0.758588
 1466.000000    0.766954
 1471.000000    0.773524
 1476.000000    0.777209
 1481.000000    0.735136
 1486.000000    0.719329
 1491.000000    0.724733
 1496.000000    0.729465
 1501.000000    0.735738
 1506.000000    0.748393
 1511.000000    0.753284
 1516.000000    0.741163
 1521.000000    0.717756
 1526.000000    0.688349
 1531.000000    0.685745
 1536.000000    0.700389
 1541.000000    0.693070
 1546.000000    0.662867
 1551.000000    0.666310
 1556.000000    0.651928
 1561.000000    0.674435
 1566.000000    0.681764
 1571.000000    0.635263
 1576.000000    0.659289
 1581.000000    0.708893
 1586.000000    0.738041
 1591.000000    0.729865
 1596.000000    0.691707
 1601.000000    0.671384
 1606.000000    0.670990
 1611.000000    0.696134
 1616.000000    0.700769
 1621.000000    0.688666
 1626.000000    0.665172
 1631.000000    0.658119
 1636.000000    0.664139
 1641.000000    0.640144
 1646.000000    0.643434
 1651.000000    0.667825
 1656.000000    0.683951
 1661.000000    0.690486
 1666.000000    0.671124
 1671.000000    0.636222
 1676.000000    0.580031
 1681.000000    0.564513
 1686.000000    0.619546
 1691.000000    0.641989
 1696.000000    0.663571
 1701.000000    0.657040
 1706.000000    0.634831
 1711.000000    0.652515
 1716.000000    0.656082
 1721.000000    0.703301
 1726.000000    0.700620
 1731.000000    0.703129
 1736.000000    0.725756
 1741.000000    0.724813
 1746.000000    0.742278
 1751.000000    0.733481
 1756.000000    0.728714
 1761.000000    0.722984
 1766.000000    0.721287
 1771.000000    0.726865
 1776.000000    0.730355
 1781.000000    0.729807
 1786.000000    0.734703
 1791.000000    0.728326
 1796.000000    0.710248
 1801.000000    0.679318
 1806.000000    0.659379
 1811.000000    0.659795
 1816.000000    0.644941
 1821.000000    0.652084
 1826.000000    0.651471
 1831.000000    0.631090
 1836.000000    0.607399
 1841.000000    0.622454
 1846.000000    0.625877
 1851.000000    0.627259
 1856.000000    0.635123
 1861.000000    0.662118
 1866.000000    0.666788
 1871.000000    0.678410
 1876.000000    0.700344
 1881.000000    0.704763
 1886.000000    0.756526
 1891.000000    0.780844
 1896.000000    0.792422
 1901.000000    0.789964
