#  pixel_depth  alphabetafraction   >  Analysis of alpha beta fraction
  199.000000    0.752649
  204.000000    0.745916
  209.000000    0.733313
  214.000000    0.722592
  219.000000    0.722914
  224.000000    0.735302
  229.000000    0.720418
  234.000000    0.723250
  239.000000    0.704873
  244.000000    0.680088
  249.000000    0.657975
  254.000000    0.655435
  259.000000    0.668283
  264.000000    0.678113
  269.000000    0.703334
  274.000000    0.695083
  279.000000    0.674375
  284.000000    0.709618
  289.000000    0.732863
  294.000000    0.749010
  299.000000    0.767307
  304.000000    0.782760
  309.000000    0.759580
  314.000000    0.767980
  319.000000    0.768661
  324.000000    0.741232
  329.000000    0.759663
  334.000000    0.726572
  339.000000    0.669302
  344.000000    0.627070
  349.000000    0.623130
  354.000000    0.630830
  359.000000    0.625400
  364.000000    0.603107
  369.000000    0.599514
  374.000000    0.670608
  379.000000    0.712511
  384.000000    0.723371
  389.000000    0.707927
  394.000000    0.709039
  399.000000    0.699591
  404.000000    0.675910
  409.000000    0.670561
  414.000000    0.676308
  419.000000    0.679911
  424.000000    0.679088
  429.000000    0.694447
  434.000000    0.714069
  439.000000    0.720990
  444.000000    0.752423
  449.000000    0.806829
  454.000000    0.834812
  459.000000    0.855789
  464.000000    0.822101
  469.000000    0.807829
  474.000000    0.795621
  479.000000    0.755726
  484.000000    0.701883
  489.000000    0.698839
  494.000000    0.717516
  499.000000    0.726680
  504.000000    0.714795
  509.000000    0.721421
  514.000000    0.733759
  519.000000    0.758995
  524.000000    0.764258
  529.000000    0.753915
  534.000000    0.729786
  539.000000    0.712959
  544.000000    0.700320
  549.000000    0.692814
  554.000000    0.694698
  559.000000    0.717789
  564.000000    0.729171
  569.000000    0.729127
  574.000000    0.737265
  579.000000    0.735111
  584.000000    0.724680
  589.000000    0.717969
  594.000000    0.714320
  599.000000    0.704428
  604.000000    0.712877
  609.000000    0.710073
  614.000000    0.703713
  619.000000    0.685263
  624.000000    0.653877
  629.000000    0.675716
  634.000000    0.693958
  639.000000    0.692672
  644.000000    0.682541
  649.000000    0.689557
  654.000000    0.692800
  659.000000    0.671969
  664.000000    0.675781
  669.000000    0.712394
  674.000000    0.732926
  679.000000    0.750801
  684.000000    0.770064
  689.000000    0.739228
  694.000000    0.753695
  699.000000    0.771929
  704.000000    0.776083
  709.000000    0.757629
  714.000000    0.718159
  719.000000    0.701237
  724.000000    0.681962
  729.000000    0.661981
  734.000000    0.673426
  739.000000    0.693224
  744.000000    0.703832
  749.000000    0.706308
  754.000000    0.699997
  759.000000    0.700367
  764.000000    0.694826
  769.000000    0.682885
  774.000000    0.702585
  779.000000    0.702211
  784.000000    0.695437
  789.000000    0.691769
  794.000000    0.697761
  799.000000    0.711242
  804.000000    0.674450
  809.000000    0.659472
  814.000000    0.634810
  819.000000    0.636521
  824.000000    0.656603
  829.000000    0.670617
  834.000000    0.668440
  839.000000    0.683198
  844.000000    0.693591
  849.000000    0.721896
  854.000000    0.732861
  859.000000    0.718442
  864.000000    0.707398
  869.000000    0.702880
  874.000000    0.660344
  879.000000    0.676821
  884.000000    0.691141
  889.000000    0.700300
  894.000000    0.697987
  899.000000    0.696238
  904.000000    0.698868
  909.000000    0.736098
  914.000000    0.755836
  919.000000    0.797084
  924.000000    0.813345
  929.000000    0.849280
  934.000000    0.877549
  939.000000    0.871852
  944.000000    0.859050
  949.000000    0.817383
  954.000000    0.776133
  959.000000    0.755826
  964.000000    0.735973
  969.000000    0.714059
  974.000000    0.657672
  979.000000    0.635869
  984.000000    0.646857
  989.000000    0.655978
  994.000000    0.666210
  999.000000    0.633356
 1004.000000    0.603450
 1009.000000    0.594399
 1014.000000    0.615670
 1019.000000    0.627646
 1024.000000    0.638590
 1029.000000    0.626199
 1034.000000    0.644134
 1039.000000    0.663201
 1044.000000    0.683361
 1049.000000    0.677815
 1054.000000    0.663290
 1059.000000    0.718408
 1064.000000    0.761165
 1069.000000    0.786155
 1074.000000    0.792821
 1079.000000    0.815835
 1084.000000    0.831078
 1089.000000    0.826863
 1094.000000    0.814068
 1099.000000    0.794058
 1104.000000    0.765359
 1109.000000    0.740828
 1114.000000    0.725485
 1119.000000    0.703527
 1124.000000    0.708695
 1129.000000    0.717190
 1134.000000    0.734964
 1139.000000    0.748961
 1144.000000    0.748843
 1149.000000    0.759009
 1154.000000    0.750676
 1159.000000    0.728705
 1164.000000    0.712737
 1169.000000    0.729776
 1174.000000    0.734715
 1179.000000    0.756626
 1184.000000    0.762245
 1189.000000    0.756412
 1194.000000    0.775971
 1199.000000    0.797969
 1204.000000    0.781425
 1209.000000    0.789175
 1214.000000    0.770989
 1219.000000    0.750658
 1224.000000    0.703923
 1229.000000    0.648331
 1234.000000    0.624864
 1239.000000    0.623565
 1244.000000    0.616878
 1249.000000    0.615184
 1254.000000    0.626689
 1259.000000    0.626702
 1264.000000    0.613472
 1269.000000    0.601293
 1274.000000    0.592177
 1279.000000    0.593109
 1284.000000    0.622772
 1289.000000    0.646137
 1294.000000    0.669338
 1299.000000    0.686971
 1304.000000    0.701216
 1309.000000    0.695857
 1314.000000    0.672332
 1319.000000    0.677817
 1324.000000    0.716518
 1329.000000    0.725438
 1334.000000    0.687976
 1339.000000    0.668779
 1344.000000    0.681239
 1349.000000    0.675258
 1354.000000    0.673543
 1359.000000    0.689842
 1364.000000    0.694752
 1369.000000    0.697081
 1374.000000    0.719484
 1379.000000    0.727728
 1384.000000    0.717450
 1389.000000    0.704117
 1394.000000    0.693776
 1399.000000    0.707414
 1404.000000    0.699951
 1409.000000    0.688045
 1414.000000    0.671898
 1419.000000    0.658295
 1424.000000    0.674052
 1429.000000    0.689782
 1434.000000    0.696898
 1439.000000    0.695329
 1444.000000    0.689603
 1449.000000    0.702975
 1454.000000    0.677944
 1459.000000    0.664368
 1464.000000    0.659663
 1469.000000    0.646821
 1474.000000    0.656402
 1479.000000    0.664246
 1484.000000    0.668592
 1489.000000    0.686008
 1494.000000    0.676525
 1499.000000    0.650003
 1504.000000    0.644053
 1509.000000    0.648440
 1514.000000    0.646273
 1519.000000    0.635493
 1524.000000    0.660546
 1529.000000    0.684583
 1534.000000    0.715992
 1539.000000    0.734337
 1544.000000    0.743449
 1549.000000    0.716290
 1554.000000    0.682920
 1559.000000    0.641725
 1564.000000    0.629364
 1569.000000    0.621174
 1574.000000    0.608722
 1579.000000    0.616695
 1584.000000    0.644839
 1589.000000    0.708774
 1594.000000    0.740070
 1599.000000    0.770633
 1604.000000    0.770487
 1609.000000    0.796279
 1614.000000    0.822177
 1619.000000    0.824214
 1624.000000    0.834972
 1629.000000    0.861565
 1634.000000    0.840045
 1639.000000    0.816865
 1644.000000    0.818464
 1649.000000    0.796071
 1654.000000    0.773369
 1659.000000    0.747811
 1664.000000    0.731722
 1669.000000    0.700070
 1674.000000    0.694218
 1679.000000    0.699895
 1684.000000    0.703271
 1689.000000    0.710279
 1694.000000    0.706873
 1699.000000    0.699497
 1704.000000    0.695793
 1709.000000    0.729934
 1714.000000    0.736610
 1719.000000    0.749341
 1724.000000    0.760978
 1729.000000    0.785171
 1734.000000    0.784671
 1739.000000    0.775903
 1744.000000    0.752323
 1749.000000    0.722932
 1754.000000    0.725144
 1759.000000    0.771452
 1764.000000    0.763378
 1769.000000    0.734843
 1774.000000    0.711329
 1779.000000    0.653878
 1784.000000    0.627935
 1789.000000    0.610783
 1794.000000    0.619020
 1799.000000    0.628140
 1804.000000    0.640049
 1809.000000    0.660294
 1814.000000    0.690135
 1819.000000    0.730060
 1824.000000    0.762813
 1829.000000    0.771945
 1834.000000    0.765402
 1839.000000    0.739786
 1844.000000    0.726952
 1849.000000    0.725673
 1854.000000    0.722633
 1859.000000    0.736996
 1864.000000    0.746847
 1869.000000    0.734699
 1874.000000    0.706563
 1879.000000    0.706438
 1884.000000    0.710345
 1889.000000    0.687269
 1894.000000    0.656836
 1899.000000    0.625096
 1904.000000    0.658062
 1909.000000    0.686994
 1914.000000    0.695960
 1919.000000    0.708757
 1924.000000    0.735967
 1929.000000    0.769284
 1934.000000    0.785175
 1939.000000    0.786071
