#  pixel_depth  alphabetafraction   >  Analysis of alpha beta fraction
  148.000000    0.424835
  153.000000    0.432150
  158.000000    0.451010
  163.000000    0.468206
  168.000000    0.506772
  173.000000    0.522731
  178.000000    0.605297
  183.000000    0.665850
  188.000000    0.715502
  193.000000    0.763437
  198.000000    0.805941
  203.000000    0.827583
  208.000000    0.839419
  213.000000    0.845821
  218.000000    0.859821
  223.000000    0.865686
  228.000000    0.863977
  233.000000    0.831670
  238.000000    0.744329
  243.000000    0.708599
  248.000000    0.678600
  253.000000    0.643809
  258.000000    0.643268
  263.000000    0.612816
  268.000000    0.604303
  273.000000    0.621570
  278.000000    0.610834
  283.000000    0.608794
  288.000000    0.588758
  293.000000    0.562803
  298.000000    0.556638
  303.000000    0.602445
  308.000000    0.611943
  313.000000    0.573165
  318.000000    0.565477
  323.000000    0.574806
  328.000000    0.582791
  333.000000    0.591177
  338.000000    0.582595
  343.000000    0.607333
  348.000000    0.640708
  353.000000    0.665131
  358.000000    0.663509
  363.000000    0.664815
  368.000000    0.684463
  373.000000    0.693763
  378.000000    0.686838
  383.000000    0.661015
  388.000000    0.616138
  393.000000    0.623896
  398.000000    0.610036
  403.000000    0.615485
  408.000000    0.637034
  413.000000    0.646954
  418.000000    0.673860
  423.000000    0.689502
  428.000000    0.699778
  433.000000    0.701030
  438.000000    0.685646
  443.000000    0.680480
  448.000000    0.656349
  453.000000    0.615511
  458.000000    0.602657
  463.000000    0.604121
  468.000000    0.623848
  473.000000    0.652093
  478.000000    0.683366
  483.000000    0.715044
  488.000000    0.731232
  493.000000    0.726074
  498.000000    0.735664
  503.000000    0.734163
  508.000000    0.745563
  513.000000    0.762784
  518.000000    0.768174
  523.000000    0.755357
  528.000000    0.747415
  533.000000    0.748661
  538.000000    0.768900
  543.000000    0.761505
  548.000000    0.748875
  553.000000    0.722809
  558.000000    0.690658
  563.000000    0.647496
  568.000000    0.636988
  573.000000    0.648630
  578.000000    0.656862
  583.000000    0.597279
  588.000000    0.549306
  593.000000    0.565887
  598.000000    0.588744
  603.000000    0.601476
  608.000000    0.587601
  613.000000    0.605223
  618.000000    0.584920
  623.000000    0.543306
  628.000000    0.565766
  633.000000    0.587941
  638.000000    0.634003
  643.000000    0.687080
  648.000000    0.700956
  653.000000    0.713619
  658.000000    0.712471
  663.000000    0.690465
  668.000000    0.682419
  673.000000    0.669631
  678.000000    0.655088
  683.000000    0.623224
  688.000000    0.638002
  693.000000    0.677063
  698.000000    0.677746
  703.000000    0.711953
  708.000000    0.743297
  713.000000    0.747249
  718.000000    0.725512
  723.000000    0.702097
  728.000000    0.700285
  733.000000    0.709750
  738.000000    0.721122
  743.000000    0.727340
  748.000000    0.708471
  753.000000    0.711327
  758.000000    0.700077
  763.000000    0.665586
  768.000000    0.659379
  773.000000    0.633381
  778.000000    0.639029
  783.000000    0.630034
  788.000000    0.636341
  793.000000    0.631941
  798.000000    0.635959
  803.000000    0.645735
  808.000000    0.667895
  813.000000    0.676882
  818.000000    0.646215
  823.000000    0.648884
  828.000000    0.634601
  833.000000    0.643165
  838.000000    0.665560
  843.000000    0.658482
  848.000000    0.671460
  853.000000    0.626244
  858.000000    0.618330
  863.000000    0.608067
  868.000000    0.605780
  873.000000    0.588623
  878.000000    0.601225
  883.000000    0.613327
  888.000000    0.663874
  893.000000    0.710614
  898.000000    0.732618
  903.000000    0.732872
  908.000000    0.726453
  913.000000    0.712644
  918.000000    0.710280
  923.000000    0.653652
  928.000000    0.645920
  933.000000    0.646850
  938.000000    0.657000
  943.000000    0.632844
  948.000000    0.609423
  953.000000    0.601372
  958.000000    0.564290
  963.000000    0.544685
  968.000000    0.511721
  973.000000    0.451835
  978.000000    0.444512
  983.000000    0.460490
  988.000000    0.522905
  993.000000    0.588320
  998.000000    0.605478
 1003.000000    0.630108
 1008.000000    0.649788
 1013.000000    0.683266
 1018.000000    0.722141
 1023.000000    0.714698
 1028.000000    0.736058
 1033.000000    0.746253
 1038.000000    0.746121
 1043.000000    0.767609
 1048.000000    0.795807
 1053.000000    0.768361
 1058.000000    0.763779
 1063.000000    0.764905
 1068.000000    0.757386
 1073.000000    0.746876
 1078.000000    0.728417
 1083.000000    0.672959
 1088.000000    0.634573
 1093.000000    0.629269
 1098.000000    0.577029
 1103.000000    0.566919
 1108.000000    0.543040
 1113.000000    0.523214
 1118.000000    0.491417
 1123.000000    0.477959
 1128.000000    0.505795
 1133.000000    0.482688
 1138.000000    0.469438
 1143.000000    0.504002
 1148.000000    0.591164
 1153.000000    0.658692
 1158.000000    0.705861
 1163.000000    0.751444
 1168.000000    0.761271
 1173.000000    0.757126
 1178.000000    0.765888
 1183.000000    0.769771
 1188.000000    0.764226
 1193.000000    0.758351
 1198.000000    0.749819
 1203.000000    0.755824
 1208.000000    0.746747
 1213.000000    0.701381
 1218.000000    0.689980
 1223.000000    0.710362
 1228.000000    0.697387
 1233.000000    0.666021
 1238.000000    0.640536
 1243.000000    0.627419
 1248.000000    0.606359
 1253.000000    0.596906
 1258.000000    0.601005
 1263.000000    0.606043
 1268.000000    0.566110
 1273.000000    0.550346
 1278.000000    0.571599
 1283.000000    0.556087
 1288.000000    0.553959
 1293.000000    0.579772
 1298.000000    0.588243
 1303.000000    0.610100
 1308.000000    0.632790
 1313.000000    0.669956
 1318.000000    0.693844
 1323.000000    0.728244
 1328.000000    0.712182
 1333.000000    0.712480
 1338.000000    0.711448
 1343.000000    0.691026
 1348.000000    0.688595
 1353.000000    0.669920
 1358.000000    0.662649
 1363.000000    0.653185
 1368.000000    0.636378
 1373.000000    0.607408
 1378.000000    0.614521
 1383.000000    0.628515
 1388.000000    0.638103
 1393.000000    0.665078
 1398.000000    0.680672
 1403.000000    0.668718
 1408.000000    0.668794
 1413.000000    0.685960
 1418.000000    0.709152
 1423.000000    0.736876
 1428.000000    0.753710
 1433.000000    0.772034
 1438.000000    0.749160
 1443.000000    0.724365
 1448.000000    0.691185
 1453.000000    0.666260
 1458.000000    0.632980
 1463.000000    0.642867
 1468.000000    0.655485
 1473.000000    0.642717
 1478.000000    0.661945
 1483.000000    0.682083
 1488.000000    0.691068
 1493.000000    0.718513
 1498.000000    0.738439
 1503.000000    0.739340
 1508.000000    0.739112
 1513.000000    0.717333
 1518.000000    0.713587
 1523.000000    0.682812
 1528.000000    0.700573
 1533.000000    0.713987
 1538.000000    0.710001
 1543.000000    0.694581
 1548.000000    0.657988
 1553.000000    0.617047
 1558.000000    0.633920
 1563.000000    0.671833
 1568.000000    0.710763
 1573.000000    0.705305
 1578.000000    0.702961
 1583.000000    0.677876
 1588.000000    0.656815
 1593.000000    0.640320
 1598.000000    0.626863
 1603.000000    0.608238
 1608.000000    0.602083
 1613.000000    0.598699
 1618.000000    0.593950
 1623.000000    0.552443
 1628.000000    0.512981
 1633.000000    0.471478
 1638.000000    0.421298
 1643.000000    0.427570
 1648.000000    0.452348
 1653.000000    0.489139
 1658.000000    0.511181
 1663.000000    0.529412
 1668.000000    0.553135
 1673.000000    0.615090
 1678.000000    0.667087
 1683.000000    0.730948
 1688.000000    0.779416
 1693.000000    0.785178
 1698.000000    0.774977
 1703.000000    0.784460
 1708.000000    0.755336
 1713.000000    0.725298
 1718.000000    0.724607
 1723.000000    0.717365
 1728.000000    0.708589
 1733.000000    0.720740
 1738.000000    0.723040
 1743.000000    0.715729
 1748.000000    0.726597
 1753.000000    0.742031
 1758.000000    0.742155
 1763.000000    0.733073
 1768.000000    0.749238
 1773.000000    0.719870
 1778.000000    0.689724
 1783.000000    0.678810
 1788.000000    0.667379
 1793.000000    0.648648
 1798.000000    0.603297
 1803.000000    0.633350
 1808.000000    0.653759
 1813.000000    0.701401
 1818.000000    0.728421
 1823.000000    0.724139
 1828.000000    0.716724
 1833.000000    0.721441
 1838.000000    0.714097
 1843.000000    0.685095
 1848.000000    0.646639
 1853.000000    0.627526
 1858.000000    0.618722
 1863.000000    0.636736
 1868.000000    0.641426
 1873.000000    0.633078
 1878.000000    0.642672
 1883.000000    0.663992
 1888.000000    0.713151
