#  pixel_depth  alphabetafraction   >  Analysis of alpha beta fraction
  151.000000    0.641389
  156.000000    0.653781
  161.000000    0.650102
  166.000000    0.634890
  171.000000    0.617318
  176.000000    0.615312
  181.000000    0.618695
  186.000000    0.626931
  191.000000    0.627547
  196.000000    0.634306
  201.000000    0.656389
  206.000000    0.669765
  211.000000    0.699569
  216.000000    0.705004
  221.000000    0.705369
  226.000000    0.682427
  231.000000    0.653531
  236.000000    0.635807
  241.000000    0.603394
  246.000000    0.616982
  251.000000    0.582152
  256.000000    0.559322
  261.000000    0.547748
  266.000000    0.541415
  271.000000    0.505242
  276.000000    0.488372
  281.000000    0.448592
  286.000000    0.437346
  291.000000    0.460206
  296.000000    0.461337
  301.000000    0.458795
  306.000000    0.465937
  311.000000    0.468809
  316.000000    0.460963
  321.000000    0.455433
  326.000000    0.471349
  331.000000    0.504698
  336.000000    0.528079
  341.000000    0.553395
  346.000000    0.563913
  351.000000    0.573453
  356.000000    0.550927
  361.000000    0.563825
  366.000000    0.582555
  371.000000    0.589908
  376.000000    0.612712
  381.000000    0.615323
  386.000000    0.644750
  391.000000    0.679259
  396.000000    0.654531
  401.000000    0.666160
  406.000000    0.649972
  411.000000    0.593597
  416.000000    0.556453
  421.000000    0.546444
  426.000000    0.533539
  431.000000    0.525043
  436.000000    0.532207
  441.000000    0.525584
  446.000000    0.557123
  451.000000    0.559233
  456.000000    0.561804
  461.000000    0.587999
  466.000000    0.617895
  471.000000    0.637608
  476.000000    0.632615
  481.000000    0.639941
  486.000000    0.625451
  491.000000    0.623051
  496.000000    0.651104
  501.000000    0.655188
  506.000000    0.657595
  511.000000    0.646182
  516.000000    0.604815
  521.000000    0.581705
  526.000000    0.592036
  531.000000    0.610608
  536.000000    0.617104
  541.000000    0.571620
  546.000000    0.571788
  551.000000    0.551353
  556.000000    0.512926
  561.000000    0.477958
  566.000000    0.512324
  571.000000    0.547161
  576.000000    0.536414
  581.000000    0.535221
  586.000000    0.542755
  591.000000    0.527475
  596.000000    0.495872
  601.000000    0.498770
  606.000000    0.495233
  611.000000    0.537369
  616.000000    0.596170
  621.000000    0.621815
  626.000000    0.623765
  631.000000    0.612817
  636.000000    0.639644
  641.000000    0.635218
  646.000000    0.658326
  651.000000    0.648176
  656.000000    0.690042
  661.000000    0.724233
  666.000000    0.707068
  671.000000    0.668847
  676.000000    0.642968
  681.000000    0.625058
  686.000000    0.608185
  691.000000    0.592393
  696.000000    0.592920
  701.000000    0.594468
  706.000000    0.591960
  711.000000    0.629101
  716.000000    0.639084
  721.000000    0.632633
  726.000000    0.640149
  731.000000    0.635163
  736.000000    0.643892
  741.000000    0.645898
  746.000000    0.661026
  751.000000    0.636973
  756.000000    0.620023
  761.000000    0.630725
  766.000000    0.618871
  771.000000    0.606323
  776.000000    0.609637
  781.000000    0.594347
  786.000000    0.637128
  791.000000    0.652538
  796.000000    0.667116
  801.000000    0.653562
  806.000000    0.653155
  811.000000    0.656163
  816.000000    0.683141
  821.000000    0.680984
  826.000000    0.688946
  831.000000    0.699595
  836.000000    0.684115
  841.000000    0.680479
  846.000000    0.696057
  851.000000    0.697047
  856.000000    0.678154
  861.000000    0.639903
  866.000000    0.617260
  871.000000    0.607222
  876.000000    0.600757
  881.000000    0.572926
  886.000000    0.580869
  891.000000    0.586397
  896.000000    0.573633
  901.000000    0.577094
  906.000000    0.578573
  911.000000    0.587777
  916.000000    0.580559
  921.000000    0.619615
  926.000000    0.648480
  931.000000    0.674095
  936.000000    0.680805
  941.000000    0.680920
  946.000000    0.657102
  951.000000    0.663628
  956.000000    0.681964
  961.000000    0.681378
  966.000000    0.676786
  971.000000    0.663270
  976.000000    0.641658
  981.000000    0.669926
  986.000000    0.675419
  991.000000    0.667708
  996.000000    0.647042
 1001.000000    0.616840
 1006.000000    0.599355
 1011.000000    0.557390
 1016.000000    0.567964
 1021.000000    0.561125
 1026.000000    0.548747
 1031.000000    0.548297
 1036.000000    0.545079
 1041.000000    0.553960
 1046.000000    0.526256
 1051.000000    0.499544
 1056.000000    0.485100
 1061.000000    0.497541
 1066.000000    0.512790
 1071.000000    0.534767
 1076.000000    0.565030
 1081.000000    0.563991
 1086.000000    0.609881
 1091.000000    0.589200
 1096.000000    0.590572
 1101.000000    0.589668
 1106.000000    0.584164
 1111.000000    0.577390
 1116.000000    0.587009
 1121.000000    0.581140
 1126.000000    0.597199
 1131.000000    0.600918
 1136.000000    0.608603
 1141.000000    0.599531
 1146.000000    0.588177
 1151.000000    0.600606
 1156.000000    0.593685
 1161.000000    0.591000
 1166.000000    0.566373
 1171.000000    0.531861
 1176.000000    0.500072
 1181.000000    0.497126
 1186.000000    0.504600
 1191.000000    0.558865
 1196.000000    0.605674
 1201.000000    0.641354
 1206.000000    0.626955
 1211.000000    0.645855
 1216.000000    0.649058
 1221.000000    0.666822
 1226.000000    0.651776
 1231.000000    0.606955
 1236.000000    0.592570
 1241.000000    0.598472
 1246.000000    0.611366
 1251.000000    0.634394
 1256.000000    0.629962
 1261.000000    0.605426
 1266.000000    0.559652
 1271.000000    0.551216
 1276.000000    0.584782
 1281.000000    0.624501
 1286.000000    0.649878
 1291.000000    0.630235
 1296.000000    0.623537
 1301.000000    0.625285
 1306.000000    0.629876
 1311.000000    0.641742
 1316.000000    0.681028
 1321.000000    0.695901
 1326.000000    0.725922
 1331.000000    0.736952
 1336.000000    0.729682
 1341.000000    0.747004
 1346.000000    0.738340
 1351.000000    0.710811
 1356.000000    0.703832
 1361.000000    0.671453
 1366.000000    0.643823
 1371.000000    0.671483
 1376.000000    0.701752
 1381.000000    0.692453
 1386.000000    0.668244
 1391.000000    0.663248
 1396.000000    0.643599
 1401.000000    0.654297
 1406.000000    0.669590
 1411.000000    0.647599
 1416.000000    0.615288
 1421.000000    0.600098
 1426.000000    0.612061
 1431.000000    0.608163
 1436.000000    0.623053
 1441.000000    0.632828
 1446.000000    0.654814
 1451.000000    0.647325
 1456.000000    0.644658
 1461.000000    0.667176
 1466.000000    0.677563
 1471.000000    0.703214
 1476.000000    0.686357
 1481.000000    0.666297
 1486.000000    0.641739
 1491.000000    0.617300
 1496.000000    0.611478
 1501.000000    0.561698
 1506.000000    0.533097
 1511.000000    0.541464
 1516.000000    0.512894
 1521.000000    0.485128
 1526.000000    0.488543
 1531.000000    0.507952
 1536.000000    0.538228
 1541.000000    0.514180
 1546.000000    0.473306
 1551.000000    0.465076
 1556.000000    0.477766
 1561.000000    0.471686
 1566.000000    0.489420
 1571.000000    0.527421
 1576.000000    0.548505
 1581.000000    0.570203
 1586.000000    0.560395
 1591.000000    0.518941
 1596.000000    0.500009
 1601.000000    0.505063
 1606.000000    0.511919
 1611.000000    0.487776
 1616.000000    0.511027
 1621.000000    0.544506
 1626.000000    0.534109
 1631.000000    0.537671
 1636.000000    0.550395
 1641.000000    0.519294
 1646.000000    0.504493
 1651.000000    0.523834
 1656.000000    0.559658
 1661.000000    0.582521
 1666.000000    0.569793
 1671.000000    0.572122
 1676.000000    0.560128
 1681.000000    0.555744
 1686.000000    0.582194
 1691.000000    0.572284
 1696.000000    0.570754
 1701.000000    0.531877
 1706.000000    0.475830
 1711.000000    0.459067
 1716.000000    0.431313
 1721.000000    0.458096
 1726.000000    0.488293
 1731.000000    0.511597
 1736.000000    0.514533
 1741.000000    0.505314
 1746.000000    0.491890
 1751.000000    0.483073
 1756.000000    0.512433
 1761.000000    0.530192
 1766.000000    0.557667
 1771.000000    0.574056
 1776.000000    0.610414
