#  pixel_depth  alphabetafraction   >  Analysis of alpha beta fraction
  279.000000    0.688470
  284.000000    0.731230
  289.000000    0.724478
  294.000000    0.730131
  299.000000    0.739864
  304.000000    0.736227
  309.000000    0.733809
  314.000000    0.686864
  319.000000    0.671970
  324.000000    0.661558
  329.000000    0.671888
  334.000000    0.648146
  339.000000    0.616550
  344.000000    0.593129
  349.000000    0.580114
  354.000000    0.575722
  359.000000    0.540564
  364.000000    0.558979
  369.000000    0.566529
  374.000000    0.586380
  379.000000    0.576318
  384.000000    0.581042
  389.000000    0.588360
  394.000000    0.579954
  399.000000    0.544240
  404.000000    0.564826
  409.000000    0.589938
  414.000000    0.596494
  419.000000    0.598100
  424.000000    0.628711
  429.000000    0.587232
  434.000000    0.560906
  439.000000    0.590808
  444.000000    0.621692
  449.000000    0.651501
  454.000000    0.694137
  459.000000    0.684737
  464.000000    0.671781
  469.000000    0.630024
  474.000000    0.618640
  479.000000    0.618531
  484.000000    0.620048
  489.000000    0.623922
  494.000000    0.638373
  499.000000    0.638819
  504.000000    0.660018
  509.000000    0.717680
  514.000000    0.733501
  519.000000    0.752305
  524.000000    0.771574
  529.000000    0.752074
  534.000000    0.756555
  539.000000    0.781620
  544.000000    0.800671
  549.000000    0.796408
  554.000000    0.790673
  559.000000    0.803790
  564.000000    0.787141
  569.000000    0.774739
  574.000000    0.756965
  579.000000    0.749746
  584.000000    0.714741
  589.000000    0.694506
  594.000000    0.683152
  599.000000    0.697239
  604.000000    0.689650
  609.000000    0.656764
  614.000000    0.616410
  619.000000    0.582627
  624.000000    0.567131
  629.000000    0.581653
  634.000000    0.605551
  639.000000    0.637139
  644.000000    0.646934
  649.000000    0.647638
  654.000000    0.648505
  659.000000    0.662341
  664.000000    0.661923
  669.000000    0.643254
  674.000000    0.655796
  679.000000    0.663658
  684.000000    0.677160
  689.000000    0.682452
  694.000000    0.688633
  699.000000    0.679891
  704.000000    0.683044
  709.000000    0.679735
  714.000000    0.679811
  719.000000    0.687734
  724.000000    0.700504
  729.000000    0.696145
  734.000000    0.694319
  739.000000    0.660315
  744.000000    0.645206
  749.000000    0.643058
  754.000000    0.617270
  759.000000    0.607885
  764.000000    0.649381
  769.000000    0.687188
  774.000000    0.696862
  779.000000    0.710754
  784.000000    0.716064
  789.000000    0.670653
  794.000000    0.648368
  799.000000    0.642693
  804.000000    0.624267
  809.000000    0.607640
  814.000000    0.594572
  819.000000    0.560915
  824.000000    0.571551
  829.000000    0.567876
  834.000000    0.599124
  839.000000    0.647228
  844.000000    0.670776
  849.000000    0.702150
  854.000000    0.736803
  859.000000    0.736889
  864.000000    0.736052
  869.000000    0.749805
  874.000000    0.713836
  879.000000    0.702170
  884.000000    0.697189
  889.000000    0.669239
  894.000000    0.659967
  899.000000    0.625684
  904.000000    0.604175
  909.000000    0.547853
  914.000000    0.561828
  919.000000    0.591952
  924.000000    0.608764
  929.000000    0.613541
  934.000000    0.590439
  939.000000    0.586566
  944.000000    0.591383
  949.000000    0.639780
  954.000000    0.673039
  959.000000    0.716899
  964.000000    0.740256
  969.000000    0.725109
  974.000000    0.714346
  979.000000    0.732082
  984.000000    0.733898
  989.000000    0.746183
  994.000000    0.709238
  999.000000    0.670153
 1004.000000    0.660483
 1009.000000    0.660243
 1014.000000    0.673974
 1019.000000    0.684855
 1024.000000    0.686045
 1029.000000    0.700661
 1034.000000    0.673808
 1039.000000    0.668489
 1044.000000    0.688413
 1049.000000    0.706484
 1054.000000    0.700023
 1059.000000    0.692077
 1064.000000    0.667768
 1069.000000    0.670564
 1074.000000    0.657068
 1079.000000    0.622349
 1084.000000    0.602599
 1089.000000    0.593104
 1094.000000    0.572013
 1099.000000    0.550382
 1104.000000    0.558582
 1109.000000    0.558288
 1114.000000    0.565178
 1119.000000    0.566615
 1124.000000    0.625150
 1129.000000    0.658935
 1134.000000    0.695335
 1139.000000    0.731084
 1144.000000    0.759481
 1149.000000    0.747790
 1154.000000    0.735646
 1159.000000    0.702253
 1164.000000    0.654441
 1169.000000    0.652236
 1174.000000    0.616829
 1179.000000    0.602906
 1184.000000    0.636354
 1189.000000    0.654703
 1194.000000    0.661444
 1199.000000    0.659991
 1204.000000    0.661801
 1209.000000    0.642965
 1214.000000    0.659872
 1219.000000    0.629533
 1224.000000    0.585698
 1229.000000    0.592590
 1234.000000    0.574567
 1239.000000    0.598241
 1244.000000    0.609287
 1249.000000    0.643539
 1254.000000    0.672860
 1259.000000    0.723331
 1264.000000    0.728817
 1269.000000    0.730491
 1274.000000    0.730035
 1279.000000    0.736004
 1284.000000    0.753653
 1289.000000    0.774593
 1294.000000    0.796015
 1299.000000    0.801252
 1304.000000    0.781283
 1309.000000    0.776598
 1314.000000    0.762470
 1319.000000    0.740682
 1324.000000    0.745842
 1329.000000    0.750353
 1334.000000    0.730889
 1339.000000    0.729337
 1344.000000    0.711100
 1349.000000    0.682615
 1354.000000    0.643558
 1359.000000    0.660258
 1364.000000    0.690576
 1369.000000    0.728232
 1374.000000    0.728185
 1379.000000    0.727485
 1384.000000    0.727566
 1389.000000    0.727465
 1394.000000    0.738329
 1399.000000    0.719860
 1404.000000    0.711999
 1409.000000    0.682047
 1414.000000    0.671287
 1419.000000    0.640233
 1424.000000    0.608051
 1429.000000    0.618208
 1434.000000    0.577197
 1439.000000    0.593747
 1444.000000    0.635765
 1449.000000    0.643224
 1454.000000    0.649053
 1459.000000    0.642757
 1464.000000    0.677996
 1469.000000    0.669882
 1474.000000    0.659953
 1479.000000    0.677462
 1484.000000    0.684219
 1489.000000    0.682669
 1494.000000    0.691309
 1499.000000    0.667268
 1504.000000    0.664289
 1509.000000    0.626859
 1514.000000    0.603340
 1519.000000    0.605901
 1524.000000    0.611511
 1529.000000    0.635747
 1534.000000    0.652128
 1539.000000    0.657215
 1544.000000    0.684883
 1549.000000    0.687665
 1554.000000    0.725876
 1559.000000    0.778410
 1564.000000    0.766502
 1569.000000    0.740787
 1574.000000    0.723598
 1579.000000    0.720275
 1584.000000    0.729896
 1589.000000    0.721848
 1594.000000    0.750941
 1599.000000    0.783832
 1604.000000    0.816731
 1609.000000    0.815370
 1614.000000    0.821362
 1619.000000    0.814676
 1624.000000    0.801203
 1629.000000    0.811449
 1634.000000    0.794356
 1639.000000    0.763849
 1644.000000    0.761482
 1649.000000    0.769114
 1654.000000    0.766083
 1659.000000    0.748025
 1664.000000    0.761510
 1669.000000    0.743281
 1674.000000    0.716420
 1679.000000    0.717635
 1684.000000    0.707099
 1689.000000    0.682494
 1694.000000    0.672001
 1699.000000    0.676717
 1704.000000    0.698598
 1709.000000    0.708775
 1714.000000    0.719613
 1719.000000    0.701954
 1724.000000    0.682323
 1729.000000    0.709678
 1734.000000    0.724592
 1739.000000    0.707897
 1744.000000    0.699110
 1749.000000    0.733853
 1754.000000    0.757400
 1759.000000    0.734132
 1764.000000    0.718360
 1769.000000    0.725781
 1774.000000    0.749394
 1779.000000    0.743414
 1784.000000    0.761973
 1789.000000    0.787505
 1794.000000    0.756020
 1799.000000    0.716108
 1804.000000    0.712216
 1809.000000    0.704018
 1814.000000    0.658170
 1819.000000    0.640657
 1824.000000    0.691365
 1829.000000    0.716556
 1834.000000    0.717795
 1839.000000    0.709676
 1844.000000    0.708172
 1849.000000    0.703330
 1854.000000    0.722790
 1859.000000    0.719833
 1864.000000    0.725479
 1869.000000    0.757491
 1874.000000    0.753435
 1879.000000    0.739459
 1884.000000    0.710512
 1889.000000    0.713384
 1894.000000    0.728621
 1899.000000    0.753099
 1904.000000    0.781737
 1909.000000    0.764687
 1914.000000    0.713230
 1919.000000    0.707873
 1924.000000    0.695297
 1929.000000    0.684226
 1934.000000    0.681787
 1939.000000    0.651635
