#  pixel_depth  alphabetafraction   >  Analysis of alpha beta fraction
   60.000000    0.671200
   65.000000    0.681978
   70.000000    0.664529
   75.000000    0.645426
   80.000000    0.642688
   85.000000    0.634236
   90.000000    0.621697
   95.000000    0.632954
  100.000000    0.664750
  105.000000    0.706419
  110.000000    0.686440
  115.000000    0.666486
  120.000000    0.655121
  125.000000    0.629175
  130.000000    0.622967
  135.000000    0.633490
  140.000000    0.645062
  145.000000    0.655496
  150.000000    0.645314
  155.000000    0.652094
  160.000000    0.667508
  165.000000    0.675120
  170.000000    0.690198
  175.000000    0.710662
  180.000000    0.734656
  185.000000    0.745022
  190.000000    0.776348
  195.000000    0.790457
  200.000000    0.801456
  205.000000    0.798661
  210.000000    0.747942
  215.000000    0.704963
  220.000000    0.694858
  225.000000    0.697468
  230.000000    0.673814
  235.000000    0.670909
  240.000000    0.664715
  245.000000    0.652266
  250.000000    0.648822
  255.000000    0.652516
  260.000000    0.664398
  265.000000    0.671844
  270.000000    0.670618
  275.000000    0.673967
  280.000000    0.657505
  285.000000    0.643400
  290.000000    0.653995
  295.000000    0.646431
  300.000000    0.634956
  305.000000    0.640265
  310.000000    0.668184
  315.000000    0.693689
  320.000000    0.699832
  325.000000    0.749084
  330.000000    0.778021
  335.000000    0.787017
  340.000000    0.807384
  345.000000    0.832505
  350.000000    0.847564
  355.000000    0.862198
  360.000000    0.855503
  365.000000    0.823114
  370.000000    0.790327
  375.000000    0.759637
  380.000000    0.739547
  385.000000    0.727901
  390.000000    0.730246
  395.000000    0.728724
  400.000000    0.735075
  405.000000    0.721303
  410.000000    0.691330
  415.000000    0.687297
  420.000000    0.665963
  425.000000    0.656205
  430.000000    0.677463
  435.000000    0.681218
  440.000000    0.687509
  445.000000    0.704423
  450.000000    0.700705
  455.000000    0.682133
  460.000000    0.680981
  465.000000    0.673977
  470.000000    0.681607
  475.000000    0.684998
  480.000000    0.705632
  485.000000    0.692668
  490.000000    0.719985
  495.000000    0.728873
  500.000000    0.718759
  505.000000    0.709697
  510.000000    0.719648
  515.000000    0.730630
  520.000000    0.748003
  525.000000    0.771249
  530.000000    0.786353
  535.000000    0.802259
  540.000000    0.822768
  545.000000    0.825912
  550.000000    0.824509
  555.000000    0.784326
  560.000000    0.783409
  565.000000    0.756243
  570.000000    0.696629
  575.000000    0.677954
  580.000000    0.701028
  585.000000    0.674293
  590.000000    0.670872
  595.000000    0.680962
  600.000000    0.671184
  605.000000    0.679843
  610.000000    0.688597
  615.000000    0.682129
  620.000000    0.642871
  625.000000    0.635722
  630.000000    0.649134
  635.000000    0.685788
  640.000000    0.736099
  645.000000    0.745886
  650.000000    0.752620
  655.000000    0.777200
  660.000000    0.779922
  665.000000    0.773749
  670.000000    0.775602
  675.000000    0.762612
  680.000000    0.744728
  685.000000    0.723244
  690.000000    0.737489
  695.000000    0.753123
  700.000000    0.757128
  705.000000    0.730828
  710.000000    0.686902
  715.000000    0.638068
  720.000000    0.641517
  725.000000    0.677574
  730.000000    0.675430
  735.000000    0.685162
  740.000000    0.714680
  745.000000    0.714441
  750.000000    0.695861
  755.000000    0.665287
  760.000000    0.681138
  765.000000    0.689729
  770.000000    0.734696
  775.000000    0.766812
  780.000000    0.800876
  785.000000    0.803648
  790.000000    0.773292
  795.000000    0.749521
  800.000000    0.732201
  805.000000    0.721356
  810.000000    0.721505
  815.000000    0.711953
  820.000000    0.713662
  825.000000    0.708740
  830.000000    0.706902
  835.000000    0.704045
  840.000000    0.702103
  845.000000    0.717020
  850.000000    0.691510
  855.000000    0.702998
  860.000000    0.723179
  865.000000    0.718246
  870.000000    0.711641
  875.000000    0.707229
  880.000000    0.706947
  885.000000    0.662959
  890.000000    0.638582
  895.000000    0.625156
  900.000000    0.597199
  905.000000    0.587198
  910.000000    0.595702
  915.000000    0.597408
  920.000000    0.583825
  925.000000    0.592160
  930.000000    0.612088
  935.000000    0.630485
  940.000000    0.632573
  945.000000    0.631327
  950.000000    0.613485
  955.000000    0.616643
  960.000000    0.618900
  965.000000    0.627914
  970.000000    0.632614
  975.000000    0.634487
  980.000000    0.628869
  985.000000    0.621850
  990.000000    0.598581
  995.000000    0.607028
 1000.000000    0.643592
 1005.000000    0.662841
 1010.000000    0.663887
 1015.000000    0.644080
 1020.000000    0.643601
 1025.000000    0.659127
 1030.000000    0.689476
 1035.000000    0.719416
 1040.000000    0.743084
 1045.000000    0.769731
 1050.000000    0.798918
 1055.000000    0.797229
 1060.000000    0.814369
 1065.000000    0.820870
 1070.000000    0.812309
 1075.000000    0.771903
 1080.000000    0.774272
 1085.000000    0.806527
 1090.000000    0.818136
 1095.000000    0.819550
 1100.000000    0.821542
 1105.000000    0.807590
 1110.000000    0.793704
 1115.000000    0.778910
 1120.000000    0.762971
 1125.000000    0.727737
 1130.000000    0.702009
 1135.000000    0.686130
 1140.000000    0.661265
 1145.000000    0.620282
 1150.000000    0.599378
 1155.000000    0.594764
 1160.000000    0.608616
 1165.000000    0.624877
 1170.000000    0.605377
 1175.000000    0.620129
 1180.000000    0.632193
 1185.000000    0.670508
 1190.000000    0.675152
 1195.000000    0.697724
 1200.000000    0.707412
 1205.000000    0.739245
 1210.000000    0.745179
 1215.000000    0.747354
 1220.000000    0.764754
 1225.000000    0.776182
 1230.000000    0.752829
 1235.000000    0.759291
 1240.000000    0.781846
 1245.000000    0.800109
 1250.000000    0.793323
 1255.000000    0.777335
 1260.000000    0.757343
 1265.000000    0.754932
 1270.000000    0.732076
 1275.000000    0.748329
 1280.000000    0.760302
 1285.000000    0.742486
 1290.000000    0.686651
 1295.000000    0.654903
 1300.000000    0.661285
 1305.000000    0.668250
 1310.000000    0.662101
 1315.000000    0.634158
 1320.000000    0.643937
 1325.000000    0.683364
 1330.000000    0.681628
 1335.000000    0.690684
 1340.000000    0.698783
 1345.000000    0.677763
 1350.000000    0.664478
 1355.000000    0.672906
 1360.000000    0.643942
 1365.000000    0.645093
 1370.000000    0.639389
 1375.000000    0.652880
 1380.000000    0.689094
 1385.000000    0.713205
 1390.000000    0.707681
 1395.000000    0.696453
 1400.000000    0.698416
 1405.000000    0.671685
 1410.000000    0.675627
 1415.000000    0.698988
 1420.000000    0.734287
 1425.000000    0.755781
 1430.000000    0.739768
 1435.000000    0.757680
 1440.000000    0.756981
 1445.000000    0.710262
 1450.000000    0.708422
 1455.000000    0.669722
 1460.000000    0.649244
 1465.000000    0.622338
 1470.000000    0.602801
 1475.000000    0.573307
 1480.000000    0.541315
 1485.000000    0.537321
 1490.000000    0.544912
 1495.000000    0.564701
 1500.000000    0.559688
 1505.000000    0.556688
 1510.000000    0.555237
 1515.000000    0.542561
 1520.000000    0.558414
 1525.000000    0.578411
 1530.000000    0.588519
 1535.000000    0.602215
 1540.000000    0.606502
 1545.000000    0.636426
 1550.000000    0.659885
 1555.000000    0.701421
 1560.000000    0.704866
 1565.000000    0.731392
 1570.000000    0.735003
 1575.000000    0.748752
 1580.000000    0.740069
 1585.000000    0.755352
 1590.000000    0.759718
 1595.000000    0.745179
 1600.000000    0.747394
 1605.000000    0.746972
 1610.000000    0.744083
 1615.000000    0.716269
 1620.000000    0.709224
 1625.000000    0.703618
 1630.000000    0.684403
 1635.000000    0.672395
 1640.000000    0.661631
 1645.000000    0.617554
 1650.000000    0.605685
 1655.000000    0.599208
 1660.000000    0.574976
 1665.000000    0.551837
 1670.000000    0.537956
 1675.000000    0.543114
 1680.000000    0.561689
 1685.000000    0.528704
 1690.000000    0.520467
 1695.000000    0.541698
 1700.000000    0.551008
 1705.000000    0.570606
 1710.000000    0.591223
 1715.000000    0.614025
 1720.000000    0.649254
 1725.000000    0.694074
 1730.000000    0.668508
 1735.000000    0.658970
 1740.000000    0.647940
 1745.000000    0.699490
 1750.000000    0.727287
 1755.000000    0.717574
 1760.000000    0.713196
 1765.000000    0.686053
 1770.000000    0.685657
 1775.000000    0.700231
 1780.000000    0.728968
 1785.000000    0.746518
 1790.000000    0.767771
 1795.000000    0.786206
 1800.000000    0.789705
 1805.000000    0.785732
 1810.000000    0.783656
 1815.000000    0.777096
 1820.000000    0.762384
 1825.000000    0.744262
 1830.000000    0.714686
 1835.000000    0.675373
 1840.000000    0.655801
 1845.000000    0.673486
 1850.000000    0.672560
 1855.000000    0.671786
 1860.000000    0.681792
 1865.000000    0.661752
 1870.000000    0.656788
