#  pixel_depth  alphabetafraction   >  Analysis of alpha beta fraction
   39.000000    0.737377
   44.000000    0.736194
   49.000000    0.738949
   54.000000    0.757578
   59.000000    0.772024
   64.000000    0.767138
   69.000000    0.789870
   74.000000    0.781714
   79.000000    0.750350
   84.000000    0.770802
   89.000000    0.782955
   94.000000    0.794719
   99.000000    0.803396
  104.000000    0.800579
  109.000000    0.792054
  114.000000    0.749641
  119.000000    0.712381
  124.000000    0.711429
  129.000000    0.677932
  134.000000    0.658054
  139.000000    0.672981
  144.000000    0.652872
  149.000000    0.670461
  154.000000    0.697217
  159.000000    0.703334
  164.000000    0.720207
  169.000000    0.748370
  174.000000    0.779366
  179.000000    0.812932
  184.000000    0.834615
  189.000000    0.838838
  194.000000    0.812339
  199.000000    0.786400
  204.000000    0.800793
  209.000000    0.795635
  214.000000    0.783203
  219.000000    0.770195
  224.000000    0.742087
  229.000000    0.708697
  234.000000    0.678051
  239.000000    0.688728
  244.000000    0.697528
  249.000000    0.692366
  254.000000    0.732606
  259.000000    0.753483
  264.000000    0.770853
  269.000000    0.779658
  274.000000    0.812923
  279.000000    0.794102
  284.000000    0.780518
  289.000000    0.756921
  294.000000    0.716443
  299.000000    0.723325
  304.000000    0.715945
  309.000000    0.713960
  314.000000    0.729901
  319.000000    0.736202
  324.000000    0.766876
  329.000000    0.789497
  334.000000    0.798218
  339.000000    0.761650
  344.000000    0.758150
  349.000000    0.748150
  354.000000    0.734951
  359.000000    0.740063
  364.000000    0.727962
  369.000000    0.742253
  374.000000    0.801021
  379.000000    0.811531
  384.000000    0.811802
  389.000000    0.798636
  394.000000    0.781811
  399.000000    0.787791
  404.000000    0.751180
  409.000000    0.715985
  414.000000    0.707212
  419.000000    0.657787
  424.000000    0.660646
  429.000000    0.655082
  434.000000    0.653632
  439.000000    0.697628
  444.000000    0.712436
  449.000000    0.725370
  454.000000    0.729316
  459.000000    0.733543
  464.000000    0.751433
  469.000000    0.804821
  474.000000    0.800797
  479.000000    0.792825
  484.000000    0.801675
  489.000000    0.789014
  494.000000    0.759790
  499.000000    0.714153
  504.000000    0.738231
  509.000000    0.672078
  514.000000    0.691824
  519.000000    0.754284
  524.000000    0.783540
  529.000000    0.801129
  534.000000    0.781002
  539.000000    0.781141
  544.000000    0.747020
  549.000000    0.794573
  554.000000    0.820034
  559.000000    0.817812
  564.000000    0.808242
  569.000000    0.801447
  574.000000    0.747807
  579.000000    0.705283
  584.000000    0.701416
  589.000000    0.685033
  594.000000    0.681315
  599.000000    0.683511
  604.000000    0.687333
  609.000000    0.693187
  614.000000    0.718339
  619.000000    0.745543
  624.000000    0.757872
  629.000000    0.745659
  634.000000    0.728328
  639.000000    0.747136
  644.000000    0.777274
  649.000000    0.782049
  654.000000    0.790304
  659.000000    0.795014
  664.000000    0.815900
  669.000000    0.839791
  674.000000    0.817804
  679.000000    0.802132
  684.000000    0.784827
  689.000000    0.775895
  694.000000    0.772958
  699.000000    0.784411
  704.000000    0.777605
  709.000000    0.759025
  714.000000    0.761077
  719.000000    0.759894
  724.000000    0.744539
  729.000000    0.710888
  734.000000    0.696269
  739.000000    0.700257
  744.000000    0.686943
  749.000000    0.705597
  754.000000    0.743316
  759.000000    0.753884
  764.000000    0.752223
  769.000000    0.767900
  774.000000    0.787227
  779.000000    0.792653
  784.000000    0.792652
  789.000000    0.778270
  794.000000    0.768419
  799.000000    0.751659
  804.000000    0.737047
  809.000000    0.738276
  814.000000    0.720285
  819.000000    0.696785
  824.000000    0.677129
  829.000000    0.689286
  834.000000    0.717848
  839.000000    0.742671
  844.000000    0.770783
  849.000000    0.776514
  854.000000    0.778280
  859.000000    0.798682
  864.000000    0.787789
  869.000000    0.775681
  874.000000    0.748835
  879.000000    0.798198
  884.000000    0.825713
  889.000000    0.795944
  894.000000    0.788572
  899.000000    0.773172
  904.000000    0.748556
  909.000000    0.788283
  914.000000    0.775394
  919.000000    0.736189
  924.000000    0.739920
  929.000000    0.750162
  934.000000    0.743477
  939.000000    0.757326
  944.000000    0.758253
  949.000000    0.775135
  954.000000    0.817745
  959.000000    0.840016
  964.000000    0.855633
  969.000000    0.833094
  974.000000    0.822176
  979.000000    0.784145
  984.000000    0.770883
  989.000000    0.761557
  994.000000    0.762329
  999.000000    0.740147
 1004.000000    0.725801
 1009.000000    0.722629
 1014.000000    0.729617
 1019.000000    0.714162
 1024.000000    0.668494
 1029.000000    0.702730
 1034.000000    0.706126
 1039.000000    0.689644
 1044.000000    0.717971
 1049.000000    0.721921
 1054.000000    0.709901
 1059.000000    0.702761
 1064.000000    0.692721
 1069.000000    0.697445
 1074.000000    0.695263
 1079.000000    0.681987
 1084.000000    0.715496
 1089.000000    0.742844
 1094.000000    0.773545
 1099.000000    0.806183
 1104.000000    0.795576
 1109.000000    0.795347
 1114.000000    0.799880
 1119.000000    0.800923
 1124.000000    0.775254
 1129.000000    0.766864
 1134.000000    0.756324
 1139.000000    0.751339
 1144.000000    0.729948
 1149.000000    0.707847
 1154.000000    0.702185
 1159.000000    0.720336
 1164.000000    0.699000
 1169.000000    0.674673
 1174.000000    0.667455
 1179.000000    0.660706
 1184.000000    0.680581
 1189.000000    0.702138
 1194.000000    0.721145
 1199.000000    0.734442
 1204.000000    0.746644
 1209.000000    0.752431
 1214.000000    0.742191
 1219.000000    0.734324
 1224.000000    0.728393
 1229.000000    0.730219
 1234.000000    0.722669
 1239.000000    0.718390
 1244.000000    0.708295
 1249.000000    0.736032
 1254.000000    0.753604
 1259.000000    0.771683
 1264.000000    0.796758
 1269.000000    0.804548
 1274.000000    0.812438
 1279.000000    0.799276
 1284.000000    0.788364
 1289.000000    0.770822
 1294.000000    0.762089
 1299.000000    0.731921
 1304.000000    0.696690
 1309.000000    0.711572
 1314.000000    0.702301
 1319.000000    0.678690
 1324.000000    0.715991
 1329.000000    0.731574
 1334.000000    0.731695
 1339.000000    0.729677
 1344.000000    0.774115
 1349.000000    0.786226
 1354.000000    0.784037
 1359.000000    0.791433
 1364.000000    0.829881
 1369.000000    0.826017
 1374.000000    0.837937
 1379.000000    0.820231
 1384.000000    0.765989
 1389.000000    0.751390
 1394.000000    0.729087
 1399.000000    0.715194
 1404.000000    0.708535
 1409.000000    0.716499
 1414.000000    0.720310
 1419.000000    0.701561
 1424.000000    0.685138
 1429.000000    0.702765
 1434.000000    0.722954
 1439.000000    0.721214
 1444.000000    0.717918
 1449.000000    0.726663
 1454.000000    0.722153
 1459.000000    0.727852
 1464.000000    0.745662
 1469.000000    0.744670
 1474.000000    0.753140
 1479.000000    0.757786
 1484.000000    0.760743
 1489.000000    0.772237
 1494.000000    0.787956
 1499.000000    0.800249
 1504.000000    0.818193
 1509.000000    0.826434
 1514.000000    0.818773
 1519.000000    0.803603
 1524.000000    0.789835
 1529.000000    0.777116
 1534.000000    0.755138
 1539.000000    0.747343
 1544.000000    0.764479
 1549.000000    0.795294
 1554.000000    0.790107
 1559.000000    0.770889
 1564.000000    0.753800
 1569.000000    0.740251
 1574.000000    0.749691
 1579.000000    0.729060
 1584.000000    0.716809
 1589.000000    0.710855
 1594.000000    0.734247
 1599.000000    0.737736
 1604.000000    0.758771
 1609.000000    0.754689
 1614.000000    0.755690
 1619.000000    0.776579
 1624.000000    0.784881
 1629.000000    0.754748
 1634.000000    0.736583
 1639.000000    0.720488
 1644.000000    0.735559
 1649.000000    0.742473
 1654.000000    0.742236
 1659.000000    0.758159
 1664.000000    0.743858
 1669.000000    0.731732
 1674.000000    0.706917
 1679.000000    0.711255
 1684.000000    0.710836
 1689.000000    0.676370
 1694.000000    0.665510
 1699.000000    0.632799
 1704.000000    0.636933
 1709.000000    0.681200
 1714.000000    0.731094
 1719.000000    0.735309
 1724.000000    0.712755
 1729.000000    0.698766
 1734.000000    0.705220
 1739.000000    0.665735
 1744.000000    0.664319
 1749.000000    0.634169
 1754.000000    0.653241
 1759.000000    0.684547
 1764.000000    0.706195
 1769.000000    0.723059
 1774.000000    0.722987
 1779.000000    0.740079
 1784.000000    0.754876
 1789.000000    0.778914
 1794.000000    0.817807
 1799.000000    0.838164
 1804.000000    0.826415
 1809.000000    0.797919
 1814.000000    0.781452
 1819.000000    0.764468
 1824.000000    0.729332
 1829.000000    0.706509
 1834.000000    0.679581
 1839.000000    0.684816
 1844.000000    0.733687
 1849.000000    0.739883
 1854.000000    0.742334
 1859.000000    0.726735
 1864.000000    0.743889
 1869.000000    0.733578
 1874.000000    0.738216
 1879.000000    0.739308
 1884.000000    0.754562
 1889.000000    0.744923
