#  pixel_depth  alphabetafraction   >  Analysis of alpha beta fraction
  101.000000    0.632366
  106.000000    0.631318
  111.000000    0.609042
  116.000000    0.608715
  121.000000    0.633053
  126.000000    0.648763
  131.000000    0.668103
  136.000000    0.650321
  141.000000    0.637552
  146.000000    0.665689
  151.000000    0.648433
  156.000000    0.698854
  161.000000    0.742476
  166.000000    0.742910
  171.000000    0.732358
  176.000000    0.723796
  181.000000    0.694608
  186.000000    0.660519
  191.000000    0.629215
  196.000000    0.613779
  201.000000    0.621691
  206.000000    0.629193
  211.000000    0.637451
  216.000000    0.621924
  221.000000    0.648469
  226.000000    0.666238
  231.000000    0.645143
  236.000000    0.699693
  241.000000    0.715456
  246.000000    0.725213
  251.000000    0.719967
  256.000000    0.753824
  261.000000    0.743979
  266.000000    0.719345
  271.000000    0.700293
  276.000000    0.690547
  281.000000    0.669269
  286.000000    0.644395
  291.000000    0.673035
  296.000000    0.726632
  301.000000    0.783695
  306.000000    0.810267
  311.000000    0.823744
  316.000000    0.804674
  321.000000    0.771050
  326.000000    0.733965
  331.000000    0.711062
  336.000000    0.702201
  341.000000    0.706545
  346.000000    0.710030
  351.000000    0.707875
  356.000000    0.686988
  361.000000    0.673381
  366.000000    0.662365
  371.000000    0.674763
  376.000000    0.689446
  381.000000    0.700687
  386.000000    0.702137
  391.000000    0.682893
  396.000000    0.705759
  401.000000    0.692829
  406.000000    0.679804
  411.000000    0.682913
  416.000000    0.725682
  421.000000    0.737014
  426.000000    0.770338
  431.000000    0.792829
  436.000000    0.790913
  441.000000    0.777676
  446.000000    0.749152
  451.000000    0.742091
  456.000000    0.753944
  461.000000    0.760044
  466.000000    0.764390
  471.000000    0.785494
  476.000000    0.793675
  481.000000    0.781292
  486.000000    0.786417
  491.000000    0.785502
  496.000000    0.759686
  501.000000    0.712897
  506.000000    0.702749
  511.000000    0.717234
  516.000000    0.732787
  521.000000    0.780721
  526.000000    0.805709
  531.000000    0.824526
  536.000000    0.811058
  541.000000    0.798203
  546.000000    0.792487
  551.000000    0.778131
  556.000000    0.730002
  561.000000    0.714139
  566.000000    0.683630
  571.000000    0.620622
  576.000000    0.570583
  581.000000    0.542065
  586.000000    0.583007
  591.000000    0.638337
  596.000000    0.629721
  601.000000    0.650270
  606.000000    0.703844
  611.000000    0.755539
  616.000000    0.754655
  621.000000    0.755723
  626.000000    0.767138
  631.000000    0.755605
  636.000000    0.735427
  641.000000    0.731315
  646.000000    0.701824
  651.000000    0.693648
  656.000000    0.693124
  661.000000    0.688201
  666.000000    0.671238
  671.000000    0.691267
  676.000000    0.716480
  681.000000    0.733733
  686.000000    0.734958
  691.000000    0.724367
  696.000000    0.711078
  701.000000    0.708130
  706.000000    0.715098
  711.000000    0.698938
  716.000000    0.675947
  721.000000    0.645841
  726.000000    0.615320
  731.000000    0.608702
  736.000000    0.634182
  741.000000    0.648683
  746.000000    0.652357
  751.000000    0.676505
  756.000000    0.698217
  761.000000    0.718148
  766.000000    0.705597
  771.000000    0.709553
  776.000000    0.704252
  781.000000    0.715986
  786.000000    0.745135
  791.000000    0.758249
  796.000000    0.757630
  801.000000    0.749928
  806.000000    0.764251
  811.000000    0.786382
  816.000000    0.782398
  821.000000    0.766834
  826.000000    0.752028
  831.000000    0.764067
  836.000000    0.788162
  841.000000    0.799306
  846.000000    0.786883
  851.000000    0.758609
  856.000000    0.693510
  861.000000    0.650988
  866.000000    0.618243
  871.000000    0.579386
  876.000000    0.559693
  881.000000    0.578661
  886.000000    0.617073
  891.000000    0.667040
  896.000000    0.725608
  901.000000    0.750133
  906.000000    0.749673
  911.000000    0.737774
  916.000000    0.693417
  921.000000    0.679834
  926.000000    0.696643
  931.000000    0.744196
  936.000000    0.787835
  941.000000    0.778319
  946.000000    0.778187
  951.000000    0.769623
  956.000000    0.757206
  961.000000    0.736596
  966.000000    0.737599
  971.000000    0.766618
  976.000000    0.765937
  981.000000    0.786634
  986.000000    0.774717
  991.000000    0.771266
  996.000000    0.775900
 1001.000000    0.758862
 1006.000000    0.725414
 1011.000000    0.697714
 1016.000000    0.693935
 1021.000000    0.703002
 1026.000000    0.716777
 1031.000000    0.712679
 1036.000000    0.714799
 1041.000000    0.698232
 1046.000000    0.672695
 1051.000000    0.668187
 1056.000000    0.655598
 1061.000000    0.660745
 1066.000000    0.660720
 1071.000000    0.643825
 1076.000000    0.637278
 1081.000000    0.613502
 1086.000000    0.668588
 1091.000000    0.657375
 1096.000000    0.669761
 1101.000000    0.672939
 1106.000000    0.670483
 1111.000000    0.695623
 1116.000000    0.709859
 1121.000000    0.713558
 1126.000000    0.723354
 1131.000000    0.715813
 1136.000000    0.711819
 1141.000000    0.734340
 1146.000000    0.763921
 1151.000000    0.778942
 1156.000000    0.782476
 1161.000000    0.796488
 1166.000000    0.790363
 1171.000000    0.761134
 1176.000000    0.745574
 1181.000000    0.731968
 1186.000000    0.711901
 1191.000000    0.742701
 1196.000000    0.739109
 1201.000000    0.736462
 1206.000000    0.741935
 1211.000000    0.758352
 1216.000000    0.758691
 1221.000000    0.730558
 1226.000000    0.716898
 1231.000000    0.720854
 1236.000000    0.743838
 1241.000000    0.735869
 1246.000000    0.718279
 1251.000000    0.689963
 1256.000000    0.688293
 1261.000000    0.695509
 1266.000000    0.720438
 1271.000000    0.736117
 1276.000000    0.719991
 1281.000000    0.710956
 1286.000000    0.737758
 1291.000000    0.773176
 1296.000000    0.790518
 1301.000000    0.784270
 1306.000000    0.769830
 1311.000000    0.776921
 1316.000000    0.781989
 1321.000000    0.785698
 1326.000000    0.750841
 1331.000000    0.699039
 1336.000000    0.644575
 1341.000000    0.614427
 1346.000000    0.609028
 1351.000000    0.609759
 1356.000000    0.589668
 1361.000000    0.607463
 1366.000000    0.620876
 1371.000000    0.629297
 1376.000000    0.648402
 1381.000000    0.703951
 1386.000000    0.767188
 1391.000000    0.752697
 1396.000000    0.749932
 1401.000000    0.766714
 1406.000000    0.756795
 1411.000000    0.786251
 1416.000000    0.775629
 1421.000000    0.780375
 1426.000000    0.788053
 1431.000000    0.767542
 1436.000000    0.789708
 1441.000000    0.768480
 1446.000000    0.747879
 1451.000000    0.740979
 1456.000000    0.734984
 1461.000000    0.725423
 1466.000000    0.716047
 1471.000000    0.679441
 1476.000000    0.644387
 1481.000000    0.599875
 1486.000000    0.582384
 1491.000000    0.599205
 1496.000000    0.662728
 1501.000000    0.697130
 1506.000000    0.730786
 1511.000000    0.767991
 1516.000000    0.796921
 1521.000000    0.842729
 1526.000000    0.867266
 1531.000000    0.872312
 1536.000000    0.861942
 1541.000000    0.841607
 1546.000000    0.753695
 1551.000000    0.722502
 1556.000000    0.699011
 1561.000000    0.688009
 1566.000000    0.649112
 1571.000000    0.644785
 1576.000000    0.673722
 1581.000000    0.693581
 1586.000000    0.693011
 1591.000000    0.698995
 1596.000000    0.690914
 1601.000000    0.714150
 1606.000000    0.776039
 1611.000000    0.815134
 1616.000000    0.801278
 1621.000000    0.770212
 1626.000000    0.753873
 1631.000000    0.737816
 1636.000000    0.700021
 1641.000000    0.687354
 1646.000000    0.667033
 1651.000000    0.644679
 1656.000000    0.620393
 1661.000000    0.589561
 1666.000000    0.576336
 1671.000000    0.570616
 1676.000000    0.577489
 1681.000000    0.613907
 1686.000000    0.634883
 1691.000000    0.648712
 1696.000000    0.687733
 1701.000000    0.691910
 1706.000000    0.676714
 1711.000000    0.685442
 1716.000000    0.708116
 1721.000000    0.737703
 1726.000000    0.732477
 1731.000000    0.730133
 1736.000000    0.709010
 1741.000000    0.719671
 1746.000000    0.706450
 1751.000000    0.676449
 1756.000000    0.634800
 1761.000000    0.613887
 1766.000000    0.629278
 1771.000000    0.674139
 1776.000000    0.701164
 1781.000000    0.696977
 1786.000000    0.715986
 1791.000000    0.720549
 1796.000000    0.684251
 1801.000000    0.694300
 1806.000000    0.719248
 1811.000000    0.726289
 1816.000000    0.727726
 1821.000000    0.721860
 1826.000000    0.681474
 1831.000000    0.626121
 1836.000000    0.591346
 1841.000000    0.568974
 1846.000000    0.590039
 1851.000000    0.609840
 1856.000000    0.653284
 1861.000000    0.646333
 1866.000000    0.663529
 1871.000000    0.676607
 1876.000000    0.716116
 1881.000000    0.699053
 1886.000000    0.687267
