#  pixel_depth  alphabetafraction   >  Analysis of alpha beta fraction
   81.000000    0.647099
   86.000000    0.649269
   91.000000    0.688097
   96.000000    0.707756
  101.000000    0.721086
  106.000000    0.742242
  111.000000    0.743100
  116.000000    0.750276
  121.000000    0.776859
  126.000000    0.805808
  131.000000    0.792261
  136.000000    0.777494
  141.000000    0.806294
  146.000000    0.837678
  151.000000    0.827787
  156.000000    0.798344
  161.000000    0.776914
  166.000000    0.739620
  171.000000    0.695038
  176.000000    0.682054
  181.000000    0.713716
  186.000000    0.733100
  191.000000    0.750024
  196.000000    0.760193
  201.000000    0.753308
  206.000000    0.749195
  211.000000    0.751301
  216.000000    0.749395
  221.000000    0.749681
  226.000000    0.755590
  231.000000    0.756779
  236.000000    0.731776
  241.000000    0.717096
  246.000000    0.730475
  251.000000    0.736237
  256.000000    0.736358
  261.000000    0.739704
  266.000000    0.719756
  271.000000    0.730056
  276.000000    0.738315
  281.000000    0.732765
  286.000000    0.752818
  291.000000    0.760167
  296.000000    0.748229
  301.000000    0.735500
  306.000000    0.705921
  311.000000    0.689307
  316.000000    0.685811
  321.000000    0.688906
  326.000000    0.695958
  331.000000    0.687259
  336.000000    0.684281
  341.000000    0.679268
  346.000000    0.704230
  351.000000    0.725464
  356.000000    0.754053
  361.000000    0.762660
  366.000000    0.759840
  371.000000    0.743339
  376.000000    0.734102
  381.000000    0.736087
  386.000000    0.727392
  391.000000    0.711983
  396.000000    0.707120
  401.000000    0.719959
  406.000000    0.710607
  411.000000    0.709965
  416.000000    0.733626
  421.000000    0.748263
  426.000000    0.751566
  431.000000    0.752475
  436.000000    0.736299
  441.000000    0.718684
  446.000000    0.699932
  451.000000    0.684488
  456.000000    0.676073
  461.000000    0.683282
  466.000000    0.697965
  471.000000    0.688279
  476.000000    0.694415
  481.000000    0.698854
  486.000000    0.711248
  491.000000    0.715049
  496.000000    0.736718
  501.000000    0.757207
  506.000000    0.786919
  511.000000    0.771045
  516.000000    0.763697
  521.000000    0.757083
  526.000000    0.754202
  531.000000    0.763233
  536.000000    0.767402
  541.000000    0.733827
  546.000000    0.718021
  551.000000    0.720964
  556.000000    0.726868
  561.000000    0.689069
  566.000000    0.678098
  571.000000    0.653015
  576.000000    0.622256
  581.000000    0.599941
  586.000000    0.606000
  591.000000    0.618508
  596.000000    0.645946
  601.000000    0.660146
  606.000000    0.660813
  611.000000    0.663385
  616.000000    0.662022
  621.000000    0.674474
  626.000000    0.709862
  631.000000    0.713596
  636.000000    0.721080
  641.000000    0.711182
  646.000000    0.712854
  651.000000    0.728377
  656.000000    0.735082
  661.000000    0.695283
  666.000000    0.700959
  671.000000    0.702138
  676.000000    0.701614
  681.000000    0.675766
  686.000000    0.683415
  691.000000    0.687111
  696.000000    0.653826
  701.000000    0.647607
  706.000000    0.618038
  711.000000    0.619651
  716.000000    0.640990
  721.000000    0.666675
  726.000000    0.652703
  731.000000    0.662725
  736.000000    0.700769
  741.000000    0.715906
  746.000000    0.712174
  751.000000    0.697440
  756.000000    0.695314
  761.000000    0.690177
  766.000000    0.681461
  771.000000    0.671745
  776.000000    0.682916
  781.000000    0.675355
  786.000000    0.679123
  791.000000    0.675398
  796.000000    0.629760
  801.000000    0.618677
  806.000000    0.600506
  811.000000    0.600066
  816.000000    0.633225
  821.000000    0.639907
  826.000000    0.626590
  831.000000    0.619625
  836.000000    0.631023
  841.000000    0.666157
  846.000000    0.698866
  851.000000    0.732987
  856.000000    0.747092
  861.000000    0.741516
  866.000000    0.754495
  871.000000    0.773979
  876.000000    0.773906
  881.000000    0.752389
  886.000000    0.742834
  891.000000    0.749875
  896.000000    0.745421
  901.000000    0.755391
  906.000000    0.738488
  911.000000    0.738733
  916.000000    0.711486
  921.000000    0.706145
  926.000000    0.686910
  931.000000    0.703654
  936.000000    0.700749
  941.000000    0.703908
  946.000000    0.736241
  951.000000    0.751704
  956.000000    0.780380
  961.000000    0.796892
  966.000000    0.795947
  971.000000    0.774414
  976.000000    0.777331
  981.000000    0.768169
  986.000000    0.764292
  991.000000    0.746119
  996.000000    0.762369
 1001.000000    0.787784
 1006.000000    0.797654
 1011.000000    0.775521
 1016.000000    0.786566
 1021.000000    0.784426
 1026.000000    0.776789
 1031.000000    0.809518
 1036.000000    0.811824
 1041.000000    0.779563
 1046.000000    0.758046
 1051.000000    0.747344
 1056.000000    0.754938
 1061.000000    0.770179
 1066.000000    0.740482
 1071.000000    0.716145
 1076.000000    0.669995
 1081.000000    0.663735
 1086.000000    0.681237
 1091.000000    0.686765
 1096.000000    0.672480
 1101.000000    0.683124
 1106.000000    0.708871
 1111.000000    0.736467
 1116.000000    0.707785
 1121.000000    0.713972
 1126.000000    0.727733
 1131.000000    0.730942
 1136.000000    0.729952
 1141.000000    0.717375
 1146.000000    0.741999
 1151.000000    0.733999
 1156.000000    0.719337
 1161.000000    0.729034
 1166.000000    0.719498
 1171.000000    0.731085
 1176.000000    0.736632
 1181.000000    0.736401
 1186.000000    0.726972
 1191.000000    0.715984
 1196.000000    0.723325
 1201.000000    0.758879
 1206.000000    0.733546
 1211.000000    0.714296
 1216.000000    0.718041
 1221.000000    0.701521
 1226.000000    0.690910
 1231.000000    0.688461
 1236.000000    0.710808
 1241.000000    0.738700
 1246.000000    0.719256
 1251.000000    0.724585
 1256.000000    0.771057
 1261.000000    0.762153
 1266.000000    0.747305
 1271.000000    0.740665
 1276.000000    0.739151
 1281.000000    0.741212
 1286.000000    0.742792
 1291.000000    0.738592
 1296.000000    0.730327
 1301.000000    0.716818
 1306.000000    0.716362
 1311.000000    0.735305
 1316.000000    0.724988
 1321.000000    0.738358
 1326.000000    0.756283
 1331.000000    0.764405
 1336.000000    0.767461
 1341.000000    0.786262
 1346.000000    0.798844
 1351.000000    0.784121
 1356.000000    0.779451
 1361.000000    0.787428
 1366.000000    0.767163
 1371.000000    0.751281
 1376.000000    0.734508
 1381.000000    0.712600
 1386.000000    0.721145
 1391.000000    0.744558
 1396.000000    0.726039
 1401.000000    0.715708
 1406.000000    0.730144
 1411.000000    0.719504
 1416.000000    0.740146
 1421.000000    0.763578
 1426.000000    0.786378
 1431.000000    0.814385
 1436.000000    0.813592
 1441.000000    0.802950
 1446.000000    0.786307
 1451.000000    0.777139
 1456.000000    0.783676
 1461.000000    0.772749
 1466.000000    0.749466
 1471.000000    0.729910
 1476.000000    0.728619
 1481.000000    0.723928
 1486.000000    0.723882
 1491.000000    0.717922
 1496.000000    0.722799
 1501.000000    0.705429
 1506.000000    0.682269
 1511.000000    0.663661
 1516.000000    0.689037
 1521.000000    0.701604
 1526.000000    0.705470
 1531.000000    0.709369
 1536.000000    0.691026
 1541.000000    0.686359
 1546.000000    0.687974
 1551.000000    0.701039
 1556.000000    0.711558
 1561.000000    0.714209
 1566.000000    0.700910
 1571.000000    0.715880
 1576.000000    0.725206
 1581.000000    0.762329
 1586.000000    0.753081
 1591.000000    0.741851
 1596.000000    0.761287
 1601.000000    0.745157
 1606.000000    0.754154
 1611.000000    0.741669
 1616.000000    0.750955
 1621.000000    0.756363
 1626.000000    0.752457
 1631.000000    0.757248
 1636.000000    0.757221
 1641.000000    0.767557
 1646.000000    0.745257
 1651.000000    0.720147
 1656.000000    0.675080
 1661.000000    0.628034
 1666.000000    0.646617
 1671.000000    0.702756
 1676.000000    0.733641
 1681.000000    0.764775
 1686.000000    0.765534
 1691.000000    0.778863
 1696.000000    0.803653
 1701.000000    0.784889
 1706.000000    0.755373
 1711.000000    0.734366
 1716.000000    0.734473
 1721.000000    0.754276
 1726.000000    0.768375
 1731.000000    0.784812
 1736.000000    0.778609
 1741.000000    0.777728
 1746.000000    0.769572
 1751.000000    0.760381
 1756.000000    0.748282
 1761.000000    0.769884
 1766.000000    0.762881
 1771.000000    0.756951
 1776.000000    0.783349
 1781.000000    0.799482
 1786.000000    0.756357
 1791.000000    0.731974
