#  pixel_depth  alphabetafraction   >  Analysis of alpha beta fraction
   34.000000    0.747085
   39.000000    0.771118
   44.000000    0.800824
   49.000000    0.800157
   54.000000    0.792926
   59.000000    0.785638
   64.000000    0.764840
   69.000000    0.774200
   74.000000    0.773769
   79.000000    0.785405
   84.000000    0.769360
   89.000000    0.764074
   94.000000    0.782825
   99.000000    0.773050
  104.000000    0.743281
  109.000000    0.743988
  114.000000    0.760491
  119.000000    0.738309
  124.000000    0.676631
  129.000000    0.618723
  134.000000    0.624567
  139.000000    0.645249
  144.000000    0.653106
  149.000000    0.657589
  154.000000    0.639696
  159.000000    0.656081
  164.000000    0.666491
  169.000000    0.675434
  174.000000    0.682500
  179.000000    0.675550
  184.000000    0.650198
  189.000000    0.655995
  194.000000    0.686133
  199.000000    0.687354
  204.000000    0.700676
  209.000000    0.731263
  214.000000    0.759126
  219.000000    0.763644
  224.000000    0.782886
  229.000000    0.796627
  234.000000    0.798521
  239.000000    0.797841
  244.000000    0.791689
  249.000000    0.785819
  254.000000    0.780705
  259.000000    0.763950
  264.000000    0.732413
  269.000000    0.696488
  274.000000    0.691161
  279.000000    0.687735
  284.000000    0.670093
  289.000000    0.702284
  294.000000    0.733644
  299.000000    0.730366
  304.000000    0.735614
  309.000000    0.725167
  314.000000    0.699826
  319.000000    0.696975
  324.000000    0.690898
  329.000000    0.700640
  334.000000    0.702638
  339.000000    0.685185
  344.000000    0.664540
  349.000000    0.614751
  354.000000    0.592076
  359.000000    0.606502
  364.000000    0.619372
  369.000000    0.623562
  374.000000    0.622932
  379.000000    0.608255
  384.000000    0.606254
  389.000000    0.589476
  394.000000    0.573647
  399.000000    0.582502
  404.000000    0.604609
  409.000000    0.633933
  414.000000    0.652435
  419.000000    0.665349
  424.000000    0.693100
  429.000000    0.702380
  434.000000    0.691405
  439.000000    0.681984
  444.000000    0.645318
  449.000000    0.653382
  454.000000    0.645367
  459.000000    0.650357
  464.000000    0.629797
  469.000000    0.613549
  474.000000    0.616794
  479.000000    0.634638
  484.000000    0.663020
  489.000000    0.672422
  494.000000    0.697035
  499.000000    0.704915
  504.000000    0.738405
  509.000000    0.747793
  514.000000    0.757340
  519.000000    0.779473
  524.000000    0.751783
  529.000000    0.707929
  534.000000    0.710060
  539.000000    0.703062
  544.000000    0.703599
  549.000000    0.744678
  554.000000    0.775727
  559.000000    0.766813
  564.000000    0.762639
  569.000000    0.752254
  574.000000    0.734549
  579.000000    0.750586
  584.000000    0.761446
  589.000000    0.769603
  594.000000    0.780804
  599.000000    0.781548
  604.000000    0.766811
  609.000000    0.751889
  614.000000    0.740397
  619.000000    0.738434
  624.000000    0.735120
  629.000000    0.764892
  634.000000    0.761787
  639.000000    0.766553
  644.000000    0.764845
  649.000000    0.746612
  654.000000    0.727782
  659.000000    0.714382
  664.000000    0.708140
  669.000000    0.702028
  674.000000    0.713209
  679.000000    0.727987
  684.000000    0.743213
  689.000000    0.765431
  694.000000    0.752401
  699.000000    0.735328
  704.000000    0.720132
  709.000000    0.699405
  714.000000    0.714699
  719.000000    0.730900
  724.000000    0.736947
  729.000000    0.732326
  734.000000    0.727237
  739.000000    0.720288
  744.000000    0.709460
  749.000000    0.689100
  754.000000    0.667447
  759.000000    0.647565
  764.000000    0.636724
  769.000000    0.633511
  774.000000    0.630258
  779.000000    0.607164
  784.000000    0.640340
  789.000000    0.695303
  794.000000    0.693847
  799.000000    0.696240
  804.000000    0.695212
  809.000000    0.688653
  814.000000    0.673133
  819.000000    0.651274
  824.000000    0.640753
  829.000000    0.592211
  834.000000    0.542247
  839.000000    0.562815
  844.000000    0.585562
  849.000000    0.635811
  854.000000    0.711556
  859.000000    0.769362
  864.000000    0.797419
  869.000000    0.812622
  874.000000    0.809186
  879.000000    0.797440
  884.000000    0.796817
  889.000000    0.810122
  894.000000    0.818300
  899.000000    0.799654
  904.000000    0.779687
  909.000000    0.778095
  914.000000    0.769815
  919.000000    0.721772
  924.000000    0.695215
  929.000000    0.688328
  934.000000    0.662216
  939.000000    0.660914
  944.000000    0.659393
  949.000000    0.656605
  954.000000    0.669029
  959.000000    0.677473
  964.000000    0.705955
  969.000000    0.719729
  974.000000    0.753871
  979.000000    0.764839
  984.000000    0.765464
  989.000000    0.755845
  994.000000    0.752101
  999.000000    0.756642
 1004.000000    0.760153
 1009.000000    0.755689
 1014.000000    0.762851
 1019.000000    0.741348
 1024.000000    0.739372
 1029.000000    0.702844
 1034.000000    0.663730
 1039.000000    0.632673
 1044.000000    0.626767
 1049.000000    0.634585
 1054.000000    0.680465
 1059.000000    0.691222
 1064.000000    0.692717
 1069.000000    0.713110
 1074.000000    0.746998
 1079.000000    0.754348
 1084.000000    0.755518
 1089.000000    0.764810
 1094.000000    0.760427
 1099.000000    0.746748
 1104.000000    0.727467
 1109.000000    0.733683
 1114.000000    0.718070
 1119.000000    0.703050
 1124.000000    0.716106
 1129.000000    0.732627
 1134.000000    0.745928
 1139.000000    0.751060
 1144.000000    0.752472
 1149.000000    0.753483
 1154.000000    0.778339
 1159.000000    0.782151
 1164.000000    0.779562
 1169.000000    0.763220
 1174.000000    0.733103
 1179.000000    0.723150
 1184.000000    0.691639
 1189.000000    0.646314
 1194.000000    0.609416
 1199.000000    0.607302
 1204.000000    0.579541
 1209.000000    0.572863
 1214.000000    0.583143
 1219.000000    0.615722
 1224.000000    0.615267
 1229.000000    0.602775
 1234.000000    0.626286
 1239.000000    0.662524
 1244.000000    0.689618
 1249.000000    0.688702
 1254.000000    0.705878
 1259.000000    0.719890
 1264.000000    0.739601
 1269.000000    0.736518
 1274.000000    0.719834
 1279.000000    0.731055
 1284.000000    0.735248
 1289.000000    0.742330
 1294.000000    0.743633
 1299.000000    0.728334
 1304.000000    0.709921
 1309.000000    0.715443
 1314.000000    0.734153
 1319.000000    0.775556
 1324.000000    0.763744
 1329.000000    0.760120
 1334.000000    0.769135
 1339.000000    0.770375
 1344.000000    0.782912
 1349.000000    0.790021
 1354.000000    0.786900
 1359.000000    0.774716
 1364.000000    0.787668
 1369.000000    0.779435
 1374.000000    0.726335
 1379.000000    0.658205
 1384.000000    0.619452
 1389.000000    0.637117
 1394.000000    0.639174
 1399.000000    0.661561
 1404.000000    0.695847
 1409.000000    0.724591
 1414.000000    0.749812
 1419.000000    0.758412
 1424.000000    0.786209
 1429.000000    0.813764
 1434.000000    0.820121
 1439.000000    0.851212
 1444.000000    0.855809
 1449.000000    0.868666
 1454.000000    0.854182
 1459.000000    0.820584
 1464.000000    0.780678
 1469.000000    0.753572
 1474.000000    0.743586
 1479.000000    0.717754
 1484.000000    0.697785
 1489.000000    0.674153
 1494.000000    0.660761
 1499.000000    0.649766
 1504.000000    0.628899
 1509.000000    0.638043
 1514.000000    0.643107
 1519.000000    0.596932
 1524.000000    0.568429
 1529.000000    0.608167
 1534.000000    0.626391
 1539.000000    0.647388
 1544.000000    0.649192
 1549.000000    0.659561
 1554.000000    0.663791
 1559.000000    0.690574
 1564.000000    0.714748
 1569.000000    0.748105
 1574.000000    0.785345
 1579.000000    0.787504
 1584.000000    0.766031
 1589.000000    0.748323
 1594.000000    0.769979
 1599.000000    0.772344
 1604.000000    0.753186
 1609.000000    0.736189
 1614.000000    0.731477
 1619.000000    0.713393
 1624.000000    0.707052
 1629.000000    0.693594
 1634.000000    0.694333
 1639.000000    0.694221
 1644.000000    0.733189
 1649.000000    0.748960
 1654.000000    0.764120
 1659.000000    0.768982
 1664.000000    0.779582
 1669.000000    0.771280
 1674.000000    0.740882
 1679.000000    0.745620
 1684.000000    0.751775
 1689.000000    0.742066
 1694.000000    0.748868
 1699.000000    0.760662
 1704.000000    0.769170
 1709.000000    0.768970
 1714.000000    0.779510
 1719.000000    0.768423
 1724.000000    0.765442
 1729.000000    0.742050
 1734.000000    0.749223
 1739.000000    0.737048
 1744.000000    0.719323
 1749.000000    0.704760
 1754.000000    0.684054
 1759.000000    0.662844
 1764.000000    0.631625
 1769.000000    0.619998
 1774.000000    0.584119
 1779.000000    0.561992
 1784.000000    0.575879
 1789.000000    0.568141
 1794.000000    0.574412
 1799.000000    0.612859
 1804.000000    0.613699
 1809.000000    0.675194
 1814.000000    0.747005
 1819.000000    0.748696
 1824.000000    0.718209
 1829.000000    0.707905
 1834.000000    0.711731
 1839.000000    0.764281
 1844.000000    0.797977
 1849.000000    0.801629
