#  pixel_depth  alphabetafraction   >  Analysis of alpha beta fraction
   63.000000    0.755751
   68.000000    0.763393
   73.000000    0.757217
   78.000000    0.760050
   83.000000    0.738356
   88.000000    0.755133
   93.000000    0.784690
   98.000000    0.814065
  103.000000    0.798660
  108.000000    0.799138
  113.000000    0.820222
  118.000000    0.842209
  123.000000    0.833129
  128.000000    0.825625
  133.000000    0.802047
  138.000000    0.781275
  143.000000    0.799807
  148.000000    0.800779
  153.000000    0.813767
  158.000000    0.813341
  163.000000    0.807721
  168.000000    0.783319
  173.000000    0.756792
  178.000000    0.745842
  183.000000    0.730211
  188.000000    0.730951
  193.000000    0.729945
  198.000000    0.697468
  203.000000    0.658775
  208.000000    0.652538
  213.000000    0.625263
  218.000000    0.603157
  223.000000    0.595507
  228.000000    0.600888
  233.000000    0.604744
  238.000000    0.629162
  243.000000    0.640985
  248.000000    0.635925
  253.000000    0.658310
  258.000000    0.705391
  263.000000    0.740219
  268.000000    0.750613
  273.000000    0.760457
  278.000000    0.778295
  283.000000    0.759541
  288.000000    0.730564
  293.000000    0.729252
  298.000000    0.726863
  303.000000    0.725966
  308.000000    0.691419
  313.000000    0.677270
  318.000000    0.668939
  323.000000    0.664896
  328.000000    0.679261
  333.000000    0.695060
  338.000000    0.715950
  343.000000    0.717174
  348.000000    0.707795
  353.000000    0.706537
  358.000000    0.715445
  363.000000    0.762415
  368.000000    0.746169
  373.000000    0.709839
  378.000000    0.681968
  383.000000    0.692617
  388.000000    0.687937
  393.000000    0.647985
  398.000000    0.612616
  403.000000    0.619758
  408.000000    0.652969
  413.000000    0.654433
  418.000000    0.649297
  423.000000    0.649165
  428.000000    0.650573
  433.000000    0.635342
  438.000000    0.641301
  443.000000    0.614363
  448.000000    0.572217
  453.000000    0.626313
  458.000000    0.646126
  463.000000    0.664286
  468.000000    0.676768
  473.000000    0.695313
  478.000000    0.713358
  483.000000    0.728039
  488.000000    0.780146
  493.000000    0.801493
  498.000000    0.829366
  503.000000    0.834398
  508.000000    0.833865
  513.000000    0.808553
  518.000000    0.822183
  523.000000    0.825581
  528.000000    0.787283
  533.000000    0.743491
  538.000000    0.752551
  543.000000    0.749247
  548.000000    0.768834
  553.000000    0.767004
  558.000000    0.750116
  563.000000    0.735353
  568.000000    0.749405
  573.000000    0.762435
  578.000000    0.758415
  583.000000    0.766727
  588.000000    0.742369
  593.000000    0.714612
  598.000000    0.711074
  603.000000    0.693577
  608.000000    0.668563
  613.000000    0.644101
  618.000000    0.644967
  623.000000    0.632630
  628.000000    0.638114
  633.000000    0.663003
  638.000000    0.646875
  643.000000    0.620171
  648.000000    0.615127
  653.000000    0.621766
  658.000000    0.661830
  663.000000    0.711315
  668.000000    0.769822
  673.000000    0.789183
  678.000000    0.804900
  683.000000    0.814378
  688.000000    0.815307
  693.000000    0.777446
  698.000000    0.735283
  703.000000    0.723188
  708.000000    0.705199
  713.000000    0.658478
  718.000000    0.616664
  723.000000    0.595797
  728.000000    0.620399
  733.000000    0.632809
  738.000000    0.654402
  743.000000    0.667472
  748.000000    0.663130
  753.000000    0.679077
  758.000000    0.696359
  763.000000    0.708646
  768.000000    0.723157
  773.000000    0.734202
  778.000000    0.732670
  783.000000    0.729406
  788.000000    0.736496
  793.000000    0.748594
  798.000000    0.748124
  803.000000    0.765658
  808.000000    0.754266
  813.000000    0.747911
  818.000000    0.727627
  823.000000    0.713649
  828.000000    0.708577
  833.000000    0.674129
  838.000000    0.641915
  843.000000    0.639332
  848.000000    0.630387
  853.000000    0.604220
  858.000000    0.611758
  863.000000    0.610040
  868.000000    0.625910
  873.000000    0.648329
  878.000000    0.657761
  883.000000    0.690152
  888.000000    0.696264
  893.000000    0.676468
  898.000000    0.660465
  903.000000    0.639331
  908.000000    0.624180
  913.000000    0.608591
  918.000000    0.606277
  923.000000    0.614030
  928.000000    0.608945
  933.000000    0.604302
  938.000000    0.618694
  943.000000    0.644721
  948.000000    0.636915
  953.000000    0.618250
  958.000000    0.621491
  963.000000    0.592185
  968.000000    0.594638
  973.000000    0.605030
  978.000000    0.625305
  983.000000    0.666827
  988.000000    0.695915
  993.000000    0.661430
  998.000000    0.657155
 1003.000000    0.655605
 1008.000000    0.658876
 1013.000000    0.679863
 1018.000000    0.733882
 1023.000000    0.748109
 1028.000000    0.751836
 1033.000000    0.733951
 1038.000000    0.747333
 1043.000000    0.743434
 1048.000000    0.741558
 1053.000000    0.761430
 1058.000000    0.748599
 1063.000000    0.760952
 1068.000000    0.752569
 1073.000000    0.742080
 1078.000000    0.719308
 1083.000000    0.678487
 1088.000000    0.688163
 1093.000000    0.678010
 1098.000000    0.665030
 1103.000000    0.647035
 1108.000000    0.691567
 1113.000000    0.701485
 1118.000000    0.683605
 1123.000000    0.658317
 1128.000000    0.638839
 1133.000000    0.655761
 1138.000000    0.682545
 1143.000000    0.670994
 1148.000000    0.718032
 1153.000000    0.717117
 1158.000000    0.731187
 1163.000000    0.737013
 1168.000000    0.748942
 1173.000000    0.759568
 1178.000000    0.741091
 1183.000000    0.709832
 1188.000000    0.721968
 1193.000000    0.720946
 1198.000000    0.706719
 1203.000000    0.680516
 1208.000000    0.685320
 1213.000000    0.683938
 1218.000000    0.688963
 1223.000000    0.658243
 1228.000000    0.636062
 1233.000000    0.646101
 1238.000000    0.667791
 1243.000000    0.651193
 1248.000000    0.679463
 1253.000000    0.704471
 1258.000000    0.737283
 1263.000000    0.758208
 1268.000000    0.763550
 1273.000000    0.767539
 1278.000000    0.731480
 1283.000000    0.723071
 1288.000000    0.738895
 1293.000000    0.775225
 1298.000000    0.765521
 1303.000000    0.775215
 1308.000000    0.746543
 1313.000000    0.755851
 1318.000000    0.764275
 1323.000000    0.759607
 1328.000000    0.746320
 1333.000000    0.722118
 1338.000000    0.721081
 1343.000000    0.699726
 1348.000000    0.726685
 1353.000000    0.739864
 1358.000000    0.728216
 1363.000000    0.723865
 1368.000000    0.732829
 1373.000000    0.723579
 1378.000000    0.749415
 1383.000000    0.767796
 1388.000000    0.778357
 1393.000000    0.749293
 1398.000000    0.738811
 1403.000000    0.710013
 1408.000000    0.674891
 1413.000000    0.707807
 1418.000000    0.727223
 1423.000000    0.712538
 1428.000000    0.697288
 1433.000000    0.682793
 1438.000000    0.663200
 1443.000000    0.645383
 1448.000000    0.623629
 1453.000000    0.649014
 1458.000000    0.659840
 1463.000000    0.643231
 1468.000000    0.624178
 1473.000000    0.615779
 1478.000000    0.621989
 1483.000000    0.637584
 1488.000000    0.647381
 1493.000000    0.631799
 1498.000000    0.638857
 1503.000000    0.669930
 1508.000000    0.693112
 1513.000000    0.733879
 1518.000000    0.730649
 1523.000000    0.736282
 1528.000000    0.743909
 1533.000000    0.744830
 1538.000000    0.735097
 1543.000000    0.733214
 1548.000000    0.739272
 1553.000000    0.763147
 1558.000000    0.785097
 1563.000000    0.790654
 1568.000000    0.763487
 1573.000000    0.736737
 1578.000000    0.718549
 1583.000000    0.725751
 1588.000000    0.726674
 1593.000000    0.713921
 1598.000000    0.679743
 1603.000000    0.645065
 1608.000000    0.649611
 1613.000000    0.633747
 1618.000000    0.627988
 1623.000000    0.613674
 1628.000000    0.601031
 1633.000000    0.568497
 1638.000000    0.611006
 1643.000000    0.680603
 1648.000000    0.708243
 1653.000000    0.703056
 1658.000000    0.715328
 1663.000000    0.735593
 1668.000000    0.754541
 1673.000000    0.768862
 1678.000000    0.772559
 1683.000000    0.787874
 1688.000000    0.767715
 1693.000000    0.767558
 1698.000000    0.726920
 1703.000000    0.686066
 1708.000000    0.650706
 1713.000000    0.636696
 1718.000000    0.649174
 1723.000000    0.627102
 1728.000000    0.620066
 1733.000000    0.635435
 1738.000000    0.672124
 1743.000000    0.718124
 1748.000000    0.792174
 1753.000000    0.892140
