#  pixel_depth  alphabetafraction   >  Analysis of alpha beta fraction
  203.000000    0.914857
  208.000000    0.906165
  213.000000    0.891147
  218.000000    0.886365
  223.000000    0.879282
  228.000000    0.861380
  233.000000    0.847076
  238.000000    0.806713
  243.000000    0.828644
  248.000000    0.838046
  253.000000    0.827435
  258.000000    0.822357
  263.000000    0.825978
  268.000000    0.854178
  273.000000    0.887340
  278.000000    0.894639
  283.000000    0.903554
  288.000000    0.894593
  293.000000    0.901468
  298.000000    0.903979
  303.000000    0.894238
  308.000000    0.880368
  313.000000    0.875451
  318.000000    0.856659
  323.000000    0.800686
  328.000000    0.771874
  333.000000    0.780625
  338.000000    0.786480
  343.000000    0.769795
  348.000000    0.777364
  353.000000    0.756392
  358.000000    0.741984
  363.000000    0.759611
  368.000000    0.779367
  373.000000    0.785333
  378.000000    0.790203
  383.000000    0.785873
  388.000000    0.786189
  393.000000    0.774262
  398.000000    0.800638
  403.000000    0.806928
  408.000000    0.801382
  413.000000    0.800076
  418.000000    0.783813
  423.000000    0.777344
  428.000000    0.778445
  433.000000    0.826088
  438.000000    0.815281
  443.000000    0.800605
  448.000000    0.802580
  453.000000    0.797498
  458.000000    0.806772
  463.000000    0.810172
  468.000000    0.798898
  473.000000    0.785213
  478.000000    0.772926
  483.000000    0.763822
  488.000000    0.747508
  493.000000    0.733647
  498.000000    0.723687
  503.000000    0.703781
  508.000000    0.716551
  513.000000    0.732454
  518.000000    0.788790
  523.000000    0.816900
  528.000000    0.844250
  533.000000    0.844820
  538.000000    0.852028
  543.000000    0.850374
  548.000000    0.847148
  553.000000    0.838327
  558.000000    0.818585
  563.000000    0.816975
  568.000000    0.823275
  573.000000    0.819048
  578.000000    0.781330
  583.000000    0.779379
  588.000000    0.799288
  593.000000    0.805185
  598.000000    0.782202
  603.000000    0.783262
  608.000000    0.795776
  613.000000    0.815411
  618.000000    0.851327
  623.000000    0.872448
  628.000000    0.881032
  633.000000    0.856583
  638.000000    0.856577
  643.000000    0.843023
  648.000000    0.827786
  653.000000    0.803899
  658.000000    0.809364
  663.000000    0.824603
  668.000000    0.825606
  673.000000    0.823761
  678.000000    0.832205
  683.000000    0.829895
  688.000000    0.823895
  693.000000    0.802046
  698.000000    0.789120
  703.000000    0.812818
  708.000000    0.805180
  713.000000    0.790949
  718.000000    0.805353
  723.000000    0.791373
  728.000000    0.772497
  733.000000    0.743098
  738.000000    0.707834
  743.000000    0.663119
  748.000000    0.631216
  753.000000    0.642522
  758.000000    0.723972
  763.000000    0.762918
  768.000000    0.789819
  773.000000    0.823760
  778.000000    0.842020
  783.000000    0.842655
  788.000000    0.861565
  793.000000    0.854762
  798.000000    0.817534
  803.000000    0.782449
  808.000000    0.775616
  813.000000    0.744584
  818.000000    0.757293
  823.000000    0.776978
  828.000000    0.763749
  833.000000    0.768109
  838.000000    0.783692
  843.000000    0.826692
  848.000000    0.844515
  853.000000    0.861156
  858.000000    0.886544
  863.000000    0.858731
  868.000000    0.832082
  873.000000    0.845816
  878.000000    0.859789
  883.000000    0.855921
  888.000000    0.853157
  893.000000    0.851754
  898.000000    0.861573
  903.000000    0.838365
  908.000000    0.818000
  913.000000    0.809467
  918.000000    0.791270
  923.000000    0.802512
  928.000000    0.818630
  933.000000    0.812900
  938.000000    0.797880
  943.000000    0.807189
  948.000000    0.803083
  953.000000    0.806490
  958.000000    0.792699
  963.000000    0.787151
  968.000000    0.804014
  973.000000    0.821161
  978.000000    0.807942
  983.000000    0.787630
  988.000000    0.793504
  993.000000    0.791364
  998.000000    0.764588
 1003.000000    0.755996
 1008.000000    0.761994
 1013.000000    0.769135
 1018.000000    0.781503
 1023.000000    0.806722
 1028.000000    0.815470
 1033.000000    0.804808
 1038.000000    0.768723
 1043.000000    0.782655
 1048.000000    0.791852
 1053.000000    0.825125
 1058.000000    0.837851
 1063.000000    0.847723
 1068.000000    0.840578
 1073.000000    0.860140
 1078.000000    0.850073
 1083.000000    0.849713
 1088.000000    0.844679
 1093.000000    0.851015
 1098.000000    0.855763
 1103.000000    0.831431
 1108.000000    0.823478
 1113.000000    0.824287
 1118.000000    0.813482
 1123.000000    0.794607
 1128.000000    0.766718
 1133.000000    0.748290
 1138.000000    0.723444
 1143.000000    0.769418
 1148.000000    0.834406
 1153.000000    0.828696
 1158.000000    0.834060
 1163.000000    0.827348
 1168.000000    0.846652
 1173.000000    0.891225
 1178.000000    0.898189
 1183.000000    0.900679
 1188.000000    0.878512
 1193.000000    0.846715
 1198.000000    0.836536
 1203.000000    0.828957
 1208.000000    0.813559
 1213.000000    0.798542
 1218.000000    0.777561
 1223.000000    0.756333
 1228.000000    0.780064
 1233.000000    0.775876
 1238.000000    0.781912
 1243.000000    0.817251
 1248.000000    0.852712
 1253.000000    0.868699
 1258.000000    0.867484
 1263.000000    0.866224
 1268.000000    0.865311
 1273.000000    0.835977
 1278.000000    0.850127
 1283.000000    0.856788
 1288.000000    0.842368
 1293.000000    0.842887
 1298.000000    0.834075
 1303.000000    0.792325
 1308.000000    0.779372
 1313.000000    0.812443
 1318.000000    0.820377
 1323.000000    0.848441
 1328.000000    0.861117
 1333.000000    0.873850
 1338.000000    0.880229
 1343.000000    0.880365
 1348.000000    0.871056
 1353.000000    0.873623
 1358.000000    0.879567
 1363.000000    0.862471
 1368.000000    0.862114
 1373.000000    0.867068
 1378.000000    0.846249
 1383.000000    0.819683
 1388.000000    0.814402
 1393.000000    0.861046
 1398.000000    0.870955
 1403.000000    0.866707
 1408.000000    0.839452
 1413.000000    0.843983
 1418.000000    0.854539
 1423.000000    0.837667
 1428.000000    0.861061
 1433.000000    0.847410
 1438.000000    0.843150
 1443.000000    0.802099
 1448.000000    0.759314
 1453.000000    0.776427
 1458.000000    0.823010
 1463.000000    0.834443
 1468.000000    0.860515
 1473.000000    0.856851
 1478.000000    0.883452
 1483.000000    0.913809
 1488.000000    0.892612
 1493.000000    0.865697
 1498.000000    0.861246
 1503.000000    0.879066
 1508.000000    0.873353
 1513.000000    0.848009
 1518.000000    0.811505
 1523.000000    0.774884
 1528.000000    0.759456
 1533.000000    0.755830
 1538.000000    0.773301
 1543.000000    0.805006
 1548.000000    0.812657
 1553.000000    0.834627
 1558.000000    0.830058
 1563.000000    0.839544
 1568.000000    0.848686
 1573.000000    0.862353
 1578.000000    0.869661
 1583.000000    0.886166
 1588.000000    0.886734
 1593.000000    0.871252
 1598.000000    0.870222
 1603.000000    0.872517
 1608.000000    0.871229
 1613.000000    0.856061
 1618.000000    0.846290
 1623.000000    0.853434
 1628.000000    0.873954
 1633.000000    0.846042
 1638.000000    0.821430
 1643.000000    0.796377
 1648.000000    0.800871
 1653.000000    0.812378
 1658.000000    0.807892
 1663.000000    0.793346
 1668.000000    0.838058
 1673.000000    0.811944
 1678.000000    0.812621
 1683.000000    0.808053
 1688.000000    0.842020
 1693.000000    0.854593
 1698.000000    0.854229
 1703.000000    0.856149
 1708.000000    0.856411
 1713.000000    0.870443
 1718.000000    0.868032
 1723.000000    0.874699
 1728.000000    0.864663
 1733.000000    0.878356
 1738.000000    0.876071
 1743.000000    0.873547
 1748.000000    0.870456
 1753.000000    0.856257
 1758.000000    0.850554
 1763.000000    0.848844
 1768.000000    0.826480
 1773.000000    0.823182
 1778.000000    0.821048
 1783.000000    0.826287
 1788.000000    0.814905
 1793.000000    0.822962
 1798.000000    0.823567
 1803.000000    0.833704
 1808.000000    0.859076
 1813.000000    0.830461
 1818.000000    0.832997
 1823.000000    0.832999
 1828.000000    0.850748
 1833.000000    0.880583
 1838.000000    0.897324
 1843.000000    0.889316
 1848.000000    0.874380
 1853.000000    0.857408
 1858.000000    0.850129
 1863.000000    0.850438
 1868.000000    0.872917
 1873.000000    0.885530
 1878.000000    0.882720
 1883.000000    0.877206
 1888.000000    0.867115
 1893.000000    0.843825
 1898.000000    0.824803
 1903.000000    0.809289
 1908.000000    0.802829
 1913.000000    0.825310
 1918.000000    0.835899
 1923.000000    0.807172
 1928.000000    0.832875
 1933.000000    0.855125
 1938.000000    0.839099
 1943.000000    0.825947
