#  pixel_depth  alphabetafraction   >  Analysis of alpha beta fraction
  160.000000    0.806738
  165.000000    0.817532
  170.000000    0.803017
  175.000000    0.786164
  180.000000    0.780139
  185.000000    0.777098
  190.000000    0.767183
  195.000000    0.748491
  200.000000    0.741536
  205.000000    0.719069
  210.000000    0.705277
  215.000000    0.691775
  220.000000    0.697029
  225.000000    0.722054
  230.000000    0.722188
  235.000000    0.717841
  240.000000    0.739153
  245.000000    0.733835
  250.000000    0.738031
  255.000000    0.748189
  260.000000    0.753444
  265.000000    0.763254
  270.000000    0.762188
  275.000000    0.759012
  280.000000    0.736880
  285.000000    0.724593
  290.000000    0.736963
  295.000000    0.746391
  300.000000    0.751066
  305.000000    0.760729
  310.000000    0.755014
  315.000000    0.762278
  320.000000    0.770339
  325.000000    0.773278
  330.000000    0.761906
  335.000000    0.740533
  340.000000    0.748405
  345.000000    0.725521
  350.000000    0.727339
  355.000000    0.704940
  360.000000    0.695020
  365.000000    0.664450
  370.000000    0.634191
  375.000000    0.640657
  380.000000    0.653822
  385.000000    0.690684
  390.000000    0.715437
  395.000000    0.706712
  400.000000    0.682462
  405.000000    0.661299
  410.000000    0.652524
  415.000000    0.652831
  420.000000    0.670947
  425.000000    0.712395
  430.000000    0.724890
  435.000000    0.711206
  440.000000    0.716774
  445.000000    0.726023
  450.000000    0.698521
  455.000000    0.668174
  460.000000    0.649461
  465.000000    0.685474
  470.000000    0.678467
  475.000000    0.682528
  480.000000    0.675881
  485.000000    0.670603
  490.000000    0.664267
  495.000000    0.660125
  500.000000    0.690968
  505.000000    0.704276
  510.000000    0.701897
  515.000000    0.673747
  520.000000    0.667908
  525.000000    0.666086
  530.000000    0.674451
  535.000000    0.701965
  540.000000    0.722076
  545.000000    0.702049
  550.000000    0.700855
  555.000000    0.680165
  560.000000    0.666030
  565.000000    0.664687
  570.000000    0.668048
  575.000000    0.704916
  580.000000    0.718790
  585.000000    0.725833
  590.000000    0.724898
  595.000000    0.712268
  600.000000    0.706438
  605.000000    0.726673
  610.000000    0.764476
  615.000000    0.792418
  620.000000    0.812956
  625.000000    0.810910
  630.000000    0.810134
  635.000000    0.809716
  640.000000    0.828748
  645.000000    0.822384
  650.000000    0.809514
  655.000000    0.793120
  660.000000    0.770279
  665.000000    0.741212
  670.000000    0.674037
  675.000000    0.623410
  680.000000    0.606006
  685.000000    0.635144
  690.000000    0.650475
  695.000000    0.597562
  700.000000    0.580039
  705.000000    0.597405
  710.000000    0.619766
  715.000000    0.648577
  720.000000    0.647601
  725.000000    0.632246
  730.000000    0.661446
  735.000000    0.673122
  740.000000    0.722239
  745.000000    0.699028
  750.000000    0.723378
  755.000000    0.700071
  760.000000    0.687707
  765.000000    0.673054
  770.000000    0.711909
  775.000000    0.716000
  780.000000    0.716241
  785.000000    0.713598
  790.000000    0.750240
  795.000000    0.764796
  800.000000    0.778972
  805.000000    0.784527
  810.000000    0.794377
  815.000000    0.786596
  820.000000    0.784776
  825.000000    0.783837
  830.000000    0.765339
  835.000000    0.773794
  840.000000    0.758837
  845.000000    0.760457
  850.000000    0.743351
  855.000000    0.737169
  860.000000    0.738259
  865.000000    0.723211
  870.000000    0.723491
  875.000000    0.730022
  880.000000    0.732221
  885.000000    0.731372
  890.000000    0.769208
  895.000000    0.775582
  900.000000    0.788553
  905.000000    0.792213
  910.000000    0.768608
  915.000000    0.760328
  920.000000    0.748547
  925.000000    0.759900
  930.000000    0.760018
  935.000000    0.768766
  940.000000    0.770977
  945.000000    0.759732
  950.000000    0.778129
  955.000000    0.777549
  960.000000    0.755380
  965.000000    0.741123
  970.000000    0.743578
  975.000000    0.681778
  980.000000    0.666658
  985.000000    0.696473
  990.000000    0.714034
  995.000000    0.715839
 1000.000000    0.753215
 1005.000000    0.785912
 1010.000000    0.812373
 1015.000000    0.814430
 1020.000000    0.784302
 1025.000000    0.784790
 1030.000000    0.811934
 1035.000000    0.817628
 1040.000000    0.826413
 1045.000000    0.819897
 1050.000000    0.819760
 1055.000000    0.803463
 1060.000000    0.804584
 1065.000000    0.813022
 1070.000000    0.799372
 1075.000000    0.784083
 1080.000000    0.755055
 1085.000000    0.756061
 1090.000000    0.779369
 1095.000000    0.803165
 1100.000000    0.827704
 1105.000000    0.828839
 1110.000000    0.802908
 1115.000000    0.799391
 1120.000000    0.784909
 1125.000000    0.773155
 1130.000000    0.773499
 1135.000000    0.762044
 1140.000000    0.737969
 1145.000000    0.707684
 1150.000000    0.698814
 1155.000000    0.735149
 1160.000000    0.723891
 1165.000000    0.738735
 1170.000000    0.745830
 1175.000000    0.747415
 1180.000000    0.775058
 1185.000000    0.767238
 1190.000000    0.728623
 1195.000000    0.721435
 1200.000000    0.694244
 1205.000000    0.732599
 1210.000000    0.733830
 1215.000000    0.704172
 1220.000000    0.689450
 1225.000000    0.695422
 1230.000000    0.697924
 1235.000000    0.677374
 1240.000000    0.662363
 1245.000000    0.658857
 1250.000000    0.692022
 1255.000000    0.739006
 1260.000000    0.754069
 1265.000000    0.759642
 1270.000000    0.773677
 1275.000000    0.723678
 1280.000000    0.698990
 1285.000000    0.675265
 1290.000000    0.673876
 1295.000000    0.694656
 1300.000000    0.743250
 1305.000000    0.780370
 1310.000000    0.787451
 1315.000000    0.773529
 1320.000000    0.786884
 1325.000000    0.796373
 1330.000000    0.780911
 1335.000000    0.780546
 1340.000000    0.748647
 1345.000000    0.749815
 1350.000000    0.778126
 1355.000000    0.789893
 1360.000000    0.790603
 1365.000000    0.790465
 1370.000000    0.790784
 1375.000000    0.771851
 1380.000000    0.754696
 1385.000000    0.758639
 1390.000000    0.746932
 1395.000000    0.732034
 1400.000000    0.717362
 1405.000000    0.705192
 1410.000000    0.732047
 1415.000000    0.724582
 1420.000000    0.702168
 1425.000000    0.688438
 1430.000000    0.694377
 1435.000000    0.676276
 1440.000000    0.675581
 1445.000000    0.658025
 1450.000000    0.637515
 1455.000000    0.651903
 1460.000000    0.674932
 1465.000000    0.651865
 1470.000000    0.654089
 1475.000000    0.665063
 1480.000000    0.681400
 1485.000000    0.693675
 1490.000000    0.658360
 1495.000000    0.640753
 1500.000000    0.642476
 1505.000000    0.635369
 1510.000000    0.656844
 1515.000000    0.683782
 1520.000000    0.712495
 1525.000000    0.720286
 1530.000000    0.768803
 1535.000000    0.763502
 1540.000000    0.779859
 1545.000000    0.773647
 1550.000000    0.786074
 1555.000000    0.804847
 1560.000000    0.828338
 1565.000000    0.832834
 1570.000000    0.832718
 1575.000000    0.836556
 1580.000000    0.826154
 1585.000000    0.830422
 1590.000000    0.858207
 1595.000000    0.857940
 1600.000000    0.844802
 1605.000000    0.831362
 1610.000000    0.806380
 1615.000000    0.754984
 1620.000000    0.689718
 1625.000000    0.647616
 1630.000000    0.560015
 1635.000000    0.579474
 1640.000000    0.639768
 1645.000000    0.648558
 1650.000000    0.631963
 1655.000000    0.643396
 1660.000000    0.655853
 1665.000000    0.685805
 1670.000000    0.713436
 1675.000000    0.723152
 1680.000000    0.687327
 1685.000000    0.676695
 1690.000000    0.659914
 1695.000000    0.644809
 1700.000000    0.668911
 1705.000000    0.671776
 1710.000000    0.664506
 1715.000000    0.661870
 1720.000000    0.632405
 1725.000000    0.681153
 1730.000000    0.713688
 1735.000000    0.741982
 1740.000000    0.770550
 1745.000000    0.754277
 1750.000000    0.757159
 1755.000000    0.770355
 1760.000000    0.784793
 1765.000000    0.794476
 1770.000000    0.795295
 1775.000000    0.793574
 1780.000000    0.816544
 1785.000000    0.807476
 1790.000000    0.818173
 1795.000000    0.819229
 1800.000000    0.805187
 1805.000000    0.793062
 1810.000000    0.780880
 1815.000000    0.769530
 1820.000000    0.757036
 1825.000000    0.740054
 1830.000000    0.706225
 1835.000000    0.679848
 1840.000000    0.668478
 1845.000000    0.695627
 1850.000000    0.667668
 1855.000000    0.601734
 1860.000000    0.580525
 1865.000000    0.575890
 1870.000000    0.554656
 1875.000000    0.598826
 1880.000000    0.614765
 1885.000000    0.613551
 1890.000000    0.623163
