#  pixel_depth  alphabetafraction   >  Analysis of alpha beta fraction
   45.000000    0.540446
   50.000000    0.511210
   55.000000    0.492795
   60.000000    0.469994
   65.000000    0.444166
   70.000000    0.421690
   75.000000    0.420636
   80.000000    0.430705
   85.000000    0.464240
   90.000000    0.518465
   95.000000    0.582237
  100.000000    0.618271
  105.000000    0.622324
  110.000000    0.648226
  115.000000    0.674584
  120.000000    0.681641
  125.000000    0.684075
  130.000000    0.670016
  135.000000    0.650814
  140.000000    0.640709
  145.000000    0.622090
  150.000000    0.605901
  155.000000    0.566013
  160.000000    0.494773
  165.000000    0.483921
  170.000000    0.492413
  175.000000    0.522897
  180.000000    0.505858
  185.000000    0.527958
  190.000000    0.538940
  195.000000    0.541736
  200.000000    0.554583
  205.000000    0.573728
  210.000000    0.565349
  215.000000    0.538884
  220.000000    0.530517
  225.000000    0.531240
  230.000000    0.568523
  235.000000    0.588207
  240.000000    0.585915
  245.000000    0.638588
  250.000000    0.693798
  255.000000    0.713804
  260.000000    0.719044
  265.000000    0.735228
  270.000000    0.710766
  275.000000    0.718507
  280.000000    0.733604
  285.000000    0.732312
  290.000000    0.731531
  295.000000    0.733826
  300.000000    0.736798
  305.000000    0.718664
  310.000000    0.721010
  315.000000    0.713133
  320.000000    0.697118
  325.000000    0.656735
  330.000000    0.603649
  335.000000    0.577658
  340.000000    0.586240
  345.000000    0.592926
  350.000000    0.605636
  355.000000    0.624238
  360.000000    0.634159
  365.000000    0.655067
  370.000000    0.668545
  375.000000    0.679188
  380.000000    0.709451
  385.000000    0.713019
  390.000000    0.709961
  395.000000    0.716790
  400.000000    0.701900
  405.000000    0.672928
  410.000000    0.645641
  415.000000    0.674517
  420.000000    0.670324
  425.000000    0.643210
  430.000000    0.615665
  435.000000    0.629049
  440.000000    0.636383
  445.000000    0.654870
  450.000000    0.667839
  455.000000    0.678532
  460.000000    0.693303
  465.000000    0.716963
  470.000000    0.750079
  475.000000    0.765343
  480.000000    0.764314
  485.000000    0.750110
  490.000000    0.728981
  495.000000    0.738759
  500.000000    0.752651
  505.000000    0.762194
  510.000000    0.765028
  515.000000    0.774749
  520.000000    0.763347
  525.000000    0.745081
  530.000000    0.689900
  535.000000    0.663645
  540.000000    0.605534
  545.000000    0.610869
  550.000000    0.596554
  555.000000    0.588825
  560.000000    0.589997
  565.000000    0.576738
  570.000000    0.562618
  575.000000    0.594143
  580.000000    0.606048
  585.000000    0.636429
  590.000000    0.650743
  595.000000    0.644770
  600.000000    0.656984
  605.000000    0.668461
  610.000000    0.657296
  615.000000    0.699164
  620.000000    0.713187
  625.000000    0.722226
  630.000000    0.714808
  635.000000    0.693672
  640.000000    0.684257
  645.000000    0.691522
  650.000000    0.691589
  655.000000    0.661015
  660.000000    0.660002
  665.000000    0.659979
  670.000000    0.654594
  675.000000    0.674326
  680.000000    0.680355
  685.000000    0.682448
  690.000000    0.680289
  695.000000    0.672901
  700.000000    0.659834
  705.000000    0.646082
  710.000000    0.673800
  715.000000    0.690314
  720.000000    0.691316
  725.000000    0.678758
  730.000000    0.658007
  735.000000    0.663950
  740.000000    0.675335
  745.000000    0.698123
  750.000000    0.709518
  755.000000    0.745312
  760.000000    0.752907
  765.000000    0.777568
  770.000000    0.778411
  775.000000    0.784260
  780.000000    0.783670
  785.000000    0.798737
  790.000000    0.793630
  795.000000    0.768189
  800.000000    0.752881
  805.000000    0.756061
  810.000000    0.748459
  815.000000    0.762332
  820.000000    0.780059
  825.000000    0.796058
  830.000000    0.790709
  835.000000    0.802913
  840.000000    0.812106
  845.000000    0.785415
  850.000000    0.753916
  855.000000    0.716985
  860.000000    0.695527
  865.000000    0.675947
  870.000000    0.642106
  875.000000    0.637663
  880.000000    0.659024
  885.000000    0.648187
  890.000000    0.644716
  895.000000    0.658856
  900.000000    0.665197
  905.000000    0.627717
  910.000000    0.638521
  915.000000    0.621772
  920.000000    0.615393
  925.000000    0.632571
  930.000000    0.652850
  935.000000    0.642932
  940.000000    0.677032
  945.000000    0.692815
  950.000000    0.755864
  955.000000    0.791498
  960.000000    0.803699
  965.000000    0.790896
  970.000000    0.775853
  975.000000    0.769558
  980.000000    0.782029
  985.000000    0.775739
  990.000000    0.750621
  995.000000    0.747494
 1000.000000    0.755684
 1005.000000    0.763846
 1010.000000    0.776419
 1015.000000    0.775129
 1020.000000    0.763269
 1025.000000    0.779847
 1030.000000    0.777510
 1035.000000    0.743250
 1040.000000    0.715040
 1045.000000    0.695941
 1050.000000    0.734465
 1055.000000    0.736342
 1060.000000    0.739967
 1065.000000    0.747450
 1070.000000    0.740886
 1075.000000    0.747300
 1080.000000    0.772119
 1085.000000    0.788884
 1090.000000    0.739109
 1095.000000    0.734293
 1100.000000    0.726857
 1105.000000    0.736265
 1110.000000    0.747120
 1115.000000    0.763813
 1120.000000    0.769189
 1125.000000    0.745275
 1130.000000    0.709130
 1135.000000    0.706524
 1140.000000    0.694879
 1145.000000    0.684503
 1150.000000    0.667813
 1155.000000    0.673654
 1160.000000    0.663355
 1165.000000    0.639845
 1170.000000    0.610816
 1175.000000    0.587907
 1180.000000    0.605151
 1185.000000    0.594185
 1190.000000    0.585968
 1195.000000    0.599104
 1200.000000    0.608152
 1205.000000    0.646993
 1210.000000    0.676395
 1215.000000    0.706489
 1220.000000    0.724933
 1225.000000    0.729133
 1230.000000    0.758490
 1235.000000    0.759390
 1240.000000    0.735535
 1245.000000    0.714365
 1250.000000    0.703375
 1255.000000    0.671835
 1260.000000    0.649800
 1265.000000    0.659314
 1270.000000    0.671657
 1275.000000    0.663694
 1280.000000    0.660910
 1285.000000    0.652581
 1290.000000    0.661455
 1295.000000    0.658717
 1300.000000    0.651416
 1305.000000    0.639447
 1310.000000    0.621946
 1315.000000    0.604764
 1320.000000    0.578631
 1325.000000    0.570126
 1330.000000    0.590720
 1335.000000    0.630972
 1340.000000    0.651042
 1345.000000    0.663822
 1350.000000    0.676528
 1355.000000    0.698836
 1360.000000    0.705139
 1365.000000    0.701538
 1370.000000    0.698606
 1375.000000    0.687324
 1380.000000    0.669877
 1385.000000    0.662067
 1390.000000    0.653294
 1395.000000    0.671327
 1400.000000    0.700113
 1405.000000    0.675873
 1410.000000    0.691772
 1415.000000    0.686328
 1420.000000    0.674299
 1425.000000    0.690383
 1430.000000    0.686993
 1435.000000    0.691736
 1440.000000    0.703192
 1445.000000    0.728344
 1450.000000    0.743673
 1455.000000    0.777887
 1460.000000    0.788513
 1465.000000    0.816645
 1470.000000    0.842913
 1475.000000    0.853501
 1480.000000    0.837367
 1485.000000    0.816670
 1490.000000    0.776782
 1495.000000    0.714893
 1500.000000    0.704772
 1505.000000    0.705453
 1510.000000    0.707982
 1515.000000    0.739174
 1520.000000    0.804665
 1525.000000    0.800626
 1530.000000    0.811756
 1535.000000    0.806758
 1540.000000    0.784842
 1545.000000    0.785228
 1550.000000    0.771703
 1555.000000    0.758144
 1560.000000    0.736931
 1565.000000    0.722452
 1570.000000    0.704455
 1575.000000    0.742637
 1580.000000    0.754137
 1585.000000    0.742509
 1590.000000    0.721773
 1595.000000    0.716559
 1600.000000    0.707253
 1605.000000    0.708927
 1610.000000    0.676614
 1615.000000    0.642893
 1620.000000    0.633153
 1625.000000    0.631127
 1630.000000    0.652365
 1635.000000    0.670386
 1640.000000    0.658825
 1645.000000    0.678268
 1650.000000    0.681899
 1655.000000    0.698447
 1660.000000    0.729189
 1665.000000    0.683314
 1670.000000    0.664787
 1675.000000    0.640519
 1680.000000    0.634075
 1685.000000    0.633743
 1690.000000    0.626061
 1695.000000    0.638637
 1700.000000    0.669095
 1705.000000    0.678807
 1710.000000    0.679351
 1715.000000    0.665902
 1720.000000    0.662447
 1725.000000    0.658376
 1730.000000    0.701383
 1735.000000    0.748292
 1740.000000    0.760762
 1745.000000    0.742071
 1750.000000    0.748554
 1755.000000    0.748326
 1760.000000    0.745776
 1765.000000    0.737084
 1770.000000    0.728062
 1775.000000    0.751049
 1780.000000    0.717574
 1785.000000    0.722218
 1790.000000    0.732292
 1795.000000    0.755408
 1800.000000    0.774958
 1805.000000    0.784364
 1810.000000    0.791194
 1815.000000    0.802294
 1820.000000    0.802148
 1825.000000    0.800629
 1830.000000    0.774661
 1835.000000    0.755428
