#  pixel_depth  alphabetafraction   >  Analysis of alpha beta fraction
  127.000000    0.825928
  132.000000    0.820230
  137.000000    0.826982
  142.000000    0.813663
  147.000000    0.804995
  152.000000    0.801309
  157.000000    0.811927
  162.000000    0.801967
  167.000000    0.806098
  172.000000    0.817531
  177.000000    0.847115
  182.000000    0.814851
  187.000000    0.777281
  192.000000    0.792314
  197.000000    0.808692
  202.000000    0.802533
  207.000000    0.821702
  212.000000    0.810988
  217.000000    0.816855
  222.000000    0.848606
  227.000000    0.862150
  232.000000    0.861662
  237.000000    0.874272
  242.000000    0.850864
  247.000000    0.806702
  252.000000    0.789465
  257.000000    0.802167
  262.000000    0.819976
  267.000000    0.786947
  272.000000    0.736320
  277.000000    0.706105
  282.000000    0.707554
  287.000000    0.690686
  292.000000    0.728488
  297.000000    0.732338
  302.000000    0.745390
  307.000000    0.771228
  312.000000    0.777475
  317.000000    0.816698
  322.000000    0.824492
  327.000000    0.839773
  332.000000    0.818771
  337.000000    0.804846
  342.000000    0.790271
  347.000000    0.815494
  352.000000    0.842791
  357.000000    0.841195
  362.000000    0.814383
  367.000000    0.798858
  372.000000    0.808021
  377.000000    0.815830
  382.000000    0.806020
  387.000000    0.794768
  392.000000    0.801458
  397.000000    0.803114
  402.000000    0.822493
  407.000000    0.819823
  412.000000    0.828412
  417.000000    0.855331
  422.000000    0.830659
  427.000000    0.802120
  432.000000    0.798445
  437.000000    0.791650
  442.000000    0.764022
  447.000000    0.739248
  452.000000    0.745739
  457.000000    0.760386
  462.000000    0.783577
  467.000000    0.773149
  472.000000    0.734124
  477.000000    0.728329
  482.000000    0.693238
  487.000000    0.683239
  492.000000    0.663957
  497.000000    0.639082
  502.000000    0.642908
  507.000000    0.650796
  512.000000    0.663567
  517.000000    0.667731
  522.000000    0.682264
  527.000000    0.698406
  532.000000    0.741783
  537.000000    0.778990
  542.000000    0.843805
  547.000000    0.816907
  552.000000    0.813304
  557.000000    0.808111
  562.000000    0.844599
  567.000000    0.850324
  572.000000    0.845288
  577.000000    0.844812
  582.000000    0.836442
  587.000000    0.824768
  592.000000    0.822920
  597.000000    0.799569
  602.000000    0.791463
  607.000000    0.801048
  612.000000    0.812528
  617.000000    0.807666
  622.000000    0.803942
  627.000000    0.813999
  632.000000    0.822373
  637.000000    0.834111
  642.000000    0.836885
  647.000000    0.848102
  652.000000    0.857553
  657.000000    0.857346
  662.000000    0.842022
  667.000000    0.837950
  672.000000    0.832500
  677.000000    0.833611
  682.000000    0.837783
  687.000000    0.834287
  692.000000    0.857455
  697.000000    0.866346
  702.000000    0.849784
  707.000000    0.842320
  712.000000    0.846504
  717.000000    0.846140
  722.000000    0.815720
  727.000000    0.801404
  732.000000    0.761511
  737.000000    0.729788
  742.000000    0.736719
  747.000000    0.751643
  752.000000    0.742657
  757.000000    0.733666
  762.000000    0.754348
  767.000000    0.765551
  772.000000    0.798725
  777.000000    0.812617
  782.000000    0.802152
  787.000000    0.767297
  792.000000    0.756636
  797.000000    0.779207
  802.000000    0.784254
  807.000000    0.767840
  812.000000    0.744032
  817.000000    0.737874
  822.000000    0.715618
  827.000000    0.736634
  832.000000    0.738536
  837.000000    0.739716
  842.000000    0.734706
  847.000000    0.737758
  852.000000    0.770177
  857.000000    0.757668
  862.000000    0.801284
  867.000000    0.798965
  872.000000    0.817961
  877.000000    0.809090
  882.000000    0.776771
  887.000000    0.776187
  892.000000    0.746626
  897.000000    0.766118
  902.000000    0.755089
  907.000000    0.740694
  912.000000    0.745872
  917.000000    0.765404
  922.000000    0.758254
  927.000000    0.733350
  932.000000    0.714669
  937.000000    0.724340
  942.000000    0.756743
  947.000000    0.761288
  952.000000    0.778092
  957.000000    0.790293
  962.000000    0.815798
  967.000000    0.824477
  972.000000    0.843637
  977.000000    0.850886
  982.000000    0.864719
  987.000000    0.856789
  992.000000    0.884517
  997.000000    0.874167
 1002.000000    0.845256
 1007.000000    0.828053
 1012.000000    0.796721
 1017.000000    0.756114
 1022.000000    0.753067
 1027.000000    0.739958
 1032.000000    0.780466
 1037.000000    0.769782
 1042.000000    0.747000
 1047.000000    0.741197
 1052.000000    0.748502
 1057.000000    0.776199
 1062.000000    0.784095
 1067.000000    0.776838
 1072.000000    0.780501
 1077.000000    0.796129
 1082.000000    0.766211
 1087.000000    0.769411
 1092.000000    0.791500
 1097.000000    0.804855
 1102.000000    0.798244
 1107.000000    0.790904
 1112.000000    0.786480
 1117.000000    0.763320
 1122.000000    0.758580
 1127.000000    0.754490
 1132.000000    0.753991
 1137.000000    0.771226
 1142.000000    0.807396
 1147.000000    0.820132
 1152.000000    0.845574
 1157.000000    0.871713
 1162.000000    0.878179
 1167.000000    0.880147
 1172.000000    0.873621
 1177.000000    0.854001
 1182.000000    0.833010
 1187.000000    0.810092
 1192.000000    0.776677
 1197.000000    0.761233
 1202.000000    0.757920
 1207.000000    0.733776
 1212.000000    0.713995
 1217.000000    0.737853
 1222.000000    0.735076
 1227.000000    0.734415
 1232.000000    0.736571
 1237.000000    0.723436
 1242.000000    0.727558
 1247.000000    0.767705
 1252.000000    0.780593
 1257.000000    0.761316
 1262.000000    0.737527
 1267.000000    0.734037
 1272.000000    0.728595
 1277.000000    0.753610
 1282.000000    0.767855
 1287.000000    0.743591
 1292.000000    0.736495
 1297.000000    0.735214
 1302.000000    0.742374
 1307.000000    0.761274
 1312.000000    0.767548
 1317.000000    0.785510
 1322.000000    0.805104
 1327.000000    0.783153
 1332.000000    0.783040
 1337.000000    0.807875
 1342.000000    0.796572
 1347.000000    0.784618
 1352.000000    0.760815
 1357.000000    0.798194
 1362.000000    0.831310
 1367.000000    0.831203
 1372.000000    0.830057
 1377.000000    0.825078
 1382.000000    0.854964
 1387.000000    0.851821
 1392.000000    0.858936
 1397.000000    0.874816
 1402.000000    0.882128
 1407.000000    0.883562
 1412.000000    0.859740
 1417.000000    0.838913
 1422.000000    0.831591
 1427.000000    0.804929
 1432.000000    0.806323
 1437.000000    0.781523
 1442.000000    0.804167
 1447.000000    0.799452
 1452.000000    0.800920
 1457.000000    0.806508
 1462.000000    0.812107
 1467.000000    0.797832
 1472.000000    0.846379
 1477.000000    0.864452
 1482.000000    0.860337
 1487.000000    0.874011
 1492.000000    0.876108
 1497.000000    0.884549
 1502.000000    0.849458
 1507.000000    0.880304
 1512.000000    0.864898
 1517.000000    0.848699
 1522.000000    0.834280
 1527.000000    0.819211
 1532.000000    0.805737
 1537.000000    0.776007
 1542.000000    0.749001
 1547.000000    0.737454
 1552.000000    0.733638
 1557.000000    0.724546
 1562.000000    0.732081
 1567.000000    0.763831
 1572.000000    0.784058
 1577.000000    0.797618
 1582.000000    0.789229
 1587.000000    0.774118
 1592.000000    0.799908
 1597.000000    0.807459
 1602.000000    0.804531
 1607.000000    0.808099
 1612.000000    0.821372
 1617.000000    0.808003
 1622.000000    0.825231
 1627.000000    0.807705
 1632.000000    0.819316
 1637.000000    0.829935
 1642.000000    0.825906
 1647.000000    0.814256
 1652.000000    0.813439
 1657.000000    0.777174
 1662.000000    0.769429
 1667.000000    0.799211
 1672.000000    0.833845
 1677.000000    0.851123
 1682.000000    0.850172
 1687.000000    0.862420
 1692.000000    0.858660
 1697.000000    0.808263
 1702.000000    0.785183
 1707.000000    0.764938
 1712.000000    0.771081
 1717.000000    0.779441
 1722.000000    0.772660
 1727.000000    0.755366
 1732.000000    0.755275
 1737.000000    0.746943
 1742.000000    0.752117
 1747.000000    0.750591
 1752.000000    0.740428
 1757.000000    0.722939
 1762.000000    0.719387
 1767.000000    0.711544
 1772.000000    0.718197
 1777.000000    0.716169
 1782.000000    0.720092
 1787.000000    0.723565
 1792.000000    0.760165
 1797.000000    0.794025
 1802.000000    0.840023
 1807.000000    0.814544
 1812.000000    0.796851
 1817.000000    0.813292
 1822.000000    0.820024
 1827.000000    0.841557
 1832.000000    0.826527
 1837.000000    0.833919
 1842.000000    0.831969
 1847.000000    0.823621
 1852.000000    0.776555
 1857.000000    0.762669
 1862.000000    0.750230
 1867.000000    0.710958
 1872.000000    0.701216
 1877.000000    0.709710
 1882.000000    0.724256
 1887.000000    0.733178
 1892.000000    0.767525
 1897.000000    0.760148
 1902.000000    0.775162
 1907.000000    0.808952
 1912.000000    0.835183
 1917.000000    0.854445
 1922.000000    0.870375
 1927.000000    0.852867
 1932.000000    0.841241
 1937.000000    0.820209
 1942.000000    0.825002
