#  pixel_depth  alphabetafraction   >  Analysis of alpha beta fraction
   90.000000    0.616474
   95.000000    0.637577
  100.000000    0.691113
  105.000000    0.672326
  110.000000    0.693624
  115.000000    0.715481
  120.000000    0.711009
  125.000000    0.696272
  130.000000    0.693877
  135.000000    0.688367
  140.000000    0.664886
  145.000000    0.635543
  150.000000    0.634097
  155.000000    0.665326
  160.000000    0.691282
  165.000000    0.678136
  170.000000    0.701992
  175.000000    0.722965
  180.000000    0.720872
  185.000000    0.710088
  190.000000    0.694254
  195.000000    0.656359
  200.000000    0.599275
  205.000000    0.590735
  210.000000    0.603896
  215.000000    0.551579
  220.000000    0.585112
  225.000000    0.607188
  230.000000    0.589712
  235.000000    0.623032
  240.000000    0.642902
  245.000000    0.696428
  250.000000    0.731187
  255.000000    0.707850
  260.000000    0.710488
  265.000000    0.701987
  270.000000    0.696906
  275.000000    0.703743
  280.000000    0.715087
  285.000000    0.720322
  290.000000    0.746000
  295.000000    0.759964
  300.000000    0.793341
  305.000000    0.810643
  310.000000    0.791365
  315.000000    0.759868
  320.000000    0.739789
  325.000000    0.767338
  330.000000    0.745540
  335.000000    0.681956
  340.000000    0.654802
  345.000000    0.656208
  350.000000    0.659459
  355.000000    0.627231
  360.000000    0.623029
  365.000000    0.634402
  370.000000    0.672641
  375.000000    0.691540
  380.000000    0.707513
  385.000000    0.706332
  390.000000    0.724886
  395.000000    0.757065
  400.000000    0.773745
  405.000000    0.764968
  410.000000    0.746998
  415.000000    0.730151
  420.000000    0.762160
  425.000000    0.794682
  430.000000    0.794937
  435.000000    0.768118
  440.000000    0.759304
  445.000000    0.707945
  450.000000    0.664790
  455.000000    0.640201
  460.000000    0.639584
  465.000000    0.644604
  470.000000    0.636178
  475.000000    0.610514
  480.000000    0.626889
  485.000000    0.640278
  490.000000    0.668155
  495.000000    0.657654
  500.000000    0.645999
  505.000000    0.621652
  510.000000    0.600397
  515.000000    0.595619
  520.000000    0.642951
  525.000000    0.667137
  530.000000    0.679633
  535.000000    0.697508
  540.000000    0.699054
  545.000000    0.694141
  550.000000    0.691890
  555.000000    0.690966
  560.000000    0.723526
  565.000000    0.710522
  570.000000    0.690977
  575.000000    0.698668
  580.000000    0.695667
  585.000000    0.716726
  590.000000    0.708303
  595.000000    0.705250
  600.000000    0.719144
  605.000000    0.723060
  610.000000    0.720669
  615.000000    0.692204
  620.000000    0.712790
  625.000000    0.713608
  630.000000    0.715508
  635.000000    0.717564
  640.000000    0.727891
  645.000000    0.745608
  650.000000    0.744006
  655.000000    0.744191
  660.000000    0.719638
  665.000000    0.706366
  670.000000    0.683795
  675.000000    0.673818
  680.000000    0.661464
  685.000000    0.662527
  690.000000    0.649336
  695.000000    0.689042
  700.000000    0.710557
  705.000000    0.722665
  710.000000    0.732996
  715.000000    0.734210
  720.000000    0.725519
  725.000000    0.714050
  730.000000    0.703151
  735.000000    0.742865
  740.000000    0.779686
  745.000000    0.777888
  750.000000    0.745002
  755.000000    0.724269
  760.000000    0.736933
  765.000000    0.718171
  770.000000    0.731855
  775.000000    0.751864
  780.000000    0.735182
  785.000000    0.710695
  790.000000    0.708295
  795.000000    0.704688
  800.000000    0.723022
  805.000000    0.715750
  810.000000    0.687397
  815.000000    0.655826
  820.000000    0.656224
  825.000000    0.665793
  830.000000    0.675600
  835.000000    0.666686
  840.000000    0.635889
  845.000000    0.576841
  850.000000    0.560768
  855.000000    0.582044
  860.000000    0.612887
  865.000000    0.588034
  870.000000    0.583733
  875.000000    0.581985
  880.000000    0.600124
  885.000000    0.592187
  890.000000    0.599927
  895.000000    0.631160
  900.000000    0.644090
  905.000000    0.652753
  910.000000    0.657767
  915.000000    0.667721
  920.000000    0.692036
  925.000000    0.693137
  930.000000    0.713224
  935.000000    0.732383
  940.000000    0.746670
  945.000000    0.754867
  950.000000    0.769996
  955.000000    0.753846
  960.000000    0.740555
  965.000000    0.709830
  970.000000    0.659322
  975.000000    0.613124
  980.000000    0.584863
  985.000000    0.594031
  990.000000    0.596104
  995.000000    0.624865
 1000.000000    0.667649
 1005.000000    0.671177
 1010.000000    0.655354
 1015.000000    0.661397
 1020.000000    0.654205
 1025.000000    0.677019
 1030.000000    0.686308
 1035.000000    0.678322
 1040.000000    0.704178
 1045.000000    0.729023
 1050.000000    0.749774
 1055.000000    0.759226
 1060.000000    0.749760
 1065.000000    0.715666
 1070.000000    0.699180
 1075.000000    0.695386
 1080.000000    0.683118
 1085.000000    0.645202
 1090.000000    0.610499
 1095.000000    0.555779
 1100.000000    0.537210
 1105.000000    0.549661
 1110.000000    0.530299
 1115.000000    0.556068
 1120.000000    0.578229
 1125.000000    0.604606
 1130.000000    0.656783
 1135.000000    0.687855
 1140.000000    0.683621
 1145.000000    0.713607
 1150.000000    0.753329
 1155.000000    0.759017
 1160.000000    0.766982
 1165.000000    0.787875
 1170.000000    0.771596
 1175.000000    0.754396
 1180.000000    0.760828
 1185.000000    0.724690
 1190.000000    0.707607
 1195.000000    0.716276
 1200.000000    0.742060
 1205.000000    0.735139
 1210.000000    0.711432
 1215.000000    0.687591
 1220.000000    0.673277
 1225.000000    0.670871
 1230.000000    0.631557
 1235.000000    0.619006
 1240.000000    0.574286
 1245.000000    0.576966
 1250.000000    0.643515
 1255.000000    0.673998
 1260.000000    0.680096
 1265.000000    0.702756
 1270.000000    0.700455
 1275.000000    0.710308
 1280.000000    0.737319
 1285.000000    0.731375
 1290.000000    0.710898
 1295.000000    0.689597
 1300.000000    0.664903
 1305.000000    0.651486
 1310.000000    0.657505
 1315.000000    0.681747
 1320.000000    0.667419
 1325.000000    0.638293
 1330.000000    0.586392
 1335.000000    0.563583
 1340.000000    0.610948
 1345.000000    0.623452
 1350.000000    0.657183
 1355.000000    0.727525
 1360.000000    0.727519
 1365.000000    0.715234
 1370.000000    0.707646
 1375.000000    0.704919
 1380.000000    0.684927
 1385.000000    0.632145
 1390.000000    0.608486
 1395.000000    0.634189
 1400.000000    0.619964
 1405.000000    0.620131
 1410.000000    0.617900
 1415.000000    0.613113
 1420.000000    0.601863
 1425.000000    0.594643
 1430.000000    0.571775
 1435.000000    0.590378
 1440.000000    0.605444
 1445.000000    0.626196
 1450.000000    0.621952
 1455.000000    0.593389
 1460.000000    0.611328
 1465.000000    0.639069
 1470.000000    0.653180
 1475.000000    0.658710
 1480.000000    0.653534
 1485.000000    0.665025
 1490.000000    0.651727
 1495.000000    0.651030
 1500.000000    0.668644
 1505.000000    0.676781
 1510.000000    0.640293
 1515.000000    0.598205
 1520.000000    0.584403
 1525.000000    0.610009
 1530.000000    0.652236
 1535.000000    0.689835
 1540.000000    0.713433
 1545.000000    0.741218
 1550.000000    0.727369
 1555.000000    0.717535
 1560.000000    0.735420
 1565.000000    0.737777
 1570.000000    0.733206
 1575.000000    0.750709
 1580.000000    0.759305
 1585.000000    0.751662
 1590.000000    0.759625
 1595.000000    0.741580
 1600.000000    0.750859
 1605.000000    0.777262
 1610.000000    0.744377
 1615.000000    0.742267
 1620.000000    0.724513
 1625.000000    0.681050
 1630.000000    0.634504
 1635.000000    0.619639
 1640.000000    0.596085
 1645.000000    0.588259
 1650.000000    0.590795
 1655.000000    0.591527
 1660.000000    0.607518
 1665.000000    0.636626
 1670.000000    0.659624
 1675.000000    0.668068
 1680.000000    0.695741
 1685.000000    0.679167
 1690.000000    0.689709
 1695.000000    0.696232
 1700.000000    0.675057
 1705.000000    0.616536
 1710.000000    0.586770
 1715.000000    0.580153
 1720.000000    0.629379
 1725.000000    0.642891
 1730.000000    0.666387
 1735.000000    0.672650
 1740.000000    0.668990
 1745.000000    0.656406
 1750.000000    0.638901
 1755.000000    0.605696
 1760.000000    0.637088
 1765.000000    0.641965
 1770.000000    0.691407
 1775.000000    0.747389
 1780.000000    0.790730
 1785.000000    0.785321
 1790.000000    0.786789
 1795.000000    0.775915
 1800.000000    0.751693
 1805.000000    0.754720
 1810.000000    0.735969
 1815.000000    0.706318
 1820.000000    0.681744
 1825.000000    0.674793
 1830.000000    0.667775
 1835.000000    0.671867
 1840.000000    0.656599
 1845.000000    0.696741
 1850.000000    0.689886
 1855.000000    0.626888
 1860.000000    0.622245
 1865.000000    0.671988
