#  pixel_depth  alphabetafraction   >  Analysis of alpha beta fraction
   57.000000    0.739897
   62.000000    0.732776
   67.000000    0.729750
   72.000000    0.730712
   77.000000    0.753627
   82.000000    0.781582
   87.000000    0.778456
   92.000000    0.754946
   97.000000    0.754040
  102.000000    0.757631
  107.000000    0.753069
  112.000000    0.753292
  117.000000    0.729573
  122.000000    0.719634
  127.000000    0.741350
  132.000000    0.744631
  137.000000    0.730541
  142.000000    0.707799
  147.000000    0.706529
  152.000000    0.714719
  157.000000    0.704938
  162.000000    0.700831
  167.000000    0.720491
  172.000000    0.752810
  177.000000    0.759220
  182.000000    0.743611
  187.000000    0.744713
  192.000000    0.735951
  197.000000    0.748352
  202.000000    0.761075
  207.000000    0.773678
  212.000000    0.798022
  217.000000    0.753823
  222.000000    0.687523
  227.000000    0.695190
  232.000000    0.734936
  237.000000    0.725007
  242.000000    0.717660
  247.000000    0.677462
  252.000000    0.666526
  257.000000    0.718144
  262.000000    0.733275
  267.000000    0.740598
  272.000000    0.755472
  277.000000    0.759907
  282.000000    0.751133
  287.000000    0.758690
  292.000000    0.778989
  297.000000    0.777744
  302.000000    0.787248
  307.000000    0.757590
  312.000000    0.753461
  317.000000    0.734710
  322.000000    0.715736
  327.000000    0.653539
  332.000000    0.617783
  337.000000    0.628822
  342.000000    0.645420
  347.000000    0.642003
  352.000000    0.660608
  357.000000    0.683955
  362.000000    0.669668
  367.000000    0.663482
  372.000000    0.663787
  377.000000    0.652109
  382.000000    0.655615
  387.000000    0.643145
  392.000000    0.622787
  397.000000    0.627030
  402.000000    0.654286
  407.000000    0.670804
  412.000000    0.693123
  417.000000    0.690195
  422.000000    0.715816
  427.000000    0.720869
  432.000000    0.738757
  437.000000    0.754265
  442.000000    0.734622
  447.000000    0.736598
  452.000000    0.744181
  457.000000    0.722647
  462.000000    0.712822
  467.000000    0.710678
  472.000000    0.715621
  477.000000    0.722668
  482.000000    0.700731
  487.000000    0.673209
  492.000000    0.661129
  497.000000    0.628556
  502.000000    0.619266
  507.000000    0.596474
  512.000000    0.637861
  517.000000    0.644202
  522.000000    0.632987
  527.000000    0.622380
  532.000000    0.616665
  537.000000    0.663771
  542.000000    0.698782
  547.000000    0.727268
  552.000000    0.732616
  557.000000    0.761085
  562.000000    0.748818
  567.000000    0.753552
  572.000000    0.747756
  577.000000    0.750403
  582.000000    0.758623
  587.000000    0.716395
  592.000000    0.709555
  597.000000    0.677835
  602.000000    0.634145
  607.000000    0.627823
  612.000000    0.639769
  617.000000    0.626121
  622.000000    0.606875
  627.000000    0.612620
  632.000000    0.643355
  637.000000    0.655977
  642.000000    0.660226
  647.000000    0.633977
  652.000000    0.641010
  657.000000    0.653839
  662.000000    0.655342
  667.000000    0.667536
  672.000000    0.719272
  677.000000    0.723242
  682.000000    0.728910
  687.000000    0.751735
  692.000000    0.761094
  697.000000    0.778339
  702.000000    0.776202
  707.000000    0.736884
  712.000000    0.735183
  717.000000    0.756520
  722.000000    0.773216
  727.000000    0.784406
  732.000000    0.799569
  737.000000    0.828303
  742.000000    0.859124
  747.000000    0.840633
  752.000000    0.809400
  757.000000    0.784513
  762.000000    0.773148
  767.000000    0.730084
  772.000000    0.676715
  777.000000    0.672883
  782.000000    0.675019
  787.000000    0.676864
  792.000000    0.677599
  797.000000    0.689922
  802.000000    0.705962
  807.000000    0.714801
  812.000000    0.746514
  817.000000    0.775896
  822.000000    0.780280
  827.000000    0.783916
  832.000000    0.775779
  837.000000    0.773719
  842.000000    0.766846
  847.000000    0.736271
  852.000000    0.705328
  857.000000    0.688584
  862.000000    0.655571
  867.000000    0.631591
  872.000000    0.609497
  877.000000    0.614248
  882.000000    0.614974
  887.000000    0.633562
  892.000000    0.585135
  897.000000    0.639065
  902.000000    0.653278
  907.000000    0.617986
  912.000000    0.598262
  917.000000    0.615339
  922.000000    0.621404
  927.000000    0.626551
  932.000000    0.606013
  937.000000    0.615781
  942.000000    0.640790
  947.000000    0.671368
  952.000000    0.700628
  957.000000    0.717654
  962.000000    0.703709
  967.000000    0.721620
  972.000000    0.719946
  977.000000    0.738922
  982.000000    0.718638
  987.000000    0.704077
  992.000000    0.672827
  997.000000    0.687168
 1002.000000    0.722688
 1007.000000    0.690106
 1012.000000    0.691420
 1017.000000    0.704712
 1022.000000    0.711140
 1027.000000    0.733812
 1032.000000    0.708592
 1037.000000    0.694369
 1042.000000    0.692920
 1047.000000    0.697715
 1052.000000    0.668809
 1057.000000    0.653690
 1062.000000    0.625537
 1067.000000    0.580755
 1072.000000    0.478064
 1077.000000    0.461911
 1082.000000    0.495490
 1087.000000    0.515463
 1092.000000    0.526979
 1097.000000    0.551973
 1102.000000    0.555447
 1107.000000    0.572338
 1112.000000    0.615205
 1117.000000    0.664386
 1122.000000    0.690621
 1127.000000    0.734935
 1132.000000    0.768495
 1137.000000    0.759155
 1142.000000    0.750517
 1147.000000    0.735158
 1152.000000    0.727916
 1157.000000    0.720643
 1162.000000    0.751242
 1167.000000    0.756249
 1172.000000    0.749112
 1177.000000    0.730194
 1182.000000    0.683972
 1187.000000    0.700531
 1192.000000    0.706288
 1197.000000    0.735110
 1202.000000    0.749337
 1207.000000    0.761714
 1212.000000    0.745486
 1217.000000    0.744008
 1222.000000    0.711573
 1227.000000    0.699863
 1232.000000    0.711099
 1237.000000    0.703144
 1242.000000    0.700426
 1247.000000    0.698127
 1252.000000    0.680344
 1257.000000    0.664131
 1262.000000    0.696799
 1267.000000    0.705596
 1272.000000    0.687678
 1277.000000    0.704090
 1282.000000    0.693703
 1287.000000    0.695146
 1292.000000    0.691765
 1297.000000    0.656780
 1302.000000    0.636251
 1307.000000    0.593358
 1312.000000    0.559700
 1317.000000    0.557749
 1322.000000    0.574376
 1327.000000    0.590448
 1332.000000    0.599372
 1337.000000    0.629679
 1342.000000    0.676183
 1347.000000    0.696302
 1352.000000    0.699398
 1357.000000    0.708473
 1362.000000    0.711801
 1367.000000    0.736159
 1372.000000    0.760025
 1377.000000    0.812193
 1382.000000    0.849211
 1387.000000    0.824294
 1392.000000    0.801618
 1397.000000    0.793363
 1402.000000    0.758147
 1407.000000    0.725836
 1412.000000    0.737995
 1417.000000    0.737652
 1422.000000    0.745359
 1427.000000    0.733934
 1432.000000    0.738640
 1437.000000    0.729976
 1442.000000    0.719006
 1447.000000    0.709433
 1452.000000    0.674097
 1457.000000    0.673410
 1462.000000    0.686678
 1467.000000    0.670813
 1472.000000    0.681543
 1477.000000    0.678300
 1482.000000    0.658030
 1487.000000    0.638825
 1492.000000    0.646457
 1497.000000    0.659611
 1502.000000    0.670235
 1507.000000    0.673554
 1512.000000    0.697924
 1517.000000    0.698086
 1522.000000    0.690569
 1527.000000    0.686624
 1532.000000    0.677474
 1537.000000    0.710498
 1542.000000    0.715116
 1547.000000    0.731662
 1552.000000    0.725412
 1557.000000    0.722055
 1562.000000    0.691076
 1567.000000    0.669431
 1572.000000    0.671718
 1577.000000    0.667324
 1582.000000    0.644001
 1587.000000    0.651510
 1592.000000    0.659392
 1597.000000    0.691184
 1602.000000    0.707161
 1607.000000    0.730009
 1612.000000    0.721184
 1617.000000    0.725078
 1622.000000    0.731962
 1627.000000    0.707862
 1632.000000    0.678622
 1637.000000    0.677509
 1642.000000    0.667494
 1647.000000    0.676389
 1652.000000    0.675625
 1657.000000    0.648528
 1662.000000    0.624504
 1667.000000    0.614219
 1672.000000    0.624400
 1677.000000    0.655944
 1682.000000    0.677173
 1687.000000    0.704747
 1692.000000    0.718379
 1697.000000    0.736991
 1702.000000    0.750820
 1707.000000    0.755101
 1712.000000    0.738212
 1717.000000    0.722162
 1722.000000    0.748868
 1727.000000    0.744495
 1732.000000    0.720808
 1737.000000    0.728942
 1742.000000    0.725375
 1747.000000    0.749858
 1752.000000    0.721013
 1757.000000    0.685677
 1762.000000    0.674529
 1767.000000    0.663091
 1772.000000    0.688241
 1777.000000    0.687275
 1782.000000    0.687301
 1787.000000    0.687312
 1792.000000    0.659765
 1797.000000    0.618121
 1802.000000    0.580157
 1807.000000    0.581008
 1812.000000    0.564698
 1817.000000    0.559262
 1822.000000    0.595446
 1827.000000    0.626779
 1832.000000    0.620424
 1837.000000    0.624152
 1842.000000    0.655453
 1847.000000    0.684693
 1852.000000    0.715527
 1857.000000    0.700468
 1862.000000    0.711330
 1867.000000    0.705048
 1872.000000    0.677643
 1877.000000    0.678730
 1882.000000    0.691211
 1887.000000    0.701268
 1892.000000    0.695079
