#  pixel_depth  alphabetafraction   >  Analysis of alpha beta fraction
   93.000000    0.668898
   98.000000    0.691669
  103.000000    0.683521
  108.000000    0.699628
  113.000000    0.662431
  118.000000    0.637637
  123.000000    0.643535
  128.000000    0.638349
  133.000000    0.618960
  138.000000    0.611750
  143.000000    0.637769
  148.000000    0.661371
  153.000000    0.662935
  158.000000    0.671844
  163.000000    0.689469
  168.000000    0.708239
  173.000000    0.737286
  178.000000    0.771527
  183.000000    0.809163
  188.000000    0.821996
  193.000000    0.849916
  198.000000    0.869815
  203.000000    0.862343
  208.000000    0.835602
  213.000000    0.773664
  218.000000    0.725584
  223.000000    0.690233
  228.000000    0.657423
  233.000000    0.603167
  238.000000    0.572825
  243.000000    0.596945
  248.000000    0.616524
  253.000000    0.610315
  258.000000    0.611224
  263.000000    0.636661
  268.000000    0.663518
  273.000000    0.672224
  278.000000    0.691046
  283.000000    0.728909
  288.000000    0.758001
  293.000000    0.804449
  298.000000    0.847047
  303.000000    0.869903
  308.000000    0.891518
  313.000000    0.887138
  318.000000    0.881086
  323.000000    0.883876
  328.000000    0.894003
  333.000000    0.881211
  338.000000    0.849750
  343.000000    0.803450
  348.000000    0.777621
  353.000000    0.743521
  358.000000    0.719427
  363.000000    0.712665
  368.000000    0.708939
  373.000000    0.690750
  378.000000    0.722194
  383.000000    0.746983
  388.000000    0.745146
  393.000000    0.755690
  398.000000    0.721759
  403.000000    0.732073
  408.000000    0.735302
  413.000000    0.741256
  418.000000    0.756111
  423.000000    0.761515
  428.000000    0.761200
  433.000000    0.787733
  438.000000    0.763245
  443.000000    0.749236
  448.000000    0.753415
  453.000000    0.772958
  458.000000    0.722459
  463.000000    0.682528
  468.000000    0.682557
  473.000000    0.683658
  478.000000    0.694058
  483.000000    0.717036
  488.000000    0.732759
  493.000000    0.759709
  498.000000    0.750604
  503.000000    0.750810
  508.000000    0.747766
  513.000000    0.759639
  518.000000    0.784710
  523.000000    0.787415
  528.000000    0.802839
  533.000000    0.837492
  538.000000    0.816834
  543.000000    0.804698
  548.000000    0.806957
  553.000000    0.786897
  558.000000    0.765252
  563.000000    0.771415
  568.000000    0.800905
  573.000000    0.807018
  578.000000    0.809221
  583.000000    0.788561
  588.000000    0.784998
  593.000000    0.781263
  598.000000    0.784913
  603.000000    0.770451
  608.000000    0.757625
  613.000000    0.766066
  618.000000    0.792437
  623.000000    0.757453
  628.000000    0.715444
  633.000000    0.710185
  638.000000    0.714165
  643.000000    0.731580
  648.000000    0.741053
  653.000000    0.750299
  658.000000    0.759483
  663.000000    0.758029
  668.000000    0.748816
  673.000000    0.713727
  678.000000    0.703824
  683.000000    0.706046
  688.000000    0.673023
  693.000000    0.657682
  698.000000    0.656244
  703.000000    0.631318
  708.000000    0.623517
  713.000000    0.621946
  718.000000    0.655729
  723.000000    0.678411
  728.000000    0.680051
  733.000000    0.677734
  738.000000    0.676470
  743.000000    0.672111
  748.000000    0.661001
  753.000000    0.650467
  758.000000    0.643095
  763.000000    0.660155
  768.000000    0.666039
  773.000000    0.690905
  778.000000    0.659886
  783.000000    0.654206
  788.000000    0.697141
  793.000000    0.727739
  798.000000    0.737469
  803.000000    0.741816
  808.000000    0.736867
  813.000000    0.726486
  818.000000    0.725936
  823.000000    0.761270
  828.000000    0.804739
  833.000000    0.810542
  838.000000    0.829710
  843.000000    0.836132
  848.000000    0.834402
  853.000000    0.847401
  858.000000    0.825683
  863.000000    0.835759
  868.000000    0.836261
  873.000000    0.851906
  878.000000    0.848457
  883.000000    0.835906
  888.000000    0.824486
  893.000000    0.819599
  898.000000    0.821127
  903.000000    0.801006
  908.000000    0.769602
  913.000000    0.750038
  918.000000    0.733437
  923.000000    0.745878
  928.000000    0.770085
  933.000000    0.759970
  938.000000    0.759943
  943.000000    0.750649
  948.000000    0.729721
  953.000000    0.693955
  958.000000    0.690947
  963.000000    0.741932
  968.000000    0.755291
  973.000000    0.723548
  978.000000    0.712326
  983.000000    0.769355
  988.000000    0.806851
  993.000000    0.813993
  998.000000    0.783208
 1003.000000    0.781301
 1008.000000    0.809912
 1013.000000    0.809090
 1018.000000    0.802842
 1023.000000    0.800963
 1028.000000    0.801000
 1033.000000    0.785823
 1038.000000    0.770395
 1043.000000    0.724499
 1048.000000    0.710353
 1053.000000    0.717560
 1058.000000    0.721509
 1063.000000    0.711521
 1068.000000    0.714292
 1073.000000    0.760731
 1078.000000    0.793013
 1083.000000    0.789395
 1088.000000    0.791744
 1093.000000    0.800551
 1098.000000    0.778836
 1103.000000    0.780003
 1108.000000    0.805261
 1113.000000    0.828727
 1118.000000    0.816955
 1123.000000    0.786189
 1128.000000    0.784431
 1133.000000    0.757753
 1138.000000    0.729008
 1143.000000    0.724926
 1148.000000    0.671974
 1153.000000    0.666449
 1158.000000    0.691551
 1163.000000    0.758542
 1168.000000    0.783579
 1173.000000    0.776562
 1178.000000    0.776820
 1183.000000    0.768617
 1188.000000    0.780714
 1193.000000    0.795371
 1198.000000    0.813279
 1203.000000    0.852460
 1208.000000    0.876906
 1213.000000    0.874776
 1218.000000    0.849973
 1223.000000    0.798725
 1228.000000    0.756588
 1233.000000    0.738838
 1238.000000    0.700987
 1243.000000    0.661249
 1248.000000    0.647676
 1253.000000    0.667730
 1258.000000    0.654026
 1263.000000    0.642403
 1268.000000    0.650559
 1273.000000    0.672117
 1278.000000    0.676088
 1283.000000    0.692990
 1288.000000    0.693750
 1293.000000    0.719983
 1298.000000    0.740008
 1303.000000    0.762402
 1308.000000    0.762643
 1313.000000    0.766794
 1318.000000    0.785567
 1323.000000    0.805036
 1328.000000    0.816175
 1333.000000    0.793647
 1338.000000    0.785003
 1343.000000    0.806732
 1348.000000    0.844308
 1353.000000    0.861854
 1358.000000    0.895363
 1363.000000    0.892285
 1368.000000    0.882903
 1373.000000    0.888213
 1378.000000    0.855813
 1383.000000    0.818031
 1388.000000    0.804059
 1393.000000    0.793183
 1398.000000    0.783908
 1403.000000    0.774023
 1408.000000    0.766330
 1413.000000    0.795070
 1418.000000    0.802019
 1423.000000    0.793620
 1428.000000    0.785280
 1433.000000    0.729899
 1438.000000    0.684113
 1443.000000    0.684689
 1448.000000    0.669535
 1453.000000    0.663856
 1458.000000    0.686851
 1463.000000    0.707476
 1468.000000    0.729787
 1473.000000    0.718800
 1478.000000    0.740773
 1483.000000    0.752807
 1488.000000    0.776115
 1493.000000    0.785294
 1498.000000    0.762086
 1503.000000    0.784476
 1508.000000    0.802843
 1513.000000    0.801396
 1518.000000    0.806557
 1523.000000    0.796276
 1528.000000    0.782340
 1533.000000    0.775174
 1538.000000    0.763220
 1543.000000    0.733982
 1548.000000    0.724052
 1553.000000    0.725357
 1558.000000    0.675035
 1563.000000    0.670066
 1568.000000    0.642546
 1573.000000    0.656639
 1578.000000    0.678366
 1583.000000    0.654457
 1588.000000    0.676276
 1593.000000    0.647838
 1598.000000    0.634522
 1603.000000    0.611707
 1608.000000    0.598527
 1613.000000    0.624333
 1618.000000    0.681037
 1623.000000    0.681853
 1628.000000    0.684816
 1633.000000    0.689916
 1638.000000    0.715200
 1643.000000    0.695410
 1648.000000    0.669264
 1653.000000    0.667301
 1658.000000    0.714138
 1663.000000    0.741276
 1668.000000    0.757555
 1673.000000    0.768194
 1678.000000    0.769310
 1683.000000    0.788682
 1688.000000    0.796906
 1693.000000    0.766987
 1698.000000    0.752876
 1703.000000    0.743469
 1708.000000    0.735738
 1713.000000    0.751162
 1718.000000    0.752443
 1723.000000    0.722330
 1728.000000    0.704307
 1733.000000    0.664101
 1738.000000    0.641175
 1743.000000    0.629029
 1748.000000    0.645400
 1753.000000    0.670931
 1758.000000    0.689401
 1763.000000    0.712633
 1768.000000    0.742055
 1773.000000    0.764888
