#  pixel_depth  alphabetafraction   >  Analysis of alpha beta fraction
   50.000000    0.916567
   55.000000    0.898040
   60.000000    0.878079
   65.000000    0.847659
   70.000000    0.824707
   75.000000    0.810494
   80.000000    0.798757
   85.000000    0.768772
   90.000000    0.733429
   95.000000    0.720165
  100.000000    0.727754
  105.000000    0.709870
  110.000000    0.724582
  115.000000    0.735450
  120.000000    0.780948
  125.000000    0.798983
  130.000000    0.811367
  135.000000    0.820307
  140.000000    0.802376
  145.000000    0.786252
  150.000000    0.793030
  155.000000    0.813250
  160.000000    0.800401
  165.000000    0.753452
  170.000000    0.720306
  175.000000    0.697318
  180.000000    0.654694
  185.000000    0.635393
  190.000000    0.622502
  195.000000    0.612624
  200.000000    0.614536
  205.000000    0.609607
  210.000000    0.609078
  215.000000    0.613999
  220.000000    0.645093
  225.000000    0.644300
  230.000000    0.642965
  235.000000    0.676701
  240.000000    0.711457
  245.000000    0.741035
  250.000000    0.774423
  255.000000    0.789143
  260.000000    0.803635
  265.000000    0.813731
  270.000000    0.798012
  275.000000    0.763222
  280.000000    0.725332
  285.000000    0.711455
  290.000000    0.695908
  295.000000    0.700013
  300.000000    0.718004
  305.000000    0.715375
  310.000000    0.691648
  315.000000    0.689318
  320.000000    0.694419
  325.000000    0.715494
  330.000000    0.735253
  335.000000    0.736316
  340.000000    0.689113
  345.000000    0.663871
  350.000000    0.653890
  355.000000    0.607957
  360.000000    0.583787
  365.000000    0.613900
  370.000000    0.641050
  375.000000    0.671158
  380.000000    0.680291
  385.000000    0.695926
  390.000000    0.715605
  395.000000    0.739653
  400.000000    0.755240
  405.000000    0.756497
  410.000000    0.757252
  415.000000    0.745044
  420.000000    0.766978
  425.000000    0.769266
  430.000000    0.786950
  435.000000    0.792773
  440.000000    0.801257
  445.000000    0.819216
  450.000000    0.811710
  455.000000    0.783034
  460.000000    0.786769
  465.000000    0.789958
  470.000000    0.799308
  475.000000    0.767378
  480.000000    0.729656
  485.000000    0.706593
  490.000000    0.743332
  495.000000    0.747414
  500.000000    0.733104
  505.000000    0.742459
  510.000000    0.749757
  515.000000    0.723535
  520.000000    0.704023
  525.000000    0.711977
  530.000000    0.665373
  535.000000    0.676444
  540.000000    0.728431
  545.000000    0.693168
  550.000000    0.729828
  555.000000    0.714525
  560.000000    0.710208
  565.000000    0.728323
  570.000000    0.752435
  575.000000    0.742929
  580.000000    0.729419
  585.000000    0.732132
  590.000000    0.729742
  595.000000    0.718589
  600.000000    0.718252
  605.000000    0.735976
  610.000000    0.739468
  615.000000    0.708580
  620.000000    0.709900
  625.000000    0.692484
  630.000000    0.685005
  635.000000    0.720252
  640.000000    0.724557
  645.000000    0.728458
  650.000000    0.714613
  655.000000    0.720744
  660.000000    0.760529
  665.000000    0.741498
  670.000000    0.722150
  675.000000    0.699085
  680.000000    0.695253
  685.000000    0.702830
  690.000000    0.723099
  695.000000    0.736789
  700.000000    0.750655
  705.000000    0.757479
  710.000000    0.762273
  715.000000    0.769234
  720.000000    0.788811
  725.000000    0.805925
  730.000000    0.802538
  735.000000    0.811636
  740.000000    0.810933
  745.000000    0.815529
  750.000000    0.790365
  755.000000    0.769695
  760.000000    0.748585
  765.000000    0.685343
  770.000000    0.670699
  775.000000    0.645801
  780.000000    0.603952
  785.000000    0.559650
  790.000000    0.572828
  795.000000    0.602432
  800.000000    0.623478
  805.000000    0.633888
  810.000000    0.648026
  815.000000    0.642599
  820.000000    0.665756
  825.000000    0.681110
  830.000000    0.723518
  835.000000    0.735982
  840.000000    0.734533
  845.000000    0.757554
  850.000000    0.785727
  855.000000    0.777514
  860.000000    0.795822
  865.000000    0.799875
  870.000000    0.796797
  875.000000    0.802050
  880.000000    0.783177
  885.000000    0.731888
  890.000000    0.708022
  895.000000    0.678972
  900.000000    0.709526
  905.000000    0.737726
  910.000000    0.728498
  915.000000    0.690331
  920.000000    0.719322
  925.000000    0.720983
  930.000000    0.713696
  935.000000    0.725335
  940.000000    0.679051
  945.000000    0.673232
  950.000000    0.718567
  955.000000    0.738096
  960.000000    0.736041
  965.000000    0.681143
  970.000000    0.681338
  975.000000    0.667014
  980.000000    0.687174
  985.000000    0.720626
  990.000000    0.720842
  995.000000    0.701396
 1000.000000    0.713450
 1005.000000    0.717408
 1010.000000    0.712373
 1015.000000    0.717262
 1020.000000    0.728489
 1025.000000    0.697942
 1030.000000    0.676366
 1035.000000    0.659227
 1040.000000    0.645185
 1045.000000    0.629683
 1050.000000    0.658374
 1055.000000    0.668605
 1060.000000    0.701219
 1065.000000    0.693373
 1070.000000    0.635759
 1075.000000    0.629281
 1080.000000    0.645085
 1085.000000    0.656685
 1090.000000    0.640823
 1095.000000    0.633085
 1100.000000    0.647355
 1105.000000    0.660710
 1110.000000    0.665440
 1115.000000    0.673289
 1120.000000    0.691786
 1125.000000    0.728264
 1130.000000    0.751596
 1135.000000    0.758509
 1140.000000    0.775514
 1145.000000    0.770231
 1150.000000    0.779667
 1155.000000    0.779358
 1160.000000    0.783043
 1165.000000    0.760313
 1170.000000    0.752899
 1175.000000    0.763322
 1180.000000    0.728647
 1185.000000    0.689440
 1190.000000    0.679547
 1195.000000    0.704930
 1200.000000    0.710392
 1205.000000    0.679272
 1210.000000    0.661412
 1215.000000    0.658724
 1220.000000    0.676877
 1225.000000    0.678718
 1230.000000    0.677611
 1235.000000    0.664054
 1240.000000    0.690501
 1245.000000    0.697832
 1250.000000    0.721353
 1255.000000    0.703713
 1260.000000    0.716671
 1265.000000    0.744174
 1270.000000    0.717081
 1275.000000    0.692485
 1280.000000    0.696382
 1285.000000    0.684853
 1290.000000    0.687934
 1295.000000    0.687423
 1300.000000    0.692037
 1305.000000    0.696470
 1310.000000    0.701175
 1315.000000    0.719888
 1320.000000    0.722955
 1325.000000    0.726661
 1330.000000    0.690867
 1335.000000    0.684627
 1340.000000    0.719390
 1345.000000    0.749856
 1350.000000    0.769419
 1355.000000    0.781029
 1360.000000    0.783519
 1365.000000    0.780502
 1370.000000    0.800657
 1375.000000    0.808998
 1380.000000    0.810211
 1385.000000    0.815817
 1390.000000    0.809309
 1395.000000    0.786129
 1400.000000    0.760034
 1405.000000    0.771743
 1410.000000    0.775445
 1415.000000    0.781188
 1420.000000    0.768018
 1425.000000    0.771567
 1430.000000    0.769330
 1435.000000    0.744474
 1440.000000    0.753269
 1445.000000    0.704649
 1450.000000    0.730874
 1455.000000    0.668440
 1460.000000    0.640471
 1465.000000    0.632853
 1470.000000    0.655038
 1475.000000    0.705648
 1480.000000    0.750937
 1485.000000    0.734195
 1490.000000    0.706143
 1495.000000    0.723546
 1500.000000    0.713211
 1505.000000    0.692369
 1510.000000    0.664880
 1515.000000    0.619839
 1520.000000    0.600655
 1525.000000    0.609804
 1530.000000    0.615982
 1535.000000    0.641710
 1540.000000    0.676422
 1545.000000    0.701419
 1550.000000    0.701077
 1555.000000    0.691518
 1560.000000    0.672137
 1565.000000    0.663252
 1570.000000    0.656076
 1575.000000    0.679711
 1580.000000    0.698494
 1585.000000    0.705830
 1590.000000    0.679589
 1595.000000    0.667694
 1600.000000    0.699810
 1605.000000    0.724352
 1610.000000    0.735778
 1615.000000    0.745371
 1620.000000    0.733802
 1625.000000    0.737530
 1630.000000    0.720871
 1635.000000    0.729549
 1640.000000    0.741183
 1645.000000    0.757189
 1650.000000    0.741629
 1655.000000    0.743228
 1660.000000    0.749182
 1665.000000    0.748930
 1670.000000    0.761563
 1675.000000    0.747527
 1680.000000    0.732652
 1685.000000    0.692522
 1690.000000    0.688586
 1695.000000    0.649706
 1700.000000    0.634479
 1705.000000    0.612145
 1710.000000    0.602552
 1715.000000    0.582593
 1720.000000    0.546411
 1725.000000    0.571413
 1730.000000    0.562194
 1735.000000    0.570686
 1740.000000    0.581700
 1745.000000    0.582806
 1750.000000    0.626476
 1755.000000    0.654609
 1760.000000    0.684953
 1765.000000    0.713251
 1770.000000    0.719687
 1775.000000    0.752297
 1780.000000    0.775629
 1785.000000    0.782794
 1790.000000    0.763525
 1795.000000    0.734008
 1800.000000    0.746022
 1805.000000    0.771658
 1810.000000    0.761988
 1815.000000    0.775323
 1820.000000    0.787832
 1825.000000    0.770666
 1830.000000    0.754634
 1835.000000    0.703059
 1840.000000    0.643898
 1845.000000    0.603265
 1850.000000    0.607980
 1855.000000    0.636994
 1860.000000    0.663527
 1865.000000    0.663865
 1870.000000    0.686691
 1875.000000    0.743486
 1880.000000    0.746094
 1885.000000    0.767313
 1890.000000    0.766556
 1895.000000    0.724023
 1900.000000    0.723662
