#  pixel_depth  alphabetafraction   >  Analysis of alpha beta fraction
   80.000000    0.592123
   85.000000    0.616902
   90.000000    0.605504
   95.000000    0.619914
  100.000000    0.619381
  105.000000    0.630323
  110.000000    0.638581
  115.000000    0.674456
  120.000000    0.712651
  125.000000    0.742126
  130.000000    0.731175
  135.000000    0.703353
  140.000000    0.694063
  145.000000    0.666317
  150.000000    0.621084
  155.000000    0.581189
  160.000000    0.603917
  165.000000    0.597867
  170.000000    0.604277
  175.000000    0.626747
  180.000000    0.658814
  185.000000    0.676433
  190.000000    0.713697
  195.000000    0.741170
  200.000000    0.743479
  205.000000    0.732526
  210.000000    0.711263
  215.000000    0.701349
  220.000000    0.705250
  225.000000    0.724123
  230.000000    0.749014
  235.000000    0.762337
  240.000000    0.770674
  245.000000    0.764007
  250.000000    0.751762
  255.000000    0.745576
  260.000000    0.723206
  265.000000    0.701497
  270.000000    0.694840
  275.000000    0.706600
  280.000000    0.713352
  285.000000    0.721252
  290.000000    0.699517
  295.000000    0.699066
  300.000000    0.703227
  305.000000    0.703485
  310.000000    0.686111
  315.000000    0.658079
  320.000000    0.670508
  325.000000    0.649206
  330.000000    0.630425
  335.000000    0.635450
  340.000000    0.640775
  345.000000    0.618116
  350.000000    0.604810
  355.000000    0.612888
  360.000000    0.631039
  365.000000    0.638461
  370.000000    0.653538
  375.000000    0.657897
  380.000000    0.640897
  385.000000    0.641751
  390.000000    0.643787
  395.000000    0.670356
  400.000000    0.664776
  405.000000    0.664521
  410.000000    0.659857
  415.000000    0.641324
  420.000000    0.602003
  425.000000    0.609293
  430.000000    0.598039
  435.000000    0.614356
  440.000000    0.657399
  445.000000    0.678562
  450.000000    0.679637
  455.000000    0.676191
  460.000000    0.674659
  465.000000    0.647332
  470.000000    0.633504
  475.000000    0.614317
  480.000000    0.615990
  485.000000    0.644935
  490.000000    0.670245
  495.000000    0.694412
  500.000000    0.703733
  505.000000    0.707060
  510.000000    0.696702
  515.000000    0.692663
  520.000000    0.705819
  525.000000    0.696621
  530.000000    0.694567
  535.000000    0.684337
  540.000000    0.709643
  545.000000    0.704648
  550.000000    0.688953
  555.000000    0.668012
  560.000000    0.660083
  565.000000    0.649661
  570.000000    0.627496
  575.000000    0.641735
  580.000000    0.645126
  585.000000    0.630400
  590.000000    0.631548
  595.000000    0.642339
  600.000000    0.621558
  605.000000    0.611783
  610.000000    0.611501
  615.000000    0.617448
  620.000000    0.660015
  625.000000    0.678100
  630.000000    0.672804
  635.000000    0.663746
  640.000000    0.674592
  645.000000    0.659789
  650.000000    0.645260
  655.000000    0.647168
  660.000000    0.645418
  665.000000    0.673369
  670.000000    0.666489
  675.000000    0.659607
  680.000000    0.670758
  685.000000    0.647074
  690.000000    0.626525
  695.000000    0.625202
  700.000000    0.633890
  705.000000    0.647169
  710.000000    0.657840
  715.000000    0.627093
  720.000000    0.580188
  725.000000    0.591542
  730.000000    0.610475
  735.000000    0.638036
  740.000000    0.681373
  745.000000    0.672439
  750.000000    0.663353
  755.000000    0.637068
  760.000000    0.660166
  765.000000    0.656787
  770.000000    0.668105
  775.000000    0.657526
  780.000000    0.635508
  785.000000    0.630885
  790.000000    0.639205
  795.000000    0.643598
  800.000000    0.648267
  805.000000    0.659682
  810.000000    0.662080
  815.000000    0.649393
  820.000000    0.640446
  825.000000    0.659041
  830.000000    0.666697
  835.000000    0.698432
  840.000000    0.731745
  845.000000    0.735998
  850.000000    0.728751
  855.000000    0.720414
  860.000000    0.740445
  865.000000    0.750114
  870.000000    0.726947
  875.000000    0.702351
  880.000000    0.685208
  885.000000    0.668270
  890.000000    0.683646
  895.000000    0.741162
  900.000000    0.771740
  905.000000    0.750465
  910.000000    0.714587
  915.000000    0.713646
  920.000000    0.710488
  925.000000    0.699604
  930.000000    0.683310
  935.000000    0.676473
  940.000000    0.681319
  945.000000    0.690097
  950.000000    0.658638
  955.000000    0.678102
  960.000000    0.659513
  965.000000    0.652880
  970.000000    0.648022
  975.000000    0.660846
  980.000000    0.649403
  985.000000    0.609956
  990.000000    0.583340
  995.000000    0.551856
 1000.000000    0.553895
 1005.000000    0.575957
 1010.000000    0.532191
 1015.000000    0.535803
 1020.000000    0.555014
 1025.000000    0.579099
 1030.000000    0.583468
 1035.000000    0.609221
 1040.000000    0.658995
 1045.000000    0.641019
 1050.000000    0.644318
 1055.000000    0.654305
 1060.000000    0.662928
 1065.000000    0.659595
 1070.000000    0.666895
 1075.000000    0.673098
 1080.000000    0.674616
 1085.000000    0.659398
 1090.000000    0.638754
 1095.000000    0.623684
 1100.000000    0.659424
 1105.000000    0.668325
 1110.000000    0.664403
 1115.000000    0.642625
 1120.000000    0.614182
 1125.000000    0.614911
 1130.000000    0.592289
 1135.000000    0.572958
 1140.000000    0.585450
 1145.000000    0.590090
 1150.000000    0.599967
 1155.000000    0.596734
 1160.000000    0.589003
 1165.000000    0.610746
 1170.000000    0.662892
 1175.000000    0.668111
 1180.000000    0.663109
 1185.000000    0.631863
 1190.000000    0.633034
 1195.000000    0.639596
 1200.000000    0.638175
 1205.000000    0.629833
 1210.000000    0.618871
 1215.000000    0.609063
 1220.000000    0.609925
 1225.000000    0.606000
 1230.000000    0.592959
 1235.000000    0.578869
 1240.000000    0.569092
 1245.000000    0.606297
 1250.000000    0.624916
 1255.000000    0.621862
 1260.000000    0.660104
 1265.000000    0.668876
 1270.000000    0.663976
 1275.000000    0.641392
 1280.000000    0.633949
 1285.000000    0.646129
 1290.000000    0.628997
 1295.000000    0.615378
 1300.000000    0.647520
 1305.000000    0.662353
 1310.000000    0.665358
 1315.000000    0.683320
 1320.000000    0.668374
 1325.000000    0.612466
 1330.000000    0.580503
 1335.000000    0.562501
 1340.000000    0.572343
 1345.000000    0.588261
 1350.000000    0.615802
 1355.000000    0.595120
 1360.000000    0.592172
 1365.000000    0.586830
 1370.000000    0.587795
 1375.000000    0.613658
 1380.000000    0.633895
 1385.000000    0.651630
 1390.000000    0.668285
 1395.000000    0.651666
 1400.000000    0.642131
 1405.000000    0.639061
 1410.000000    0.642070
 1415.000000    0.656968
 1420.000000    0.684820
 1425.000000    0.709913
 1430.000000    0.730312
 1435.000000    0.738807
 1440.000000    0.750091
 1445.000000    0.761626
 1450.000000    0.752155
 1455.000000    0.726590
 1460.000000    0.669289
 1465.000000    0.622919
 1470.000000    0.603981
 1475.000000    0.573375
 1480.000000    0.563396
 1485.000000    0.576769
 1490.000000    0.596819
 1495.000000    0.632573
 1500.000000    0.661823
 1505.000000    0.657813
 1510.000000    0.686449
 1515.000000    0.704852
 1520.000000    0.722454
 1525.000000    0.743882
 1530.000000    0.743885
 1535.000000    0.763749
 1540.000000    0.759418
 1545.000000    0.758875
 1550.000000    0.748079
 1555.000000    0.736191
 1560.000000    0.711469
 1565.000000    0.702142
 1570.000000    0.696129
 1575.000000    0.674099
 1580.000000    0.647594
 1585.000000    0.674663
 1590.000000    0.690283
 1595.000000    0.685008
 1600.000000    0.662021
 1605.000000    0.632456
 1610.000000    0.604986
 1615.000000    0.582845
 1620.000000    0.572830
 1625.000000    0.564932
 1630.000000    0.565853
 1635.000000    0.607014
 1640.000000    0.602921
 1645.000000    0.594421
 1650.000000    0.604330
 1655.000000    0.593566
 1660.000000    0.588321
 1665.000000    0.589225
 1670.000000    0.600631
 1675.000000    0.607769
 1680.000000    0.635368
 1685.000000    0.638010
 1690.000000    0.629521
 1695.000000    0.628059
 1700.000000    0.637011
 1705.000000    0.637738
 1710.000000    0.630226
 1715.000000    0.640191
 1720.000000    0.635630
 1725.000000    0.600360
 1730.000000    0.595278
 1735.000000    0.596134
 1740.000000    0.616843
 1745.000000    0.627608
 1750.000000    0.661447
 1755.000000    0.694501
 1760.000000    0.718379
 1765.000000    0.756838
 1770.000000    0.730890
 1775.000000    0.727447
 1780.000000    0.722887
 1785.000000    0.712310
 1790.000000    0.702198
 1795.000000    0.692496
