#  pixel_depth  alphabetafraction   >  Analysis of alpha beta fraction
  173.000000    0.654050
  178.000000    0.649508
  183.000000    0.619520
  188.000000    0.614583
  193.000000    0.579000
  198.000000    0.564899
  203.000000    0.550296
  208.000000    0.516477
  213.000000    0.515385
  218.000000    0.500570
  223.000000    0.495233
  228.000000    0.501735
  233.000000    0.539718
  238.000000    0.533851
  243.000000    0.525228
  248.000000    0.553920
  253.000000    0.617797
  258.000000    0.635265
  263.000000    0.657622
  268.000000    0.685310
  273.000000    0.699586
  278.000000    0.710900
  283.000000    0.713586
  288.000000    0.703025
  293.000000    0.691831
  298.000000    0.667872
  303.000000    0.684827
  308.000000    0.695884
  313.000000    0.666078
  318.000000    0.611366
  323.000000    0.635901
  328.000000    0.662372
  333.000000    0.665563
  338.000000    0.674248
  343.000000    0.694261
  348.000000    0.677555
  353.000000    0.674378
  358.000000    0.688300
  363.000000    0.666595
  368.000000    0.651630
  373.000000    0.651102
  378.000000    0.633019
  383.000000    0.641237
  388.000000    0.582426
  393.000000    0.563112
  398.000000    0.565616
  403.000000    0.544460
  408.000000    0.540969
  413.000000    0.574020
  418.000000    0.633440
  423.000000    0.673035
  428.000000    0.699141
  433.000000    0.701720
  438.000000    0.690459
  443.000000    0.687575
  448.000000    0.679251
  453.000000    0.654575
  458.000000    0.671438
  463.000000    0.679494
  468.000000    0.666726
  473.000000    0.658731
  478.000000    0.671444
  483.000000    0.708912
  488.000000    0.701449
  493.000000    0.708347
  498.000000    0.691612
  503.000000    0.655361
  508.000000    0.608150
  513.000000    0.617687
  518.000000    0.641015
  523.000000    0.679002
  528.000000    0.662473
  533.000000    0.635391
  538.000000    0.634662
  543.000000    0.664343
  548.000000    0.690268
  553.000000    0.704517
  558.000000    0.719266
  563.000000    0.745826
  568.000000    0.747059
  573.000000    0.743324
  578.000000    0.738068
  583.000000    0.718773
  588.000000    0.700766
  593.000000    0.687617
  598.000000    0.669530
  603.000000    0.660617
  608.000000    0.636957
  613.000000    0.634332
  618.000000    0.606329
  623.000000    0.600174
  628.000000    0.549589
  633.000000    0.506813
  638.000000    0.549269
  643.000000    0.589085
  648.000000    0.609918
  653.000000    0.610483
  658.000000    0.607358
  663.000000    0.631664
  668.000000    0.635190
  673.000000    0.677763
  678.000000    0.714930
  683.000000    0.718843
  688.000000    0.761446
  693.000000    0.748680
  698.000000    0.739183
  703.000000    0.734101
  708.000000    0.699836
  713.000000    0.667871
  718.000000    0.656061
  723.000000    0.634582
  728.000000    0.619733
  733.000000    0.627788
  738.000000    0.645945
  743.000000    0.638098
  748.000000    0.629211
  753.000000    0.587646
  758.000000    0.601381
  763.000000    0.625510
  768.000000    0.625817
  773.000000    0.633602
  778.000000    0.658455
  783.000000    0.674458
  788.000000    0.691299
  793.000000    0.705244
  798.000000    0.732014
  803.000000    0.746511
  808.000000    0.746099
  813.000000    0.744372
  818.000000    0.727964
  823.000000    0.723846
  828.000000    0.736803
  833.000000    0.754064
  838.000000    0.737067
  843.000000    0.738748
  848.000000    0.730765
  853.000000    0.729059
  858.000000    0.736338
  863.000000    0.715552
  868.000000    0.680222
  873.000000    0.640770
  878.000000    0.646814
  883.000000    0.665865
  888.000000    0.647503
  893.000000    0.649945
  898.000000    0.658137
  903.000000    0.639900
  908.000000    0.638529
  913.000000    0.657170
  918.000000    0.655697
  923.000000    0.607638
  928.000000    0.587499
  933.000000    0.608590
  938.000000    0.645164
  943.000000    0.670560
  948.000000    0.679093
  953.000000    0.674307
  958.000000    0.700803
  963.000000    0.712457
  968.000000    0.696405
  973.000000    0.696127
  978.000000    0.705315
  983.000000    0.723333
  988.000000    0.754589
  993.000000    0.766567
  998.000000    0.769464
 1003.000000    0.767183
 1008.000000    0.746628
 1013.000000    0.707989
 1018.000000    0.678368
 1023.000000    0.671743
 1028.000000    0.682188
 1033.000000    0.655078
 1038.000000    0.610102
 1043.000000    0.608034
 1048.000000    0.599545
 1053.000000    0.608814
 1058.000000    0.586369
 1063.000000    0.562223
 1068.000000    0.564186
 1073.000000    0.572869
 1078.000000    0.563114
 1083.000000    0.583735
 1088.000000    0.620873
 1093.000000    0.658131
 1098.000000    0.667526
 1103.000000    0.678132
 1108.000000    0.669197
 1113.000000    0.709633
 1118.000000    0.714108
 1123.000000    0.714062
 1128.000000    0.705295
 1133.000000    0.683737
 1138.000000    0.689470
 1143.000000    0.679275
 1148.000000    0.677502
 1153.000000    0.661114
 1158.000000    0.640659
 1163.000000    0.623353
 1168.000000    0.611202
 1173.000000    0.580481
 1178.000000    0.569873
 1183.000000    0.581706
 1188.000000    0.615501
 1193.000000    0.650906
 1198.000000    0.665455
 1203.000000    0.665769
 1208.000000    0.646515
 1213.000000    0.647426
 1218.000000    0.624490
 1223.000000    0.632671
 1228.000000    0.651519
 1233.000000    0.655497
 1238.000000    0.664486
 1243.000000    0.681235
 1248.000000    0.688501
 1253.000000    0.691888
 1258.000000    0.717794
 1263.000000    0.733672
 1268.000000    0.750500
 1273.000000    0.756775
 1278.000000    0.777160
 1283.000000    0.773118
 1288.000000    0.753456
 1293.000000    0.748982
 1298.000000    0.751257
 1303.000000    0.747922
 1308.000000    0.726959
 1313.000000    0.699405
 1318.000000    0.686105
 1323.000000    0.675577
 1328.000000    0.678629
 1333.000000    0.664768
 1338.000000    0.645202
 1343.000000    0.681693
 1348.000000    0.653187
 1353.000000    0.667130
 1358.000000    0.658810
 1363.000000    0.677104
 1368.000000    0.693849
 1373.000000    0.676216
 1378.000000    0.687315
 1383.000000    0.671830
 1388.000000    0.708366
 1393.000000    0.743609
 1398.000000    0.742946
 1403.000000    0.751210
 1408.000000    0.753805
 1413.000000    0.724066
 1418.000000    0.727058
 1423.000000    0.759204
 1428.000000    0.742539
 1433.000000    0.699604
 1438.000000    0.684324
 1443.000000    0.664370
 1448.000000    0.650541
 1453.000000    0.646034
 1458.000000    0.661732
 1463.000000    0.700218
 1468.000000    0.710532
 1473.000000    0.723766
 1478.000000    0.722367
 1483.000000    0.724990
 1488.000000    0.725171
 1493.000000    0.709162
 1498.000000    0.710881
 1503.000000    0.700613
 1508.000000    0.702580
 1513.000000    0.732967
 1518.000000    0.737789
 1523.000000    0.754759
 1528.000000    0.743274
 1533.000000    0.732961
 1538.000000    0.724881
 1543.000000    0.736898
 1548.000000    0.744721
 1553.000000    0.713422
 1558.000000    0.676219
 1563.000000    0.652859
 1568.000000    0.653765
 1573.000000    0.619126
 1578.000000    0.618503
 1583.000000    0.633102
 1588.000000    0.637114
 1593.000000    0.643097
 1598.000000    0.686375
 1603.000000    0.703483
 1608.000000    0.723569
 1613.000000    0.744409
 1618.000000    0.737525
 1623.000000    0.734367
 1628.000000    0.737376
 1633.000000    0.719568
 1638.000000    0.713259
 1643.000000    0.694975
 1648.000000    0.681974
 1653.000000    0.708656
 1658.000000    0.728463
 1663.000000    0.711252
 1668.000000    0.701873
 1673.000000    0.700774
 1678.000000    0.679390
 1683.000000    0.683159
 1688.000000    0.665965
 1693.000000    0.658983
 1698.000000    0.661305
 1703.000000    0.634310
 1708.000000    0.612842
 1713.000000    0.607977
 1718.000000    0.642214
 1723.000000    0.696510
 1728.000000    0.702921
 1733.000000    0.706358
 1738.000000    0.700853
 1743.000000    0.730197
 1748.000000    0.742177
 1753.000000    0.751044
 1758.000000    0.733515
 1763.000000    0.722802
 1768.000000    0.724433
 1773.000000    0.729040
 1778.000000    0.706112
 1783.000000    0.721366
 1788.000000    0.726727
 1793.000000    0.722077
 1798.000000    0.694808
 1803.000000    0.690312
 1808.000000    0.712638
