#  pixel_depth  alphabetafraction   >  Analysis of alpha beta fraction
   47.000000    0.761895
   52.000000    0.776210
   57.000000    0.816695
   62.000000    0.827306
   67.000000    0.816228
   72.000000    0.803878
   77.000000    0.780191
   82.000000    0.749809
   87.000000    0.738072
   92.000000    0.734668
   97.000000    0.710084
  102.000000    0.731558
  107.000000    0.737134
  112.000000    0.744861
  117.000000    0.736173
  122.000000    0.746244
  127.000000    0.751837
  132.000000    0.732949
  137.000000    0.722961
  142.000000    0.736806
  147.000000    0.752464
  152.000000    0.745307
  157.000000    0.746020
  162.000000    0.737958
  167.000000    0.748823
  172.000000    0.767214
  177.000000    0.763371
  182.000000    0.765814
  187.000000    0.765679
  192.000000    0.780113
  197.000000    0.751733
  202.000000    0.721383
  207.000000    0.707973
  212.000000    0.685578
  217.000000    0.676270
  222.000000    0.677372
  227.000000    0.668182
  232.000000    0.666215
  237.000000    0.695933
  242.000000    0.735801
  247.000000    0.774245
  252.000000    0.796170
  257.000000    0.803230
  262.000000    0.797025
  267.000000    0.775053
  272.000000    0.761810
  277.000000    0.698926
  282.000000    0.649925
  287.000000    0.625272
  292.000000    0.627491
  297.000000    0.625843
  302.000000    0.624090
  307.000000    0.627802
  312.000000    0.652921
  317.000000    0.689757
  322.000000    0.728490
  327.000000    0.764824
  332.000000    0.777027
  337.000000    0.791506
  342.000000    0.813302
  347.000000    0.814339
  352.000000    0.811235
  357.000000    0.810581
  362.000000    0.796370
  367.000000    0.787913
  372.000000    0.798670
  377.000000    0.806070
  382.000000    0.807019
  387.000000    0.771205
  392.000000    0.760444
  397.000000    0.749571
  402.000000    0.734813
  407.000000    0.748667
  412.000000    0.738049
  417.000000    0.730480
  422.000000    0.734834
  427.000000    0.739245
  432.000000    0.763476
  437.000000    0.758897
  442.000000    0.747047
  447.000000    0.738383
  452.000000    0.781918
  457.000000    0.783384
  462.000000    0.760720
  467.000000    0.770417
  472.000000    0.796721
  477.000000    0.816596
  482.000000    0.791424
  487.000000    0.779245
  492.000000    0.744381
  497.000000    0.725314
  502.000000    0.682361
  507.000000    0.653598
  512.000000    0.644077
  517.000000    0.651352
  522.000000    0.640548
  527.000000    0.638583
  532.000000    0.663643
  537.000000    0.701123
  542.000000    0.717123
  547.000000    0.736406
  552.000000    0.750622
  557.000000    0.754059
  562.000000    0.747761
  567.000000    0.739273
  572.000000    0.730950
  577.000000    0.735117
  582.000000    0.745466
  587.000000    0.736878
  592.000000    0.714117
  597.000000    0.690092
  602.000000    0.720879
  607.000000    0.732265
  612.000000    0.738214
  617.000000    0.745684
  622.000000    0.776676
  627.000000    0.798444
  632.000000    0.832761
  637.000000    0.824799
  642.000000    0.809889
  647.000000    0.794413
  652.000000    0.756964
  657.000000    0.742368
  662.000000    0.706537
  667.000000    0.682259
  672.000000    0.681586
  677.000000    0.709765
  682.000000    0.740416
  687.000000    0.761614
  692.000000    0.797739
  697.000000    0.813589
  702.000000    0.821648
  707.000000    0.833808
  712.000000    0.833232
  717.000000    0.826021
  722.000000    0.805190
  727.000000    0.782469
  732.000000    0.712981
  737.000000    0.679208
  742.000000    0.657379
  747.000000    0.660660
  752.000000    0.682551
  757.000000    0.691672
  762.000000    0.696661
  767.000000    0.715041
  772.000000    0.746450
  777.000000    0.770036
  782.000000    0.806194
  787.000000    0.804032
  792.000000    0.799145
  797.000000    0.817528
  802.000000    0.831211
  807.000000    0.854765
  812.000000    0.831625
  817.000000    0.812278
  822.000000    0.800961
  827.000000    0.806148
  832.000000    0.786740
  837.000000    0.765433
  842.000000    0.745565
  847.000000    0.727344
  852.000000    0.726580
  857.000000    0.741314
  862.000000    0.744878
  867.000000    0.743034
  872.000000    0.737160
  877.000000    0.758745
  882.000000    0.775637
  887.000000    0.758540
  892.000000    0.729116
  897.000000    0.729235
  902.000000    0.723882
  907.000000    0.711575
  912.000000    0.717373
  917.000000    0.736314
  922.000000    0.749470
  927.000000    0.748878
  932.000000    0.790336
  937.000000    0.822764
  942.000000    0.828637
  947.000000    0.823812
  952.000000    0.848007
  957.000000    0.861410
  962.000000    0.853590
  967.000000    0.853592
  972.000000    0.851175
  977.000000    0.843223
  982.000000    0.846838
  987.000000    0.838298
  992.000000    0.809742
  997.000000    0.798203
 1002.000000    0.781961
 1007.000000    0.767225
 1012.000000    0.765666
 1017.000000    0.755898
 1022.000000    0.737976
 1027.000000    0.713088
 1032.000000    0.733681
 1037.000000    0.709612
 1042.000000    0.705408
 1047.000000    0.721384
 1052.000000    0.737499
 1057.000000    0.741954
 1062.000000    0.749694
 1067.000000    0.744945
 1072.000000    0.752106
 1077.000000    0.763086
 1082.000000    0.748892
 1087.000000    0.725902
 1092.000000    0.717562
 1097.000000    0.701814
 1102.000000    0.688032
 1107.000000    0.634421
 1112.000000    0.634519
 1117.000000    0.655779
 1122.000000    0.676561
 1127.000000    0.709209
 1132.000000    0.736553
 1137.000000    0.753106
 1142.000000    0.785529
 1147.000000    0.810215
 1152.000000    0.841026
 1157.000000    0.856211
 1162.000000    0.829246
 1167.000000    0.803228
 1172.000000    0.785379
 1177.000000    0.765889
 1182.000000    0.760364
 1187.000000    0.755919
 1192.000000    0.745431
 1197.000000    0.736552
 1202.000000    0.708785
 1207.000000    0.702415
 1212.000000    0.706012
 1217.000000    0.714735
 1222.000000    0.742192
 1227.000000    0.750393
 1232.000000    0.744690
 1237.000000    0.766524
 1242.000000    0.798684
 1247.000000    0.825789
 1252.000000    0.835415
 1257.000000    0.840727
 1262.000000    0.820309
 1267.000000    0.772464
 1272.000000    0.741313
 1277.000000    0.731874
 1282.000000    0.739290
 1287.000000    0.746049
 1292.000000    0.764276
 1297.000000    0.764744
 1302.000000    0.750730
 1307.000000    0.736048
 1312.000000    0.752598
 1317.000000    0.777891
 1322.000000    0.801061
 1327.000000    0.795581
 1332.000000    0.787813
 1337.000000    0.771416
 1342.000000    0.752036
 1347.000000    0.735157
 1352.000000    0.741142
 1357.000000    0.708474
 1362.000000    0.739633
 1367.000000    0.755980
 1372.000000    0.758500
 1377.000000    0.739811
 1382.000000    0.755546
 1387.000000    0.794575
 1392.000000    0.791673
 1397.000000    0.783831
 1402.000000    0.787574
 1407.000000    0.798623
 1412.000000    0.762403
 1417.000000    0.772788
 1422.000000    0.766727
 1427.000000    0.750650
 1432.000000    0.758095
 1437.000000    0.788946
 1442.000000    0.795253
 1447.000000    0.816838
 1452.000000    0.852536
 1457.000000    0.867207
 1462.000000    0.884719
 1467.000000    0.879546
 1472.000000    0.864790
 1477.000000    0.855465
 1482.000000    0.839041
 1487.000000    0.823621
 1492.000000    0.815928
 1497.000000    0.801550
 1502.000000    0.786994
 1507.000000    0.771762
 1512.000000    0.766414
 1517.000000    0.776680
 1522.000000    0.777894
 1527.000000    0.790652
 1532.000000    0.772563
 1537.000000    0.779624
 1542.000000    0.792388
 1547.000000    0.810237
 1552.000000    0.816354
 1557.000000    0.831439
 1562.000000    0.835404
 1567.000000    0.817486
 1572.000000    0.790614
 1577.000000    0.781602
 1582.000000    0.774441
 1587.000000    0.782117
 1592.000000    0.781459
 1597.000000    0.772250
 1602.000000    0.762938
 1607.000000    0.741672
 1612.000000    0.758702
 1617.000000    0.768200
 1622.000000    0.771214
 1627.000000    0.755272
 1632.000000    0.724399
 1637.000000    0.749820
 1642.000000    0.720368
 1647.000000    0.679086
 1652.000000    0.678916
 1657.000000    0.712156
 1662.000000    0.768344
 1667.000000    0.796921
 1672.000000    0.809606
 1677.000000    0.802348
 1682.000000    0.801964
 1687.000000    0.794604
 1692.000000    0.764512
 1697.000000    0.764756
 1702.000000    0.761760
 1707.000000    0.767090
 1712.000000    0.759217
 1717.000000    0.732590
 1722.000000    0.710253
 1727.000000    0.726915
 1732.000000    0.733382
 1737.000000    0.761431
 1742.000000    0.794992
 1747.000000    0.818057
 1752.000000    0.826506
 1757.000000    0.818890
 1762.000000    0.816464
 1767.000000    0.801082
 1772.000000    0.819783
 1777.000000    0.846619
 1782.000000    0.865509
