#  pixel_depth  alphabetafraction   >  Analysis of alpha beta fraction
   83.000000    0.630537
   88.000000    0.663125
   93.000000    0.663981
   98.000000    0.647408
  103.000000    0.630945
  108.000000    0.618621
  113.000000    0.587643
  118.000000    0.573070
  123.000000    0.576731
  128.000000    0.547810
  133.000000    0.526491
  138.000000    0.506718
  143.000000    0.497263
  148.000000    0.453939
  153.000000    0.449957
  158.000000    0.452975
  163.000000    0.487783
  168.000000    0.539184
  173.000000    0.555022
  178.000000    0.587591
  183.000000    0.582113
  188.000000    0.572538
  193.000000    0.568127
  198.000000    0.580279
  203.000000    0.550701
  208.000000    0.535567
  213.000000    0.512960
  218.000000    0.474042
  223.000000    0.455589
  228.000000    0.497620
  233.000000    0.493998
  238.000000    0.495781
  243.000000    0.471398
  248.000000    0.502909
  253.000000    0.537751
  258.000000    0.564154
  263.000000    0.593947
  268.000000    0.605790
  273.000000    0.634962
  278.000000    0.626757
  283.000000    0.656495
  288.000000    0.680347
  293.000000    0.682764
  298.000000    0.661761
  303.000000    0.652380
  308.000000    0.660162
  313.000000    0.677954
  318.000000    0.686932
  323.000000    0.676706
  328.000000    0.668913
  333.000000    0.674129
  338.000000    0.658838
  343.000000    0.601270
  348.000000    0.576715
  353.000000    0.567925
  358.000000    0.551982
  363.000000    0.536162
  368.000000    0.527113
  373.000000    0.510738
  378.000000    0.504436
  383.000000    0.498108
  388.000000    0.498279
  393.000000    0.516445
  398.000000    0.526720
  403.000000    0.522710
  408.000000    0.551319
  413.000000    0.575807
  418.000000    0.572351
  423.000000    0.563860
  428.000000    0.559706
  433.000000    0.518719
  438.000000    0.482347
  443.000000    0.475529
  448.000000    0.480112
  453.000000    0.468543
  458.000000    0.470042
  463.000000    0.473650
  468.000000    0.480359
  473.000000    0.543082
  478.000000    0.560116
  483.000000    0.572002
  488.000000    0.577101
  493.000000    0.563681
  498.000000    0.581162
  503.000000    0.602917
  508.000000    0.583343
  513.000000    0.589609
  518.000000    0.584556
  523.000000    0.585300
  528.000000    0.599145
  533.000000    0.609176
  538.000000    0.618365
  543.000000    0.629535
  548.000000    0.618914
  553.000000    0.614778
  558.000000    0.616599
  563.000000    0.596824
  568.000000    0.580468
  573.000000    0.617549
  578.000000    0.638177
  583.000000    0.635893
  588.000000    0.625830
  593.000000    0.610642
  598.000000    0.610829
  603.000000    0.618920
  608.000000    0.613581
  613.000000    0.593753
  618.000000    0.595156
  623.000000    0.579565
  628.000000    0.557563
  633.000000    0.543670
  638.000000    0.529911
  643.000000    0.510524
  648.000000    0.517578
  653.000000    0.506496
  658.000000    0.482256
  663.000000    0.472497
  668.000000    0.480178
  673.000000    0.476352
  678.000000    0.477963
  683.000000    0.462122
  688.000000    0.469998
  693.000000    0.481352
  698.000000    0.471420
  703.000000    0.453892
  708.000000    0.441347
  713.000000    0.450938
  718.000000    0.491667
  723.000000    0.523257
  728.000000    0.530597
  733.000000    0.534365
  738.000000    0.539872
  743.000000    0.569745
  748.000000    0.590554
  753.000000    0.651810
  758.000000    0.680217
  763.000000    0.670220
  768.000000    0.687715
  773.000000    0.683886
  778.000000    0.683431
  783.000000    0.675736
  788.000000    0.664411
  793.000000    0.633487
  798.000000    0.611420
  803.000000    0.595757
  808.000000    0.577143
  813.000000    0.546066
  818.000000    0.495059
  823.000000    0.478228
  828.000000    0.458466
  833.000000    0.438404
  838.000000    0.415474
  843.000000    0.410687
  848.000000    0.445088
  853.000000    0.471343
  858.000000    0.513873
  863.000000    0.532691
  868.000000    0.579359
  873.000000    0.588176
  878.000000    0.612552
  883.000000    0.631305
  888.000000    0.653039
  893.000000    0.622708
  898.000000    0.604778
  903.000000    0.560971
  908.000000    0.570024
  913.000000    0.588078
  918.000000    0.577531
  923.000000    0.536248
  928.000000    0.506445
  933.000000    0.497512
  938.000000    0.513662
  943.000000    0.497783
  948.000000    0.520953
  953.000000    0.534512
  958.000000    0.567911
  963.000000    0.569576
  968.000000    0.604025
  973.000000    0.631043
  978.000000    0.653916
  983.000000    0.641445
  988.000000    0.597200
  993.000000    0.576978
  998.000000    0.566285
 1003.000000    0.552532
 1008.000000    0.547237
 1013.000000    0.543147
 1018.000000    0.494274
 1023.000000    0.499809
 1028.000000    0.516338
 1033.000000    0.522324
 1038.000000    0.522528
 1043.000000    0.570279
 1048.000000    0.595381
 1053.000000    0.648307
 1058.000000    0.645668
 1063.000000    0.661813
 1068.000000    0.667388
 1073.000000    0.692875
 1078.000000    0.710092
 1083.000000    0.708038
 1088.000000    0.691373
 1093.000000    0.685188
 1098.000000    0.662074
 1103.000000    0.669044
 1108.000000    0.652690
 1113.000000    0.634621
 1118.000000    0.617722
 1123.000000    0.625353
 1128.000000    0.614957
 1133.000000    0.609617
 1138.000000    0.614893
 1143.000000    0.601923
 1148.000000    0.593531
 1153.000000    0.567215
 1158.000000    0.564243
 1163.000000    0.563115
 1168.000000    0.606668
 1173.000000    0.571944
 1178.000000    0.538857
 1183.000000    0.546298
 1188.000000    0.547033
 1193.000000    0.541307
 1198.000000    0.538669
 1203.000000    0.506642
 1208.000000    0.473434
 1213.000000    0.452403
 1218.000000    0.444198
 1223.000000    0.435085
 1228.000000    0.483443
 1233.000000    0.504465
 1238.000000    0.490296
 1243.000000    0.492272
 1248.000000    0.516596
 1253.000000    0.540382
 1258.000000    0.493125
 1263.000000    0.451813
 1268.000000    0.445047
 1273.000000    0.429609
 1278.000000    0.408912
 1283.000000    0.380592
 1288.000000    0.410406
 1293.000000    0.428849
 1298.000000    0.419053
 1303.000000    0.449827
 1308.000000    0.484191
 1313.000000    0.519653
 1318.000000    0.536743
 1323.000000    0.567043
 1328.000000    0.564881
 1333.000000    0.573909
 1338.000000    0.550307
 1343.000000    0.524337
 1348.000000    0.529145
 1353.000000    0.521868
 1358.000000    0.473759
 1363.000000    0.440502
 1368.000000    0.406099
 1373.000000    0.412396
 1378.000000    0.423093
 1383.000000    0.459940
 1388.000000    0.477726
 1393.000000    0.468231
 1398.000000    0.480484
 1403.000000    0.482818
 1408.000000    0.485653
 1413.000000    0.516759
 1418.000000    0.560786
 1423.000000    0.522227
 1428.000000    0.498399
 1433.000000    0.493939
 1438.000000    0.492609
 1443.000000    0.479788
 1448.000000    0.479650
 1453.000000    0.489970
 1458.000000    0.498768
 1463.000000    0.511466
 1468.000000    0.532193
 1473.000000    0.551014
 1478.000000    0.580948
 1483.000000    0.611324
 1488.000000    0.636023
 1493.000000    0.653759
 1498.000000    0.662056
 1503.000000    0.670320
 1508.000000    0.666730
 1513.000000    0.643922
 1518.000000    0.635980
 1523.000000    0.639038
 1528.000000    0.636984
 1533.000000    0.635345
 1538.000000    0.659127
 1543.000000    0.669721
 1548.000000    0.649962
 1553.000000    0.628170
 1558.000000    0.621593
 1563.000000    0.640846
 1568.000000    0.629283
 1573.000000    0.626467
 1578.000000    0.602899
 1583.000000    0.562116
 1588.000000    0.560143
 1593.000000    0.524258
 1598.000000    0.504249
 1603.000000    0.501238
 1608.000000    0.523292
 1613.000000    0.539063
 1618.000000    0.546049
 1623.000000    0.604958
 1628.000000    0.618117
 1633.000000    0.625497
 1638.000000    0.609227
 1643.000000    0.615625
 1648.000000    0.593109
 1653.000000    0.593640
 1658.000000    0.595659
 1663.000000    0.598879
 1668.000000    0.602918
 1673.000000    0.584997
 1678.000000    0.594824
 1683.000000    0.623069
 1688.000000    0.654844
 1693.000000    0.704946
 1698.000000    0.743016
 1703.000000    0.744909
