#  pixel_depth  alphabetafraction   >  Analysis of alpha beta fraction
   72.000000    0.793884
   77.000000    0.791132
   82.000000    0.776360
   87.000000    0.773916
   92.000000    0.774862
   97.000000    0.742685
  102.000000    0.733810
  107.000000    0.715878
  112.000000    0.681358
  117.000000    0.670437
  122.000000    0.684561
  127.000000    0.658330
  132.000000    0.642088
  137.000000    0.627222
  142.000000    0.642328
  147.000000    0.634286
  152.000000    0.640354
  157.000000    0.670027
  162.000000    0.685869
  167.000000    0.708742
  172.000000    0.729497
  177.000000    0.729960
  182.000000    0.699714
  187.000000    0.667535
  192.000000    0.660352
  197.000000    0.666789
  202.000000    0.691666
  207.000000    0.704212
  212.000000    0.713423
  217.000000    0.715243
  222.000000    0.691851
  227.000000    0.702669
  232.000000    0.695209
  237.000000    0.693980
  242.000000    0.716202
  247.000000    0.717107
  252.000000    0.746584
  257.000000    0.775047
  262.000000    0.776697
  267.000000    0.778463
  272.000000    0.773969
  277.000000    0.790510
  282.000000    0.811658
  287.000000    0.845039
  292.000000    0.814832
  297.000000    0.809377
  302.000000    0.797689
  307.000000    0.777126
  312.000000    0.753648
  317.000000    0.731398
  322.000000    0.724978
  327.000000    0.742886
  332.000000    0.751545
  337.000000    0.724095
  342.000000    0.705817
  347.000000    0.695113
  352.000000    0.694746
  357.000000    0.683828
  362.000000    0.689238
  367.000000    0.682507
  372.000000    0.689337
  377.000000    0.699921
  382.000000    0.737578
  387.000000    0.741077
  392.000000    0.742264
  397.000000    0.771346
  402.000000    0.780113
  407.000000    0.786852
  412.000000    0.781238
  417.000000    0.740360
  422.000000    0.722355
  427.000000    0.722850
  432.000000    0.750554
  437.000000    0.787125
  442.000000    0.806426
  447.000000    0.798761
  452.000000    0.770495
  457.000000    0.769066
  462.000000    0.751188
  467.000000    0.799884
  472.000000    0.826946
  477.000000    0.835791
  482.000000    0.844055
  487.000000    0.855143
  492.000000    0.854636
  497.000000    0.840096
  502.000000    0.843333
  507.000000    0.854414
  512.000000    0.865311
  517.000000    0.862212
  522.000000    0.843635
  527.000000    0.824009
  532.000000    0.803423
  537.000000    0.811068
  542.000000    0.807800
  547.000000    0.807730
  552.000000    0.810134
  557.000000    0.800518
  562.000000    0.771140
  567.000000    0.731897
  572.000000    0.673410
  577.000000    0.684535
  582.000000    0.673805
  587.000000    0.657837
  592.000000    0.625464
  597.000000    0.619608
  602.000000    0.612645
  607.000000    0.642734
  612.000000    0.656968
  617.000000    0.657608
  622.000000    0.656967
  627.000000    0.659895
  632.000000    0.684347
  637.000000    0.762044
  642.000000    0.767894
  647.000000    0.756866
  652.000000    0.714254
  657.000000    0.711561
  662.000000    0.712528
  667.000000    0.711114
  672.000000    0.686375
  677.000000    0.698829
  682.000000    0.711251
  687.000000    0.746656
  692.000000    0.759304
  697.000000    0.770679
  702.000000    0.770692
  707.000000    0.764573
  712.000000    0.762895
  717.000000    0.788456
  722.000000    0.782743
  727.000000    0.788536
  732.000000    0.803357
  737.000000    0.777247
  742.000000    0.747722
  747.000000    0.751878
  752.000000    0.740761
  757.000000    0.712069
  762.000000    0.666183
  767.000000    0.645807
  772.000000    0.660339
  777.000000    0.663735
  782.000000    0.676696
  787.000000    0.663619
  792.000000    0.672120
  797.000000    0.655532
  802.000000    0.646905
  807.000000    0.681988
  812.000000    0.655736
  817.000000    0.674804
  822.000000    0.677578
  827.000000    0.682461
  832.000000    0.693756
  837.000000    0.701670
  842.000000    0.726226
  847.000000    0.722129
  852.000000    0.711577
  857.000000    0.711787
  862.000000    0.726493
  867.000000    0.742143
  872.000000    0.747365
  877.000000    0.724612
  882.000000    0.704023
  887.000000    0.692244
  892.000000    0.641385
  897.000000    0.646864
  902.000000    0.678146
  907.000000    0.675947
  912.000000    0.695712
  917.000000    0.688676
  922.000000    0.721215
  927.000000    0.744293
  932.000000    0.743734
  937.000000    0.730592
  942.000000    0.734091
  947.000000    0.731151
  952.000000    0.708391
  957.000000    0.703781
  962.000000    0.703983
  967.000000    0.721200
  972.000000    0.698496
  977.000000    0.648873
  982.000000    0.653558
  987.000000    0.648752
  992.000000    0.642588
  997.000000    0.650581
 1002.000000    0.633705
 1007.000000    0.619474
 1012.000000    0.651065
 1017.000000    0.663325
 1022.000000    0.714289
 1027.000000    0.744393
 1032.000000    0.739965
 1037.000000    0.732051
 1042.000000    0.737321
 1047.000000    0.757188
 1052.000000    0.754499
 1057.000000    0.773407
 1062.000000    0.793733
 1067.000000    0.802651
 1072.000000    0.785989
 1077.000000    0.802578
 1082.000000    0.814318
 1087.000000    0.809636
 1092.000000    0.796818
 1097.000000    0.773213
 1102.000000    0.757850
 1107.000000    0.731474
 1112.000000    0.699997
 1117.000000    0.680205
 1122.000000    0.685038
 1127.000000    0.712171
 1132.000000    0.702082
 1137.000000    0.707046
 1142.000000    0.695228
 1147.000000    0.667983
 1152.000000    0.695011
 1157.000000    0.702269
 1162.000000    0.695583
 1167.000000    0.701525
 1172.000000    0.705389
 1177.000000    0.747402
 1182.000000    0.756993
 1187.000000    0.769222
 1192.000000    0.788917
 1197.000000    0.787900
 1202.000000    0.761751
 1207.000000    0.731271
 1212.000000    0.711208
 1217.000000    0.678207
 1222.000000    0.679186
 1227.000000    0.676753
 1232.000000    0.685302
 1237.000000    0.713570
 1242.000000    0.707087
 1247.000000    0.716779
 1252.000000    0.725131
 1257.000000    0.747207
 1262.000000    0.757030
 1267.000000    0.735807
 1272.000000    0.756983
 1277.000000    0.772728
 1282.000000    0.763138
 1287.000000    0.778993
 1292.000000    0.762980
 1297.000000    0.717291
 1302.000000    0.738980
 1307.000000    0.747024
 1312.000000    0.753436
 1317.000000    0.787700
 1322.000000    0.779235
 1327.000000    0.764365
 1332.000000    0.773180
 1337.000000    0.767905
 1342.000000    0.749307
 1347.000000    0.753304
 1352.000000    0.763543
 1357.000000    0.770868
 1362.000000    0.781595
 1367.000000    0.768214
 1372.000000    0.780054
 1377.000000    0.789648
 1382.000000    0.792031
 1387.000000    0.787873
 1392.000000    0.775353
 1397.000000    0.763875
 1402.000000    0.769781
 1407.000000    0.746228
 1412.000000    0.731009
 1417.000000    0.697411
 1422.000000    0.689970
 1427.000000    0.712692
 1432.000000    0.709392
 1437.000000    0.696729
 1442.000000    0.722435
 1447.000000    0.700147
 1452.000000    0.704736
 1457.000000    0.722713
 1462.000000    0.746244
 1467.000000    0.760393
 1472.000000    0.726297
 1477.000000    0.675978
 1482.000000    0.672783
 1487.000000    0.692789
 1492.000000    0.674792
 1497.000000    0.677325
 1502.000000    0.681211
 1507.000000    0.665563
 1512.000000    0.663627
 1517.000000    0.666875
 1522.000000    0.685742
 1527.000000    0.697703
 1532.000000    0.643469
 1537.000000    0.601666
 1542.000000    0.594811
 1547.000000    0.591113
 1552.000000    0.580537
 1557.000000    0.630211
 1562.000000    0.665677
 1567.000000    0.691126
 1572.000000    0.706013
 1577.000000    0.733049
 1582.000000    0.741169
 1587.000000    0.766795
 1592.000000    0.756123
 1597.000000    0.735570
 1602.000000    0.728853
 1607.000000    0.705624
 1612.000000    0.690756
 1617.000000    0.685693
 1622.000000    0.688733
 1627.000000    0.685211
 1632.000000    0.690958
 1637.000000    0.653692
 1642.000000    0.628862
 1647.000000    0.655120
 1652.000000    0.708465
 1657.000000    0.714139
 1662.000000    0.688689
 1667.000000    0.667723
 1672.000000    0.669216
 1677.000000    0.669030
 1682.000000    0.675077
 1687.000000    0.685378
 1692.000000    0.695784
 1697.000000    0.673993
 1702.000000    0.645040
 1707.000000    0.637371
 1712.000000    0.623820
 1717.000000    0.653310
 1722.000000    0.658433
 1727.000000    0.674352
 1732.000000    0.682167
 1737.000000    0.671478
 1742.000000    0.638022
 1747.000000    0.624641
 1752.000000    0.612563
 1757.000000    0.595965
 1762.000000    0.567629
 1767.000000    0.538356
 1772.000000    0.548551
 1777.000000    0.577487
 1782.000000    0.597767
 1787.000000    0.617124
 1792.000000    0.619507
 1797.000000    0.622642
 1802.000000    0.620799
 1807.000000    0.627438
 1812.000000    0.671018
 1817.000000    0.666013
 1822.000000    0.628795
 1827.000000    0.621229
 1832.000000    0.652048
 1837.000000    0.668740
 1842.000000    0.656305
 1847.000000    0.637655
 1852.000000    0.629161
 1857.000000    0.609664
 1862.000000    0.610961
 1867.000000    0.606831
 1872.000000    0.597271
 1877.000000    0.597361
 1882.000000    0.596701
 1887.000000    0.634749
