#  pixel_depth  alphabetafraction   >  Analysis of alpha beta fraction
   47.000000    0.773435
   52.000000    0.790165
   57.000000    0.805158
   62.000000    0.852264
   67.000000    0.865401
   72.000000    0.859662
   77.000000    0.845076
   82.000000    0.837113
   87.000000    0.824013
   92.000000    0.790304
   97.000000    0.779227
  102.000000    0.747341
  107.000000    0.732015
  112.000000    0.734060
  117.000000    0.681736
  122.000000    0.655147
  127.000000    0.697123
  132.000000    0.715582
  137.000000    0.726577
  142.000000    0.720617
  147.000000    0.740414
  152.000000    0.794947
  157.000000    0.822399
  162.000000    0.852509
  167.000000    0.868873
  172.000000    0.851938
  177.000000    0.820538
  182.000000    0.788209
  187.000000    0.761930
  192.000000    0.733077
  197.000000    0.704387
  202.000000    0.731294
  207.000000    0.742218
  212.000000    0.766278
  217.000000    0.772696
  222.000000    0.787496
  227.000000    0.810625
  232.000000    0.806580
  237.000000    0.795274
  242.000000    0.797288
  247.000000    0.819898
  252.000000    0.822904
  257.000000    0.810385
  262.000000    0.789633
  267.000000    0.776460
  272.000000    0.771650
  277.000000    0.743663
  282.000000    0.741163
  287.000000    0.752195
  292.000000    0.758210
  297.000000    0.778791
  302.000000    0.796301
  307.000000    0.791509
  312.000000    0.779972
  317.000000    0.793856
  322.000000    0.800756
  327.000000    0.798666
  332.000000    0.808155
  337.000000    0.800306
  342.000000    0.791322
  347.000000    0.779047
  352.000000    0.732936
  357.000000    0.724969
  362.000000    0.690733
  367.000000    0.659876
  372.000000    0.663460
  377.000000    0.647786
  382.000000    0.642791
  387.000000    0.640432
  392.000000    0.670158
  397.000000    0.685582
  402.000000    0.711047
  407.000000    0.719216
  412.000000    0.760718
  417.000000    0.792512
  422.000000    0.807710
  427.000000    0.799712
  432.000000    0.808931
  437.000000    0.809900
  442.000000    0.804146
  447.000000    0.800978
  452.000000    0.790174
  457.000000    0.768151
  462.000000    0.729661
  467.000000    0.713799
  472.000000    0.696233
  477.000000    0.710466
  482.000000    0.715067
  487.000000    0.707821
  492.000000    0.702115
  497.000000    0.713694
  502.000000    0.739953
  507.000000    0.758946
  512.000000    0.768341
  517.000000    0.773860
  522.000000    0.779280
  527.000000    0.773807
  532.000000    0.764042
  537.000000    0.766624
  542.000000    0.767652
  547.000000    0.752654
  552.000000    0.760110
  557.000000    0.737665
  562.000000    0.741928
  567.000000    0.714311
  572.000000    0.677195
  577.000000    0.658756
  582.000000    0.645307
  587.000000    0.657547
  592.000000    0.649529
  597.000000    0.651587
  602.000000    0.647243
  607.000000    0.648142
  612.000000    0.657316
  617.000000    0.652519
  622.000000    0.645563
  627.000000    0.680718
  632.000000    0.691203
  637.000000    0.714033
  642.000000    0.765300
  647.000000    0.774259
  652.000000    0.786832
  657.000000    0.789067
  662.000000    0.811256
  667.000000    0.806789
  672.000000    0.788949
  677.000000    0.797943
  682.000000    0.819324
  687.000000    0.804695
  692.000000    0.816247
  697.000000    0.814207
  702.000000    0.819248
  707.000000    0.809748
  712.000000    0.790477
  717.000000    0.764688
  722.000000    0.755538
  727.000000    0.767646
  732.000000    0.768944
  737.000000    0.787357
  742.000000    0.809437
  747.000000    0.823244
  752.000000    0.823201
  757.000000    0.791631
  762.000000    0.761197
  767.000000    0.752549
  772.000000    0.778091
  777.000000    0.800526
  782.000000    0.832147
  787.000000    0.847912
  792.000000    0.855667
  797.000000    0.858512
  802.000000    0.862755
  807.000000    0.848729
  812.000000    0.823302
  817.000000    0.818727
  822.000000    0.786869
  827.000000    0.752940
  832.000000    0.745278
  837.000000    0.721357
  842.000000    0.691401
  847.000000    0.698304
  852.000000    0.696380
  857.000000    0.704729
  862.000000    0.702068
  867.000000    0.705478
  872.000000    0.706037
  877.000000    0.701527
  882.000000    0.739058
  887.000000    0.762587
  892.000000    0.784840
  897.000000    0.796390
  902.000000    0.791206
  907.000000    0.771160
  912.000000    0.749743
  917.000000    0.686593
  922.000000    0.651753
  927.000000    0.650420
  932.000000    0.639421
  937.000000    0.646838
  942.000000    0.665508
  947.000000    0.672040
  952.000000    0.681621
  957.000000    0.707913
  962.000000    0.754170
  967.000000    0.791287
  972.000000    0.814439
  977.000000    0.813459
  982.000000    0.833350
  987.000000    0.827722
  992.000000    0.834916
  997.000000    0.857327
 1002.000000    0.864044
 1007.000000    0.861526
 1012.000000    0.826998
 1017.000000    0.808215
 1022.000000    0.809720
 1027.000000    0.809037
 1032.000000    0.824122
 1037.000000    0.837689
 1042.000000    0.827980
 1047.000000    0.800010
 1052.000000    0.759862
 1057.000000    0.716808
 1062.000000    0.719448
 1067.000000    0.721126
 1072.000000    0.702697
 1077.000000    0.698247
 1082.000000    0.681064
 1087.000000    0.669945
 1092.000000    0.673377
 1097.000000    0.686836
 1102.000000    0.675999
 1107.000000    0.694973
 1112.000000    0.723140
 1117.000000    0.716788
 1122.000000    0.733722
 1127.000000    0.727497
 1132.000000    0.704552
 1137.000000    0.708728
 1142.000000    0.730763
 1147.000000    0.763123
 1152.000000    0.788185
 1157.000000    0.830823
 1162.000000    0.838711
 1167.000000    0.843926
 1172.000000    0.834105
 1177.000000    0.848343
 1182.000000    0.851922
 1187.000000    0.843281
 1192.000000    0.823211
 1197.000000    0.756021
 1202.000000    0.706877
 1207.000000    0.685231
 1212.000000    0.687282
 1217.000000    0.681866
 1222.000000    0.703891
 1227.000000    0.740362
 1232.000000    0.760114
 1237.000000    0.763519
 1242.000000    0.754642
 1247.000000    0.759329
 1252.000000    0.765833
 1257.000000    0.765507
 1262.000000    0.770651
 1267.000000    0.791513
 1272.000000    0.802431
 1277.000000    0.803020
 1282.000000    0.798413
 1287.000000    0.775448
 1292.000000    0.775620
 1297.000000    0.807224
 1302.000000    0.834614
 1307.000000    0.822959
 1312.000000    0.794940
 1317.000000    0.797509
 1322.000000    0.800893
 1327.000000    0.809768
 1332.000000    0.802407
 1337.000000    0.812345
 1342.000000    0.800744
 1347.000000    0.807917
 1352.000000    0.792048
 1357.000000    0.765972
 1362.000000    0.774210
 1367.000000    0.797795
 1372.000000    0.789914
 1377.000000    0.804928
 1382.000000    0.803350
 1387.000000    0.792557
 1392.000000    0.806434
 1397.000000    0.796243
 1402.000000    0.752610
 1407.000000    0.751915
 1412.000000    0.746787
 1417.000000    0.726225
 1422.000000    0.744660
 1427.000000    0.713092
 1432.000000    0.681925
 1437.000000    0.661537
 1442.000000    0.650155
 1447.000000    0.663651
 1452.000000    0.701936
 1457.000000    0.716194
 1462.000000    0.729935
 1467.000000    0.736175
 1472.000000    0.689704
 1477.000000    0.636844
 1482.000000    0.635044
 1487.000000    0.630991
 1492.000000    0.602824
 1497.000000    0.607140
 1502.000000    0.627268
 1507.000000    0.612810
 1512.000000    0.624409
 1517.000000    0.690123
 1522.000000    0.744484
 1527.000000    0.748645
 1532.000000    0.752862
 1537.000000    0.742516
 1542.000000    0.703187
 1547.000000    0.723757
 1552.000000    0.729010
 1557.000000    0.721422
 1562.000000    0.704432
 1567.000000    0.704134
 1572.000000    0.711722
 1577.000000    0.712954
 1582.000000    0.663226
 1587.000000    0.685051
 1592.000000    0.662433
 1597.000000    0.634432
 1602.000000    0.618597
 1607.000000    0.586736
 1612.000000    0.541540
 1617.000000    0.524850
 1622.000000    0.518005
 1627.000000    0.524924
 1632.000000    0.534137
 1637.000000    0.532678
 1642.000000    0.554605
 1647.000000    0.593272
 1652.000000    0.629875
 1657.000000    0.673549
 1662.000000    0.720236
 1667.000000    0.740679
 1672.000000    0.764886
 1677.000000    0.794980
 1682.000000    0.813284
 1687.000000    0.813653
 1692.000000    0.823221
 1697.000000    0.802958
 1702.000000    0.793892
 1707.000000    0.769603
 1712.000000    0.748217
 1717.000000    0.719914
 1722.000000    0.685345
 1727.000000    0.649526
 1732.000000    0.618004
 1737.000000    0.607307
 1742.000000    0.617595
 1747.000000    0.640319
 1752.000000    0.645468
 1757.000000    0.663649
 1762.000000    0.674742
 1767.000000    0.665636
 1772.000000    0.670828
 1777.000000    0.674813
 1782.000000    0.696990
 1787.000000    0.716859
 1792.000000    0.711966
 1797.000000    0.738572
 1802.000000    0.718510
 1807.000000    0.707715
 1812.000000    0.713605
 1817.000000    0.667370
 1822.000000    0.664014
 1827.000000    0.649953
 1832.000000    0.614946
 1837.000000    0.611232
 1842.000000    0.606750
 1847.000000    0.672913
 1852.000000    0.682594
 1857.000000    0.691797
 1862.000000    0.716068
 1867.000000    0.756471
 1872.000000    0.750197
 1877.000000    0.726610
 1882.000000    0.744290
