#  pixel_depth  alphabetafraction   >  Analysis of alpha beta fraction
  185.000000    0.738840
  190.000000    0.759522
  195.000000    0.758091
  200.000000    0.745644
  205.000000    0.722218
  210.000000    0.683384
  215.000000    0.642600
  220.000000    0.622748
  225.000000    0.578911
  230.000000    0.564671
  235.000000    0.555207
  240.000000    0.597986
  245.000000    0.627963
  250.000000    0.633795
  255.000000    0.616772
  260.000000    0.614531
  265.000000    0.622066
  270.000000    0.664694
  275.000000    0.697017
  280.000000    0.717496
  285.000000    0.692934
  290.000000    0.696953
  295.000000    0.733470
  300.000000    0.730023
  305.000000    0.705574
  310.000000    0.685891
  315.000000    0.674237
  320.000000    0.673130
  325.000000    0.682733
  330.000000    0.657670
  335.000000    0.619944
  340.000000    0.593440
  345.000000    0.547849
  350.000000    0.525690
  355.000000    0.530469
  360.000000    0.531460
  365.000000    0.547603
  370.000000    0.572104
  375.000000    0.593096
  380.000000    0.584114
  385.000000    0.581634
  390.000000    0.606484
  395.000000    0.614915
  400.000000    0.604519
  405.000000    0.604964
  410.000000    0.605289
  415.000000    0.585570
  420.000000    0.576848
  425.000000    0.590120
  430.000000    0.606992
  435.000000    0.625989
  440.000000    0.642699
  445.000000    0.640094
  450.000000    0.609851
  455.000000    0.621925
  460.000000    0.599531
  465.000000    0.614267
  470.000000    0.598748
  475.000000    0.615439
  480.000000    0.574925
  485.000000    0.536476
  490.000000    0.498121
  495.000000    0.513030
  500.000000    0.504976
  505.000000    0.503795
  510.000000    0.492394
  515.000000    0.523181
  520.000000    0.522083
  525.000000    0.536703
  530.000000    0.563800
  535.000000    0.601391
  540.000000    0.615247
  545.000000    0.597877
  550.000000    0.609027
  555.000000    0.614401
  560.000000    0.620635
  565.000000    0.596746
  570.000000    0.593051
  575.000000    0.570223
  580.000000    0.578038
  585.000000    0.565584
  590.000000    0.598311
  595.000000    0.597357
  600.000000    0.604020
  605.000000    0.629467
  610.000000    0.634307
  615.000000    0.639818
  620.000000    0.653201
  625.000000    0.662846
  630.000000    0.654627
  635.000000    0.630986
  640.000000    0.654698
  645.000000    0.675022
  650.000000    0.675116
  655.000000    0.674908
  660.000000    0.690825
  665.000000    0.682138
  670.000000    0.682655
  675.000000    0.676856
  680.000000    0.686233
  685.000000    0.668670
  690.000000    0.670450
  695.000000    0.681212
  700.000000    0.628046
  705.000000    0.618428
  710.000000    0.609906
  715.000000    0.581118
  720.000000    0.571288
  725.000000    0.586955
  730.000000    0.592378
  735.000000    0.561585
  740.000000    0.604326
  745.000000    0.623444
  750.000000    0.626527
  755.000000    0.654135
  760.000000    0.665824
  765.000000    0.655629
  770.000000    0.639555
  775.000000    0.640081
  780.000000    0.651953
  785.000000    0.637905
  790.000000    0.653448
  795.000000    0.668210
  800.000000    0.673339
  805.000000    0.652229
  810.000000    0.648100
  815.000000    0.638059
  820.000000    0.637665
  825.000000    0.641660
  830.000000    0.673920
  835.000000    0.696735
  840.000000    0.695345
  845.000000    0.695771
  850.000000    0.703059
  855.000000    0.719158
  860.000000    0.676206
  865.000000    0.670613
  870.000000    0.629391
  875.000000    0.620320
  880.000000    0.627964
  885.000000    0.643041
  890.000000    0.639798
  895.000000    0.619755
  900.000000    0.609924
  905.000000    0.630735
  910.000000    0.638924
  915.000000    0.631337
  920.000000    0.604642
  925.000000    0.566719
  930.000000    0.583115
  935.000000    0.616018
  940.000000    0.631977
  945.000000    0.640145
  950.000000    0.634834
  955.000000    0.667675
  960.000000    0.665092
  965.000000    0.661960
  970.000000    0.683146
  975.000000    0.690302
  980.000000    0.694215
  985.000000    0.705329
  990.000000    0.701926
  995.000000    0.685001
 1000.000000    0.676272
 1005.000000    0.657321
 1010.000000    0.645918
 1015.000000    0.662798
 1020.000000    0.694853
 1025.000000    0.721578
 1030.000000    0.692857
 1035.000000    0.695007
 1040.000000    0.711418
 1045.000000    0.705979
 1050.000000    0.699272
 1055.000000    0.682575
 1060.000000    0.675798
 1065.000000    0.698355
 1070.000000    0.681894
 1075.000000    0.660287
 1080.000000    0.632940
 1085.000000    0.664372
 1090.000000    0.703797
 1095.000000    0.688719
 1100.000000    0.675454
 1105.000000    0.657856
 1110.000000    0.651456
 1115.000000    0.614055
 1120.000000    0.622140
 1125.000000    0.629589
 1130.000000    0.614291
 1135.000000    0.627155
 1140.000000    0.632678
 1145.000000    0.647744
 1150.000000    0.673822
 1155.000000    0.688570
 1160.000000    0.668353
 1165.000000    0.656364
 1170.000000    0.629593
 1175.000000    0.608301
 1180.000000    0.598455
 1185.000000    0.607414
 1190.000000    0.627085
 1195.000000    0.653225
 1200.000000    0.674277
 1205.000000    0.686127
 1210.000000    0.697135
 1215.000000    0.712013
 1220.000000    0.704064
 1225.000000    0.718271
 1230.000000    0.735509
 1235.000000    0.754081
 1240.000000    0.777951
 1245.000000    0.759917
 1250.000000    0.746999
 1255.000000    0.733162
 1260.000000    0.720728
 1265.000000    0.729035
 1270.000000    0.725862
 1275.000000    0.717312
 1280.000000    0.689397
 1285.000000    0.664205
 1290.000000    0.657225
 1295.000000    0.645457
 1300.000000    0.625211
 1305.000000    0.586754
 1310.000000    0.556796
 1315.000000    0.573015
 1320.000000    0.588717
 1325.000000    0.601855
 1330.000000    0.602353
 1335.000000    0.571881
 1340.000000    0.553982
 1345.000000    0.540722
 1350.000000    0.548600
 1355.000000    0.593280
 1360.000000    0.599739
 1365.000000    0.594363
 1370.000000    0.644912
 1375.000000    0.673182
 1380.000000    0.647341
 1385.000000    0.658790
 1390.000000    0.657073
 1395.000000    0.653276
 1400.000000    0.660569
 1405.000000    0.671432
 1410.000000    0.670986
 1415.000000    0.696811
 1420.000000    0.695100
 1425.000000    0.707858
 1430.000000    0.698246
 1435.000000    0.707924
 1440.000000    0.684840
 1445.000000    0.663620
 1450.000000    0.662126
 1455.000000    0.686508
 1460.000000    0.708023
 1465.000000    0.711900
 1470.000000    0.710890
 1475.000000    0.703920
 1480.000000    0.688928
 1485.000000    0.680149
 1490.000000    0.671824
 1495.000000    0.652853
 1500.000000    0.662124
 1505.000000    0.683883
 1510.000000    0.671019
 1515.000000    0.644344
 1520.000000    0.623163
 1525.000000    0.660654
 1530.000000    0.662532
 1535.000000    0.638897
 1540.000000    0.636553
 1545.000000    0.630513
 1550.000000    0.611976
 1555.000000    0.575945
 1560.000000    0.555824
 1565.000000    0.573240
 1570.000000    0.590174
 1575.000000    0.604328
 1580.000000    0.588398
 1585.000000    0.588159
 1590.000000    0.607312
 1595.000000    0.602389
 1600.000000    0.587293
 1605.000000    0.596110
 1610.000000    0.645475
 1615.000000    0.637240
 1620.000000    0.670884
 1625.000000    0.687567
 1630.000000    0.676867
 1635.000000    0.687108
 1640.000000    0.693965
 1645.000000    0.685368
 1650.000000    0.703080
 1655.000000    0.740092
 1660.000000    0.736029
 1665.000000    0.743606
 1670.000000    0.739685
 1675.000000    0.731740
 1680.000000    0.739569
 1685.000000    0.718781
 1690.000000    0.713189
 1695.000000    0.699256
 1700.000000    0.697411
 1705.000000    0.715855
 1710.000000    0.720678
 1715.000000    0.696797
 1720.000000    0.683214
 1725.000000    0.698732
 1730.000000    0.723261
 1735.000000    0.745378
 1740.000000    0.766367
 1745.000000    0.767050
 1750.000000    0.761636
 1755.000000    0.758454
 1760.000000    0.755002
 1765.000000    0.760184
 1770.000000    0.773832
 1775.000000    0.770081
 1780.000000    0.764760
 1785.000000    0.748909
