#  pixel_depth  alphabetafraction   >  Analysis of alpha beta fraction
  176.000000    0.632135
  181.000000    0.601795
  186.000000    0.583637
  191.000000    0.557171
  196.000000    0.604693
  201.000000    0.669493
  206.000000    0.736872
  211.000000    0.753505
  216.000000    0.774291
  221.000000    0.792695
  226.000000    0.823163
  231.000000    0.843957
  236.000000    0.853862
  241.000000    0.858688
  246.000000    0.845234
  251.000000    0.790477
  256.000000    0.756789
  261.000000    0.748673
  266.000000    0.735110
  271.000000    0.725160
  276.000000    0.697669
  281.000000    0.670684
  286.000000    0.648364
  291.000000    0.647106
  296.000000    0.624721
  301.000000    0.564188
  306.000000    0.566564
  311.000000    0.588126
  316.000000    0.594200
  321.000000    0.594987
  326.000000    0.627510
  331.000000    0.659819
  336.000000    0.672135
  341.000000    0.678021
  346.000000    0.671316
  351.000000    0.677389
  356.000000    0.693056
  361.000000    0.709364
  366.000000    0.709067
  371.000000    0.689872
  376.000000    0.677888
  381.000000    0.668049
  386.000000    0.656266
  391.000000    0.643501
  396.000000    0.636774
  401.000000    0.643974
  406.000000    0.618735
  411.000000    0.599556
  416.000000    0.591842
  421.000000    0.584338
  426.000000    0.584392
  431.000000    0.565166
  436.000000    0.516838
  441.000000    0.490044
  446.000000    0.507398
  451.000000    0.519203
  456.000000    0.541061
  461.000000    0.568854
  466.000000    0.582368
  471.000000    0.590748
  476.000000    0.617567
  481.000000    0.656237
  486.000000    0.707163
  491.000000    0.710351
  496.000000    0.675595
  501.000000    0.657666
  506.000000    0.649737
  511.000000    0.657953
  516.000000    0.680588
  521.000000    0.694693
  526.000000    0.695464
  531.000000    0.701543
  536.000000    0.753689
  541.000000    0.754265
  546.000000    0.722647
  551.000000    0.725696
  556.000000    0.734020
  561.000000    0.687095
  566.000000    0.639227
  571.000000    0.607109
  576.000000    0.580334
  581.000000    0.584295
  586.000000    0.609737
  591.000000    0.620581
  596.000000    0.652307
  601.000000    0.691127
  606.000000    0.705285
  611.000000    0.729087
  616.000000    0.758110
  621.000000    0.778005
  626.000000    0.767929
  631.000000    0.785944
  636.000000    0.811233
  641.000000    0.808949
  646.000000    0.772635
  651.000000    0.740450
  656.000000    0.718320
  661.000000    0.697804
  666.000000    0.687109
  671.000000    0.695692
  676.000000    0.696792
  681.000000    0.711982
  686.000000    0.723811
  691.000000    0.746608
  696.000000    0.748468
  701.000000    0.744682
  706.000000    0.732036
  711.000000    0.733624
  716.000000    0.747585
  721.000000    0.766984
  726.000000    0.780568
  731.000000    0.767640
  736.000000    0.765810
  741.000000    0.760776
  746.000000    0.755669
  751.000000    0.752405
  756.000000    0.746151
  761.000000    0.728327
  766.000000    0.692102
  771.000000    0.691838
  776.000000    0.665972
  781.000000    0.640952
  786.000000    0.606880
  791.000000    0.581217
  796.000000    0.583620
  801.000000    0.599226
  806.000000    0.595781
  811.000000    0.605915
  816.000000    0.631413
  821.000000    0.651297
  826.000000    0.686510
  831.000000    0.694883
  836.000000    0.706055
  841.000000    0.723797
  846.000000    0.715017
  851.000000    0.711876
  856.000000    0.722737
  861.000000    0.731799
  866.000000    0.716143
  871.000000    0.696898
  876.000000    0.715590
  881.000000    0.726090
  886.000000    0.727644
  891.000000    0.726094
  896.000000    0.724589
  901.000000    0.741781
  906.000000    0.755189
  911.000000    0.755147
  916.000000    0.744391
  921.000000    0.722863
  926.000000    0.701119
  931.000000    0.678706
  936.000000    0.654159
  941.000000    0.645321
  946.000000    0.647293
  951.000000    0.666622
  956.000000    0.693002
  961.000000    0.710360
  966.000000    0.713465
  971.000000    0.732450
  976.000000    0.740207
  981.000000    0.788241
  986.000000    0.791979
  991.000000    0.805410
  996.000000    0.797935
 1001.000000    0.786960
 1006.000000    0.758837
 1011.000000    0.744244
 1016.000000    0.753832
 1021.000000    0.746699
 1026.000000    0.764505
 1031.000000    0.782343
 1036.000000    0.772149
 1041.000000    0.744021
 1046.000000    0.721933
 1051.000000    0.688220
 1056.000000    0.661249
 1061.000000    0.598512
 1066.000000    0.608787
 1071.000000    0.614071
 1076.000000    0.622262
 1081.000000    0.628579
 1086.000000    0.628008
 1091.000000    0.614590
 1096.000000    0.628187
 1101.000000    0.673366
 1106.000000    0.719618
 1111.000000    0.745320
 1116.000000    0.741079
 1121.000000    0.738972
 1126.000000    0.724390
 1131.000000    0.719696
 1136.000000    0.728810
 1141.000000    0.691467
 1146.000000    0.679036
 1151.000000    0.700865
 1156.000000    0.732869
 1161.000000    0.766195
 1166.000000    0.791788
 1171.000000    0.822874
 1176.000000    0.821797
 1181.000000    0.814600
 1186.000000    0.804414
 1191.000000    0.805821
 1196.000000    0.810954
 1201.000000    0.807975
 1206.000000    0.781449
 1211.000000    0.758616
 1216.000000    0.771961
 1221.000000    0.769873
 1226.000000    0.766553
 1231.000000    0.749540
 1236.000000    0.721280
 1241.000000    0.699456
 1246.000000    0.673752
 1251.000000    0.642455
 1256.000000    0.598865
 1261.000000    0.538413
 1266.000000    0.519364
 1271.000000    0.509202
 1276.000000    0.506060
 1281.000000    0.518339
 1286.000000    0.536855
 1291.000000    0.543096
 1296.000000    0.551482
 1301.000000    0.551717
 1306.000000    0.558187
 1311.000000    0.583618
 1316.000000    0.611890
 1321.000000    0.646964
 1326.000000    0.658816
 1331.000000    0.669796
 1336.000000    0.685309
 1341.000000    0.676862
 1346.000000    0.642814
 1351.000000    0.626083
 1356.000000    0.618239
 1361.000000    0.644483
 1366.000000    0.659655
 1371.000000    0.661699
 1376.000000    0.666846
 1381.000000    0.656222
 1386.000000    0.647292
 1391.000000    0.660366
 1396.000000    0.681039
 1401.000000    0.672641
 1406.000000    0.678840
 1411.000000    0.672927
 1416.000000    0.650869
 1421.000000    0.667745
 1426.000000    0.700502
 1431.000000    0.730637
 1436.000000    0.733822
 1441.000000    0.730217
 1446.000000    0.735450
 1451.000000    0.730323
 1456.000000    0.700250
 1461.000000    0.694694
 1466.000000    0.682693
 1471.000000    0.680981
 1476.000000    0.689525
 1481.000000    0.688002
 1486.000000    0.674027
 1491.000000    0.655076
 1496.000000    0.612621
 1501.000000    0.592953
 1506.000000    0.613703
 1511.000000    0.609231
 1516.000000    0.632596
 1521.000000    0.650591
 1526.000000    0.655199
 1531.000000    0.664398
 1536.000000    0.690423
 1541.000000    0.690329
 1546.000000    0.718895
 1551.000000    0.737191
 1556.000000    0.760649
 1561.000000    0.784623
 1566.000000    0.777084
 1571.000000    0.762655
 1576.000000    0.759630
 1581.000000    0.761964
 1586.000000    0.784023
 1591.000000    0.771794
 1596.000000    0.747173
 1601.000000    0.701004
 1606.000000    0.694319
 1611.000000    0.694005
 1616.000000    0.723128
 1621.000000    0.741014
 1626.000000    0.732014
 1631.000000    0.717699
 1636.000000    0.700009
 1641.000000    0.663818
 1646.000000    0.648165
 1651.000000    0.647929
 1656.000000    0.682177
 1661.000000    0.688310
 1666.000000    0.676221
 1671.000000    0.644838
 1676.000000    0.658534
 1681.000000    0.703731
 1686.000000    0.700717
 1691.000000    0.695377
 1696.000000    0.675676
 1701.000000    0.653071
 1706.000000    0.636894
 1711.000000    0.582780
 1716.000000    0.604713
 1721.000000    0.619555
 1726.000000    0.621322
 1731.000000    0.623043
 1736.000000    0.631523
 1741.000000    0.613386
 1746.000000    0.621172
 1751.000000    0.626845
 1756.000000    0.626480
 1761.000000    0.648492
 1766.000000    0.677042
 1771.000000    0.704396
 1776.000000    0.704983
 1781.000000    0.709535
 1786.000000    0.723598
 1791.000000    0.753179
 1796.000000    0.765792
 1801.000000    0.758521
 1806.000000    0.739139
 1811.000000    0.713501
 1816.000000    0.673560
 1821.000000    0.658314
 1826.000000    0.628436
 1831.000000    0.627174
 1836.000000    0.617054
 1841.000000    0.607778
 1846.000000    0.606336
 1851.000000    0.624800
 1856.000000    0.647725
 1861.000000    0.670636
 1866.000000    0.677469
 1871.000000    0.722000
 1876.000000    0.740511
