#  pixel_depth  alphabetafraction   >  Analysis of alpha beta fraction
  141.000000    0.729336
  146.000000    0.744561
  151.000000    0.766915
  156.000000    0.760904
  161.000000    0.786892
  166.000000    0.792908
  171.000000    0.746121
  176.000000    0.716226
  181.000000    0.687503
  186.000000    0.682212
  191.000000    0.689088
  196.000000    0.701678
  201.000000    0.698335
  206.000000    0.707151
  211.000000    0.691916
  216.000000    0.705847
  221.000000    0.734322
  226.000000    0.748158
  231.000000    0.761481
  236.000000    0.743047
  241.000000    0.698803
  246.000000    0.721680
  251.000000    0.736286
  256.000000    0.731306
  261.000000    0.726135
  266.000000    0.712142
  271.000000    0.751173
  276.000000    0.771946
  281.000000    0.768240
  286.000000    0.758527
  291.000000    0.746218
  296.000000    0.726446
  301.000000    0.678215
  306.000000    0.665689
  311.000000    0.692774
  316.000000    0.695423
  321.000000    0.698117
  326.000000    0.694886
  331.000000    0.684741
  336.000000    0.677947
  341.000000    0.657415
  346.000000    0.665533
  351.000000    0.676792
  356.000000    0.748646
  361.000000    0.804555
  366.000000    0.837463
  371.000000    0.832642
  376.000000    0.845197
  381.000000    0.853877
  386.000000    0.821688
  391.000000    0.773220
  396.000000    0.751332
  401.000000    0.746017
  406.000000    0.741019
  411.000000    0.730611
  416.000000    0.741172
  421.000000    0.727597
  426.000000    0.781158
  431.000000    0.799156
  436.000000    0.768009
  441.000000    0.740206
  446.000000    0.716966
  451.000000    0.713072
  456.000000    0.701870
  461.000000    0.685733
  466.000000    0.688709
  471.000000    0.680629
  476.000000    0.675018
  481.000000    0.663580
  486.000000    0.689240
  491.000000    0.720475
  496.000000    0.733719
  501.000000    0.750760
  506.000000    0.751424
  511.000000    0.764675
  516.000000    0.747452
  521.000000    0.729338
  526.000000    0.725261
  531.000000    0.765310
  536.000000    0.774169
  541.000000    0.781583
  546.000000    0.786397
  551.000000    0.741932
  556.000000    0.740480
  561.000000    0.742054
  566.000000    0.757054
  571.000000    0.753514
  576.000000    0.757698
  581.000000    0.779134
  586.000000    0.780274
  591.000000    0.782718
  596.000000    0.784588
  601.000000    0.756026
  606.000000    0.715758
  611.000000    0.676810
  616.000000    0.664020
  621.000000    0.688517
  626.000000    0.690691
  631.000000    0.708044
  636.000000    0.701556
  641.000000    0.684226
  646.000000    0.689881
  651.000000    0.787411
  656.000000    0.818887
  661.000000    0.814296
  666.000000    0.739788
  671.000000    0.729393
  676.000000    0.748290
  681.000000    0.764842
  686.000000    0.715458
  691.000000    0.739987
  696.000000    0.708307
  701.000000    0.706327
  706.000000    0.725340
  711.000000    0.699366
  716.000000    0.677895
  721.000000    0.692738
  726.000000    0.701343
  731.000000    0.692141
  736.000000    0.702869
  741.000000    0.713316
  746.000000    0.726276
  751.000000    0.759666
  756.000000    0.759371
  761.000000    0.771028
  766.000000    0.785127
  771.000000    0.777270
  776.000000    0.753582
  781.000000    0.743917
  786.000000    0.728065
  791.000000    0.727177
  796.000000    0.718365
  801.000000    0.701110
  806.000000    0.685618
  811.000000    0.684198
  816.000000    0.691782
  821.000000    0.697798
  826.000000    0.705275
  831.000000    0.688355
  836.000000    0.703702
  841.000000    0.706344
  846.000000    0.702354
  851.000000    0.705383
  856.000000    0.696879
  861.000000    0.699615
  866.000000    0.697845
  871.000000    0.684699
  876.000000    0.662630
  881.000000    0.672952
  886.000000    0.651911
  891.000000    0.620132
  896.000000    0.600811
  901.000000    0.597751
  906.000000    0.630669
  911.000000    0.596159
  916.000000    0.590972
  921.000000    0.630328
  926.000000    0.647475
  931.000000    0.684747
  936.000000    0.696947
  941.000000    0.726023
  946.000000    0.747340
  951.000000    0.730326
  956.000000    0.692023
  961.000000    0.685743
  966.000000    0.632900
  971.000000    0.610805
  976.000000    0.636588
  981.000000    0.651667
  986.000000    0.631519
  991.000000    0.650185
  996.000000    0.663157
 1001.000000    0.648639
 1006.000000    0.644511
 1011.000000    0.666413
 1016.000000    0.682261
 1021.000000    0.677321
 1026.000000    0.645128
 1031.000000    0.662601
 1036.000000    0.672367
 1041.000000    0.675090
 1046.000000    0.665840
 1051.000000    0.652866
 1056.000000    0.636080
 1061.000000    0.614016
 1066.000000    0.543133
 1071.000000    0.547055
 1076.000000    0.579341
 1081.000000    0.631738
 1086.000000    0.660665
 1091.000000    0.710419
 1096.000000    0.744512
 1101.000000    0.754528
 1106.000000    0.732614
 1111.000000    0.702607
 1116.000000    0.688806
 1121.000000    0.693163
 1126.000000    0.667626
 1131.000000    0.671908
 1136.000000    0.668103
 1141.000000    0.671579
 1146.000000    0.655537
 1151.000000    0.650219
 1156.000000    0.654484
 1161.000000    0.658491
 1166.000000    0.684616
 1171.000000    0.712100
 1176.000000    0.719850
 1181.000000    0.720969
 1186.000000    0.677356
 1191.000000    0.662008
 1196.000000    0.638748
 1201.000000    0.610800
 1206.000000    0.612213
 1211.000000    0.606218
 1216.000000    0.614175
 1221.000000    0.636988
 1226.000000    0.666643
 1231.000000    0.699149
 1236.000000    0.687652
 1241.000000    0.697278
 1246.000000    0.687565
 1251.000000    0.681376
 1256.000000    0.666830
 1261.000000    0.662635
 1266.000000    0.659545
 1271.000000    0.656251
 1276.000000    0.602169
 1281.000000    0.610324
 1286.000000    0.600385
 1291.000000    0.600942
 1296.000000    0.600412
 1301.000000    0.625560
 1306.000000    0.640995
 1311.000000    0.687740
 1316.000000    0.707459
 1321.000000    0.737157
 1326.000000    0.764874
 1331.000000    0.791606
 1336.000000    0.784686
 1341.000000    0.776044
 1346.000000    0.782204
 1351.000000    0.778653
 1356.000000    0.759096
 1361.000000    0.723107
 1366.000000    0.696706
 1371.000000    0.689938
 1376.000000    0.686037
 1381.000000    0.697386
 1386.000000    0.685200
 1391.000000    0.697775
 1396.000000    0.680806
 1401.000000    0.658547
 1406.000000    0.659049
 1411.000000    0.661931
 1416.000000    0.667896
 1421.000000    0.703801
 1426.000000    0.725158
 1431.000000    0.728070
 1436.000000    0.722057
 1441.000000    0.708960
 1446.000000    0.697758
 1451.000000    0.701021
 1456.000000    0.710362
 1461.000000    0.765003
 1466.000000    0.776371
 1471.000000    0.781877
 1476.000000    0.771164
 1481.000000    0.765068
 1486.000000    0.764453
 1491.000000    0.739193
 1496.000000    0.733642
 1501.000000    0.724252
 1506.000000    0.699508
 1511.000000    0.635140
 1516.000000    0.614474
 1521.000000    0.566015
 1526.000000    0.561689
 1531.000000    0.591773
 1536.000000    0.674208
 1541.000000    0.742467
 1546.000000    0.782052
 1551.000000    0.747220
 1556.000000    0.743557
 1561.000000    0.766923
 1566.000000    0.768741
 1571.000000    0.747350
 1576.000000    0.765007
 1581.000000    0.778879
 1586.000000    0.763302
 1591.000000    0.767978
 1596.000000    0.767276
 1601.000000    0.777970
 1606.000000    0.542366
 1611.000000    0.548027
 1616.000000    0.779116
 1621.000000    0.735133
 1626.000000    0.730564
 1631.000000    0.707583
 1636.000000    0.693920
 1641.000000    0.696876
 1646.000000    0.705226
 1651.000000    0.723700
