#  pixel_depth  alphabetafraction   >  Analysis of alpha beta fraction
  230.000000    0.609537
  235.000000    0.595296
  240.000000    0.594850
  245.000000    0.606859
  250.000000    0.594074
  255.000000    0.604238
  260.000000    0.576002
  265.000000    0.551493
  270.000000    0.541161
  275.000000    0.533874
  280.000000    0.549503
  285.000000    0.529355
  290.000000    0.554188
  295.000000    0.608434
  300.000000    0.620795
  305.000000    0.642305
  310.000000    0.686848
  315.000000    0.680931
  320.000000    0.676775
  325.000000    0.706176
  330.000000    0.718275
  335.000000    0.718980
  340.000000    0.691049
  345.000000    0.680559
  350.000000    0.659901
  355.000000    0.640367
  360.000000    0.647811
  365.000000    0.624105
  370.000000    0.596799
  375.000000    0.575490
  380.000000    0.556716
  385.000000    0.545144
  390.000000    0.542803
  395.000000    0.560665
  400.000000    0.569854
  405.000000    0.576124
  410.000000    0.583219
  415.000000    0.568412
  420.000000    0.555632
  425.000000    0.533748
  430.000000    0.548642
  435.000000    0.529552
  440.000000    0.518747
  445.000000    0.519665
  450.000000    0.537104
  455.000000    0.552481
  460.000000    0.575078
  465.000000    0.573670
  470.000000    0.549397
  475.000000    0.580994
  480.000000    0.600031
  485.000000    0.578949
  490.000000    0.557750
  495.000000    0.567379
  500.000000    0.573874
  505.000000    0.569282
  510.000000    0.575090
  515.000000    0.537605
  520.000000    0.524818
  525.000000    0.537575
  530.000000    0.551206
  535.000000    0.573174
  540.000000    0.598791
  545.000000    0.659805
  550.000000    0.678230
  555.000000    0.673113
  560.000000    0.665881
  565.000000    0.662615
  570.000000    0.657611
  575.000000    0.657430
  580.000000    0.672792
  585.000000    0.668148
  590.000000    0.657289
  595.000000    0.652297
  600.000000    0.633113
  605.000000    0.625878
  610.000000    0.620841
  615.000000    0.609856
  620.000000    0.620031
  625.000000    0.615327
  630.000000    0.602292
  635.000000    0.581865
  640.000000    0.574988
  645.000000    0.572890
  650.000000    0.620788
  655.000000    0.666083
  660.000000    0.699645
  665.000000    0.719167
  670.000000    0.733628
  675.000000    0.734398
  680.000000    0.738431
  685.000000    0.699816
  690.000000    0.662812
  695.000000    0.640719
  700.000000    0.640770
  705.000000    0.603995
  710.000000    0.596962
  715.000000    0.587652
  720.000000    0.589149
  725.000000    0.601736
  730.000000    0.612796
  735.000000    0.645757
  740.000000    0.610018
  745.000000    0.592070
  750.000000    0.623761
  755.000000    0.637180
  760.000000    0.639329
  765.000000    0.642238
  770.000000    0.626550
  775.000000    0.639858
  780.000000    0.659398
  785.000000    0.664493
  790.000000    0.675241
  795.000000    0.665032
  800.000000    0.653252
  805.000000    0.672693
  810.000000    0.658556
  815.000000    0.642425
  820.000000    0.623033
  825.000000    0.624822
  830.000000    0.631973
  835.000000    0.654001
  840.000000    0.650859
  845.000000    0.632742
  850.000000    0.628102
  855.000000    0.621278
  860.000000    0.601930
  865.000000    0.590777
  870.000000    0.560550
  875.000000    0.545943
  880.000000    0.543290
  885.000000    0.521194
  890.000000    0.537191
  895.000000    0.555673
  900.000000    0.599329
  905.000000    0.642700
  910.000000    0.647508
  915.000000    0.648399
  920.000000    0.583830
  925.000000    0.570073
  930.000000    0.556258
  935.000000    0.548419
  940.000000    0.569465
  945.000000    0.564035
  950.000000    0.561933
  955.000000    0.576831
  960.000000    0.594137
  965.000000    0.616190
  970.000000    0.624663
  975.000000    0.618935
  980.000000    0.591534
  985.000000    0.592478
  990.000000    0.591221
  995.000000    0.595866
 1000.000000    0.606973
 1005.000000    0.588577
 1010.000000    0.610148
 1015.000000    0.626103
 1020.000000    0.623705
 1025.000000    0.626865
 1030.000000    0.649339
 1035.000000    0.643822
 1040.000000    0.637748
 1045.000000    0.634242
 1050.000000    0.652291
 1055.000000    0.661037
 1060.000000    0.666936
 1065.000000    0.686614
 1070.000000    0.685389
 1075.000000    0.698711
 1080.000000    0.690228
 1085.000000    0.661583
 1090.000000    0.641102
 1095.000000    0.645952
 1100.000000    0.638849
 1105.000000    0.658373
 1110.000000    0.665997
 1115.000000    0.665187
 1120.000000    0.652966
 1125.000000    0.614491
 1130.000000    0.594682
 1135.000000    0.566770
 1140.000000    0.564135
 1145.000000    0.581563
 1150.000000    0.595610
 1155.000000    0.596441
 1160.000000    0.604961
 1165.000000    0.641560
 1170.000000    0.625272
 1175.000000    0.622454
 1180.000000    0.618560
 1185.000000    0.618550
 1190.000000    0.645624
 1195.000000    0.664769
 1200.000000    0.736514
 1205.000000    0.767042
 1210.000000    0.795437
 1215.000000    0.804150
 1220.000000    0.809517
 1225.000000    0.804712
 1230.000000    0.767107
 1235.000000    0.762450
 1240.000000    0.737307
 1245.000000    0.700058
 1250.000000    0.723029
 1255.000000    0.683719
 1260.000000    0.652133
 1265.000000    0.658264
 1270.000000    0.645430
 1275.000000    0.658244
 1280.000000    0.680734
 1285.000000    0.717847
 1290.000000    0.727123
 1295.000000    0.722294
 1300.000000    0.706316
 1305.000000    0.670212
 1310.000000    0.631736
 1315.000000    0.606796
 1320.000000    0.591970
 1325.000000    0.598613
 1330.000000    0.579994
 1335.000000    0.582834
 1340.000000    0.552745
 1345.000000    0.544392
 1350.000000    0.586596
 1355.000000    0.621905
 1360.000000    0.611976
 1365.000000    0.620741
 1370.000000    0.601380
 1375.000000    0.557219
 1380.000000    0.539150
 1385.000000    0.528897
 1390.000000    0.546520
 1395.000000    0.560247
 1400.000000    0.538763
 1405.000000    0.482275
 1410.000000    0.469439
 1415.000000    0.494945
 1420.000000    0.519216
 1425.000000    0.550396
 1430.000000    0.560948
 1435.000000    0.594453
 1440.000000    0.596854
 1445.000000    0.603406
 1450.000000    0.606805
 1455.000000    0.609396
 1460.000000    0.610231
 1465.000000    0.603289
 1470.000000    0.615011
 1475.000000    0.626149
 1480.000000    0.626447
 1485.000000    0.620072
 1490.000000    0.611379
 1495.000000    0.611423
 1500.000000    0.604181
 1505.000000    0.591632
 1510.000000    0.573386
 1515.000000    0.593012
 1520.000000    0.566290
 1525.000000    0.508466
 1530.000000    0.471718
 1535.000000    0.467383
 1540.000000    0.480312
 1545.000000    0.508564
 1550.000000    0.547999
 1555.000000    0.547046
 1560.000000    0.537384
 1565.000000    0.540664
 1570.000000    0.542037
 1575.000000    0.556379
 1580.000000    0.560834
 1585.000000    0.580906
 1590.000000    0.561710
 1595.000000    0.528908
 1600.000000    0.502891
 1605.000000    0.508296
 1610.000000    0.505807
 1615.000000    0.508561
 1620.000000    0.452670
 1625.000000    0.464212
 1630.000000    0.506192
 1635.000000    0.543833
 1640.000000    0.553423
 1645.000000    0.571637
 1650.000000    0.579521
 1655.000000    0.594555
 1660.000000    0.611693
 1665.000000    0.626317
 1670.000000    0.648200
 1675.000000    0.655389
 1680.000000    0.637133
 1685.000000    0.629370
 1690.000000    0.615933
 1695.000000    0.590691
 1700.000000    0.526870
 1705.000000    0.510797
 1710.000000    0.535461
 1715.000000    0.554175
 1720.000000    0.536833
 1725.000000    0.593494
 1730.000000    0.639145
 1735.000000    0.687101
 1740.000000    0.695116
 1745.000000    0.713505
