#  pixel_depth  alphabetafraction   >  Analysis of alpha beta fraction
   88.000000    0.755199
   93.000000    0.776648
   98.000000    0.792732
  103.000000    0.817206
  108.000000    0.809535
  113.000000    0.795950
  118.000000    0.786521
  123.000000    0.744710
  128.000000    0.720510
  133.000000    0.714782
  138.000000    0.679989
  143.000000    0.673675
  148.000000    0.674884
  153.000000    0.630907
  158.000000    0.553785
  163.000000    0.537217
  168.000000    0.598967
  173.000000    0.634269
  178.000000    0.686136
  183.000000    0.694857
  188.000000    0.662895
  193.000000    0.654296
  198.000000    0.656237
  203.000000    0.662947
  208.000000    0.659332
  213.000000    0.668745
  218.000000    0.684156
  223.000000    0.701186
  228.000000    0.720261
  233.000000    0.770280
  238.000000    0.805889
  243.000000    0.810614
  248.000000    0.824007
  253.000000    0.836493
  258.000000    0.865448
  263.000000    0.883306
  268.000000    0.870228
  273.000000    0.881608
  278.000000    0.855723
  283.000000    0.818313
  288.000000    0.791474
  293.000000    0.787969
  298.000000    0.813778
  303.000000    0.824941
  308.000000    0.832405
  313.000000    0.814392
  318.000000    0.811773
  323.000000    0.813800
  328.000000    0.814468
  333.000000    0.794937
  338.000000    0.755551
  343.000000    0.736859
  348.000000    0.728616
  353.000000    0.756632
  358.000000    0.772296
  363.000000    0.759579
  368.000000    0.736015
  373.000000    0.714254
  378.000000    0.722343
  383.000000    0.722761
  388.000000    0.733846
  393.000000    0.734105
  398.000000    0.737573
  403.000000    0.755659
  408.000000    0.762836
  413.000000    0.779961
  418.000000    0.798209
  423.000000    0.803047
  428.000000    0.817870
  433.000000    0.842108
  438.000000    0.849165
  443.000000    0.876183
  448.000000    0.871122
  453.000000    0.860621
  458.000000    0.850764
  463.000000    0.830560
  468.000000    0.817521
  473.000000    0.799129
  478.000000    0.778170
  483.000000    0.776552
  488.000000    0.785437
  493.000000    0.787755
  498.000000    0.791110
  503.000000    0.802772
  508.000000    0.813985
  513.000000    0.792718
  518.000000    0.752557
  523.000000    0.735482
  528.000000    0.733303
  533.000000    0.720515
  538.000000    0.695046
  543.000000    0.716843
  548.000000    0.712952
  553.000000    0.714107
  558.000000    0.736097
  563.000000    0.745782
  568.000000    0.766723
  573.000000    0.785474
  578.000000    0.787929
  583.000000    0.791018
  588.000000    0.796665
  593.000000    0.795010
  598.000000    0.777866
  603.000000    0.746522
  608.000000    0.715650
  613.000000    0.690811
  618.000000    0.693415
  623.000000    0.686368
  628.000000    0.691592
  633.000000    0.690238
  638.000000    0.691307
  643.000000    0.699453
  648.000000    0.711461
  653.000000    0.713811
  658.000000    0.728244
  663.000000    0.755454
  668.000000    0.777329
  673.000000    0.788767
  678.000000    0.819489
  683.000000    0.845701
  688.000000    0.820788
  693.000000    0.833159
  698.000000    0.838111
  703.000000    0.828021
  708.000000    0.776081
  713.000000    0.741465
  718.000000    0.719851
  723.000000    0.658857
  728.000000    0.611838
  733.000000    0.611790
  738.000000    0.629607
  743.000000    0.645759
  748.000000    0.652555
  753.000000    0.697060
  758.000000    0.741218
  763.000000    0.774272
  768.000000    0.806488
  773.000000    0.817254
  778.000000    0.812872
  783.000000    0.813100
  788.000000    0.822331
  793.000000    0.806772
  798.000000    0.795236
  803.000000    0.797049
  808.000000    0.792008
  813.000000    0.773140
  818.000000    0.748236
  823.000000    0.690458
  828.000000    0.647034
  833.000000    0.639690
  838.000000    0.662791
  843.000000    0.673091
  848.000000    0.676832
  853.000000    0.720358
  858.000000    0.777721
  863.000000    0.823534
  868.000000    0.847631
  873.000000    0.843838
  878.000000    0.848572
  883.000000    0.878273
  888.000000    0.879440
  893.000000    0.846266
  898.000000    0.812783
  903.000000    0.790560
  908.000000    0.780509
  913.000000    0.779315
  918.000000    0.759618
  923.000000    0.733054
  928.000000    0.716772
  933.000000    0.720754
  938.000000    0.741573
  943.000000    0.767361
  948.000000    0.781064
  953.000000    0.763559
  958.000000    0.764165
  963.000000    0.792543
  968.000000    0.764886
  973.000000    0.744886
  978.000000    0.752677
  983.000000    0.744798
  988.000000    0.743228
  993.000000    0.731950
  998.000000    0.755505
 1003.000000    0.763143
 1008.000000    0.790975
 1013.000000    0.855400
 1018.000000    0.849601
 1023.000000    0.850975
 1028.000000    0.846482
 1033.000000    0.833929
 1038.000000    0.779731
 1043.000000    0.734711
 1048.000000    0.712926
 1053.000000    0.725591
 1058.000000    0.717516
 1063.000000    0.690048
 1068.000000    0.677176
 1073.000000    0.672027
 1078.000000    0.687578
 1083.000000    0.710496
 1088.000000    0.708783
 1093.000000    0.718204
 1098.000000    0.753992
 1103.000000    0.786821
 1108.000000    0.772267
 1113.000000    0.781278
 1118.000000    0.778698
 1123.000000    0.790610
 1128.000000    0.779581
 1133.000000    0.778083
 1138.000000    0.789266
 1143.000000    0.791331
 1148.000000    0.773915
 1153.000000    0.762798
 1158.000000    0.744865
 1163.000000    0.712361
 1168.000000    0.711081
 1173.000000    0.672302
 1178.000000    0.678918
 1183.000000    0.673434
 1188.000000    0.671044
 1193.000000    0.691341
 1198.000000    0.671578
 1203.000000    0.690036
 1208.000000    0.710955
 1213.000000    0.732687
 1218.000000    0.730763
 1223.000000    0.740796
 1228.000000    0.763129
 1233.000000    0.800046
 1238.000000    0.809294
 1243.000000    0.817733
 1248.000000    0.819652
 1253.000000    0.804299
 1258.000000    0.791006
 1263.000000    0.798320
 1268.000000    0.794335
 1273.000000    0.785591
 1278.000000    0.781411
 1283.000000    0.804961
 1288.000000    0.838519
 1293.000000    0.826118
 1298.000000    0.814313
 1303.000000    0.803237
 1308.000000    0.788842
 1313.000000    0.775529
 1318.000000    0.741450
 1323.000000    0.695067
 1328.000000    0.653674
 1333.000000    0.652572
 1338.000000    0.672650
 1343.000000    0.671484
 1348.000000    0.658851
 1353.000000    0.669272
 1358.000000    0.724995
 1363.000000    0.773476
 1368.000000    0.775908
 1373.000000    0.795463
 1378.000000    0.813067
 1383.000000    0.810868
 1388.000000    0.834035
 1393.000000    0.841583
 1398.000000    0.841564
 1403.000000    0.874296
 1408.000000    0.876482
 1413.000000    0.869527
 1418.000000    0.854421
 1423.000000    0.842961
 1428.000000    0.830611
 1433.000000    0.824609
 1438.000000    0.813740
 1443.000000    0.795641
 1448.000000    0.780820
 1453.000000    0.764266
 1458.000000    0.759813
 1463.000000    0.761005
 1468.000000    0.788954
 1473.000000    0.773999
 1478.000000    0.761685
 1483.000000    0.752882
 1488.000000    0.759824
 1493.000000    0.755206
 1498.000000    0.743337
 1503.000000    0.732533
 1508.000000    0.737546
 1513.000000    0.738111
 1518.000000    0.725554
 1523.000000    0.735553
 1528.000000    0.755625
 1533.000000    0.741982
 1538.000000    0.748197
 1543.000000    0.755602
 1548.000000    0.779541
 1553.000000    0.803705
 1558.000000    0.818953
 1563.000000    0.824569
 1568.000000    0.803934
 1573.000000    0.796514
 1578.000000    0.743624
 1583.000000    0.716624
 1588.000000    0.704631
 1593.000000    0.692680
 1598.000000    0.655036
 1603.000000    0.638920
 1608.000000    0.631462
 1613.000000    0.662207
 1618.000000    0.681040
 1623.000000    0.676494
 1628.000000    0.701369
 1633.000000    0.746965
 1638.000000    0.772258
 1643.000000    0.791947
 1648.000000    0.811907
 1653.000000    0.829617
 1658.000000    0.822805
 1663.000000    0.813328
 1668.000000    0.795325
 1673.000000    0.806989
 1678.000000    0.815663
 1683.000000    0.807604
 1688.000000    0.786635
 1693.000000    0.762483
 1698.000000    0.755246
 1703.000000    0.735862
 1708.000000    0.760007
 1713.000000    0.761285
 1718.000000    0.761289
 1723.000000    0.744067
 1728.000000    0.736929
 1733.000000    0.735790
 1738.000000    0.717190
 1743.000000    0.698924
 1748.000000    0.724353
 1753.000000    0.775740
 1758.000000    0.809348
 1763.000000    0.825804
 1768.000000    0.825185
 1773.000000    0.810706
 1778.000000    0.813616
 1783.000000    0.803794
 1788.000000    0.807181
 1793.000000    0.792959
 1798.000000    0.795323
 1803.000000    0.814000
 1808.000000    0.821473
 1813.000000    0.826683
 1818.000000    0.830439
 1823.000000    0.809134
 1828.000000    0.805008
 1833.000000    0.768790
 1838.000000    0.739510
 1843.000000    0.741415
 1848.000000    0.761562
 1853.000000    0.757299
 1858.000000    0.755494
 1863.000000    0.764914
 1868.000000    0.739260
 1873.000000    0.711004
 1878.000000    0.703756
 1883.000000    0.667997
 1888.000000    0.649239
