#  pixel_depth  alphabetafraction   >  Analysis of alpha beta fraction
   73.000000    0.919740
   78.000000    0.892749
   83.000000    0.856026
   88.000000    0.819520
   93.000000    0.786337
   98.000000    0.770091
  103.000000    0.729425
  108.000000    0.723764
  113.000000    0.721156
  118.000000    0.722140
  123.000000    0.707650
  128.000000    0.704517
  133.000000    0.708244
  138.000000    0.727700
  143.000000    0.765218
  148.000000    0.799700
  153.000000    0.792278
  158.000000    0.775074
  163.000000    0.760706
  168.000000    0.782264
  173.000000    0.758811
  178.000000    0.730444
  183.000000    0.707219
  188.000000    0.673214
  193.000000    0.629268
  198.000000    0.606412
  203.000000    0.611755
  208.000000    0.622640
  213.000000    0.634347
  218.000000    0.639237
  223.000000    0.671589
  228.000000    0.646369
  233.000000    0.628484
  238.000000    0.641654
  243.000000    0.637969
  248.000000    0.631230
  253.000000    0.629649
  258.000000    0.670131
  263.000000    0.704310
  268.000000    0.740774
  273.000000    0.752867
  278.000000    0.758889
  283.000000    0.775277
  288.000000    0.797261
  293.000000    0.794039
  298.000000    0.809589
  303.000000    0.837075
  308.000000    0.855535
  313.000000    0.851640
  318.000000    0.827923
  323.000000    0.791373
  328.000000    0.794635
  333.000000    0.798367
  338.000000    0.767637
  343.000000    0.723754
  348.000000    0.696808
  353.000000    0.693575
  358.000000    0.691082
  363.000000    0.667283
  368.000000    0.677559
  373.000000    0.693208
  378.000000    0.667671
  383.000000    0.662035
  388.000000    0.660988
  393.000000    0.700754
  398.000000    0.744735
  403.000000    0.776628
  408.000000    0.794679
  413.000000    0.808971
  418.000000    0.835243
  423.000000    0.845155
  428.000000    0.837549
  433.000000    0.810359
  438.000000    0.811488
  443.000000    0.792415
  448.000000    0.762834
  453.000000    0.746310
  458.000000    0.720239
  463.000000    0.734238
  468.000000    0.760953
  473.000000    0.784324
  478.000000    0.762281
  483.000000    0.806105
  488.000000    0.819427
  493.000000    0.831268
  498.000000    0.839988
  503.000000    0.814360
  508.000000    0.788233
  513.000000    0.752018
  518.000000    0.710608
  523.000000    0.693147
  528.000000    0.701513
  533.000000    0.712675
  538.000000    0.733483
  543.000000    0.749026
  548.000000    0.753857
  553.000000    0.769031
  558.000000    0.788160
  563.000000    0.769656
  568.000000    0.738324
  573.000000    0.694025
  578.000000    0.683245
  583.000000    0.679233
  588.000000    0.702655
  593.000000    0.714990
  598.000000    0.723961
  603.000000    0.695797
  608.000000    0.687748
  613.000000    0.682091
  618.000000    0.686816
  623.000000    0.681889
  628.000000    0.686639
  633.000000    0.684423
  638.000000    0.688704
  643.000000    0.704010
  648.000000    0.702105
  653.000000    0.731116
  658.000000    0.753800
  663.000000    0.751286
  668.000000    0.763632
  673.000000    0.810116
  678.000000    0.830695
  683.000000    0.815448
  688.000000    0.837214
  693.000000    0.827432
  698.000000    0.797352
  703.000000    0.783744
  708.000000    0.768793
  713.000000    0.774078
  718.000000    0.753786
  723.000000    0.777888
  728.000000    0.793947
  733.000000    0.787304
  738.000000    0.769077
  743.000000    0.781977
  748.000000    0.777934
  753.000000    0.775822
  758.000000    0.751662
  763.000000    0.770745
  768.000000    0.758559
  773.000000    0.727736
  778.000000    0.742684
  783.000000    0.773416
  788.000000    0.752161
  793.000000    0.708971
  798.000000    0.717311
  803.000000    0.740975
  808.000000    0.735926
  813.000000    0.713393
  818.000000    0.649741
  823.000000    0.671833
  828.000000    0.692592
  833.000000    0.724043
  838.000000    0.732596
  843.000000    0.741509
  848.000000    0.756446
  853.000000    0.752359
  858.000000    0.739704
  863.000000    0.705103
  868.000000    0.692965
  873.000000    0.689906
  878.000000    0.696969
  883.000000    0.679105
  888.000000    0.687749
  893.000000    0.669732
  898.000000    0.667169
  903.000000    0.687687
  908.000000    0.735987
  913.000000    0.790733
  918.000000    0.846810
  923.000000    0.877940
  928.000000    0.903421
  933.000000    0.912149
  938.000000    0.921461
  943.000000    0.912099
  948.000000    0.875899
  953.000000    0.850940
  958.000000    0.847142
  963.000000    0.803064
  968.000000    0.768706
  973.000000    0.767801
  978.000000    0.740368
  983.000000    0.690957
  988.000000    0.666628
  993.000000    0.698239
  998.000000    0.714539
 1003.000000    0.710160
 1008.000000    0.698353
 1013.000000    0.722924
 1018.000000    0.769369
 1023.000000    0.762903
 1028.000000    0.768769
 1033.000000    0.777902
 1038.000000    0.796724
 1043.000000    0.779868
 1048.000000    0.774777
 1053.000000    0.795389
 1058.000000    0.799076
 1063.000000    0.804377
 1068.000000    0.774215
 1073.000000    0.753778
 1078.000000    0.747321
 1083.000000    0.733913
 1088.000000    0.727159
 1093.000000    0.705856
 1098.000000    0.715613
 1103.000000    0.707790
 1108.000000    0.739613
 1113.000000    0.762725
 1118.000000    0.764216
 1123.000000    0.772226
 1128.000000    0.801407
 1133.000000    0.814291
 1138.000000    0.781484
 1143.000000    0.772777
 1148.000000    0.747858
 1153.000000    0.742868
 1158.000000    0.713446
 1163.000000    0.685553
 1168.000000    0.667780
 1173.000000    0.662509
 1178.000000    0.679324
 1183.000000    0.690218
 1188.000000    0.718826
 1193.000000    0.729089
 1198.000000    0.701232
 1203.000000    0.729312
 1208.000000    0.755064
 1213.000000    0.769313
 1218.000000    0.784702
 1223.000000    0.804692
 1228.000000    0.817691
 1233.000000    0.822981
 1238.000000    0.826571
 1243.000000    0.863526
 1248.000000    0.877323
 1253.000000    0.870500
 1258.000000    0.865305
 1263.000000    0.835860
 1268.000000    0.820198
 1273.000000    0.792151
 1278.000000    0.749345
 1283.000000    0.708868
 1288.000000    0.699470
 1293.000000    0.718186
 1298.000000    0.719649
 1303.000000    0.694840
 1308.000000    0.658024
 1313.000000    0.660386
 1318.000000    0.697002
 1323.000000    0.723058
 1328.000000    0.745123
 1333.000000    0.747363
 1338.000000    0.756707
 1343.000000    0.792858
 1348.000000    0.834531
 1353.000000    0.850902
 1358.000000    0.865866
 1363.000000    0.871084
 1368.000000    0.845990
 1373.000000    0.835478
 1378.000000    0.824519
 1383.000000    0.787588
 1388.000000    0.788687
 1393.000000    0.787614
 1398.000000    0.777369
 1403.000000    0.729443
 1408.000000    0.719655
 1413.000000    0.743278
 1418.000000    0.750567
 1423.000000    0.746846
 1428.000000    0.703736
 1433.000000    0.653743
 1438.000000    0.673963
 1443.000000    0.705665
 1448.000000    0.694934
 1453.000000    0.731601
 1458.000000    0.711674
 1463.000000    0.732633
 1468.000000    0.756788
 1473.000000    0.785540
 1478.000000    0.812674
 1483.000000    0.813602
 1488.000000    0.809654
 1493.000000    0.796471
 1498.000000    0.774205
 1503.000000    0.751116
 1508.000000    0.748306
 1513.000000    0.742103
 1518.000000    0.719042
 1523.000000    0.737428
 1528.000000    0.713233
 1533.000000    0.722414
 1538.000000    0.706773
 1543.000000    0.733251
 1548.000000    0.738795
 1553.000000    0.759675
 1558.000000    0.778534
 1563.000000    0.781683
 1568.000000    0.787967
 1573.000000    0.782251
 1578.000000    0.799975
 1583.000000    0.795939
 1588.000000    0.805511
 1593.000000    0.800508
 1598.000000    0.779677
 1603.000000    0.768031
 1608.000000    0.750001
 1613.000000    0.728606
 1618.000000    0.726845
 1623.000000    0.725513
 1628.000000    0.741754
 1633.000000    0.747237
 1638.000000    0.752381
 1643.000000    0.778592
 1648.000000    0.790038
 1653.000000    0.793780
 1658.000000    0.805549
 1663.000000    0.815914
 1668.000000    0.817201
 1673.000000    0.796885
 1678.000000    0.774482
 1683.000000    0.751943
 1688.000000    0.761420
 1693.000000    0.786219
 1698.000000    0.822067
 1703.000000    0.819371
 1708.000000    0.805982
 1713.000000    0.775422
 1718.000000    0.779032
 1723.000000    0.777491
 1728.000000    0.795142
 1733.000000    0.812844
 1738.000000    0.828471
 1743.000000    0.823357
 1748.000000    0.806060
 1753.000000    0.781533
 1758.000000    0.758386
 1763.000000    0.758526
 1768.000000    0.765715
 1773.000000    0.753556
 1778.000000    0.756534
 1783.000000    0.753247
 1788.000000    0.751337
 1793.000000    0.767715
 1798.000000    0.748452
 1803.000000    0.751231
 1808.000000    0.747353
 1813.000000    0.747289
 1818.000000    0.750416
 1823.000000    0.762237
 1828.000000    0.788795
 1833.000000    0.775519
 1838.000000    0.734103
 1843.000000    0.758072
 1848.000000    0.776778
 1853.000000    0.767365
 1858.000000    0.744772
 1863.000000    0.770672
 1868.000000    0.760529
 1873.000000    0.742615
 1878.000000    0.729428
 1883.000000    0.735079
 1888.000000    0.761563
