#  pixel_depth  alphabetafraction   >  Analysis of alpha beta fraction
   64.000000    0.695007
   69.000000    0.677945
   74.000000    0.665287
   79.000000    0.656146
   84.000000    0.639747
   89.000000    0.619932
   94.000000    0.630971
   99.000000    0.664715
  104.000000    0.703351
  109.000000    0.675500
  114.000000    0.671803
  119.000000    0.706334
  124.000000    0.707800
  129.000000    0.687267
  134.000000    0.694455
  139.000000    0.691765
  144.000000    0.681363
  149.000000    0.671471
  154.000000    0.675095
  159.000000    0.674669
  164.000000    0.674457
  169.000000    0.668260
  174.000000    0.664371
  179.000000    0.681814
  184.000000    0.704891
  189.000000    0.710762
  194.000000    0.708603
  199.000000    0.723027
  204.000000    0.748970
  209.000000    0.754882
  214.000000    0.737275
  219.000000    0.714129
  224.000000    0.696056
  229.000000    0.679556
  234.000000    0.653680
  239.000000    0.626358
  244.000000    0.595298
  249.000000    0.585535
  254.000000    0.601456
  259.000000    0.596614
  264.000000    0.576729
  269.000000    0.591213
  274.000000    0.604042
  279.000000    0.621020
  284.000000    0.619267
  289.000000    0.646526
  294.000000    0.650189
  299.000000    0.659253
  304.000000    0.658281
  309.000000    0.629489
  314.000000    0.640021
  319.000000    0.664396
  324.000000    0.708798
  329.000000    0.762680
  334.000000    0.781227
  339.000000    0.796380
  344.000000    0.809043
  349.000000    0.795864
  354.000000    0.799226
  359.000000    0.794382
  364.000000    0.784634
  369.000000    0.784692
  374.000000    0.773241
  379.000000    0.769300
  384.000000    0.759064
  389.000000    0.772939
  394.000000    0.773770
  399.000000    0.753889
  404.000000    0.719178
  409.000000    0.703259
  414.000000    0.691372
  419.000000    0.676108
  424.000000    0.643646
  429.000000    0.629697
  434.000000    0.642693
  439.000000    0.668331
  444.000000    0.664293
  449.000000    0.647116
  454.000000    0.665240
  459.000000    0.618358
  464.000000    0.584706
  469.000000    0.579014
  474.000000    0.570531
  479.000000    0.569696
  484.000000    0.578710
  489.000000    0.561188
  494.000000    0.546089
  499.000000    0.537063
  504.000000    0.528544
  509.000000    0.530006
  514.000000    0.547377
  519.000000    0.557630
  524.000000    0.570196
  529.000000    0.597267
  534.000000    0.626365
  539.000000    0.661116
  544.000000    0.677265
  549.000000    0.674222
  554.000000    0.696565
  559.000000    0.696463
  564.000000    0.697989
  569.000000    0.701257
  574.000000    0.688125
  579.000000    0.666292
  584.000000    0.677223
  589.000000    0.653676
  594.000000    0.598804
  599.000000    0.603474
  604.000000    0.616067
  609.000000    0.608570
  614.000000    0.631444
  619.000000    0.651903
  624.000000    0.658381
  629.000000    0.634167
  634.000000    0.646809
  639.000000    0.665848
  644.000000    0.703920
  649.000000    0.732077
  654.000000    0.764097
  659.000000    0.789303
  664.000000    0.793394
  669.000000    0.773754
  674.000000    0.749729
  679.000000    0.715416
  684.000000    0.725719
  689.000000    0.732372
  694.000000    0.724522
  699.000000    0.705824
  704.000000    0.704568
  709.000000    0.696419
  714.000000    0.670455
  719.000000    0.656666
  724.000000    0.631521
  729.000000    0.593436
  734.000000    0.556720
  739.000000    0.583523
  744.000000    0.602291
  749.000000    0.614651
  754.000000    0.622769
  759.000000    0.600633
  764.000000    0.612285
  769.000000    0.616578
  774.000000    0.606259
  779.000000    0.608092
  784.000000    0.621686
  789.000000    0.629318
  794.000000    0.656960
  799.000000    0.663234
  804.000000    0.687449
  809.000000    0.696371
  814.000000    0.696795
  819.000000    0.689764
  824.000000    0.686927
  829.000000    0.686532
  834.000000    0.683294
  839.000000    0.671756
  844.000000    0.669524
  849.000000    0.647391
  854.000000    0.614136
  859.000000    0.589007
  864.000000    0.565108
  869.000000    0.553951
  874.000000    0.558146
  879.000000    0.553533
  884.000000    0.580463
  889.000000    0.593414
  894.000000    0.603781
  899.000000    0.631211
  904.000000    0.652422
  909.000000    0.675164
  914.000000    0.699413
  919.000000    0.695394
  924.000000    0.685692
  929.000000    0.694703
  934.000000    0.687584
  939.000000    0.667117
  944.000000    0.643361
  949.000000    0.638452
  954.000000    0.625820
  959.000000    0.593402
  964.000000    0.616886
  969.000000    0.623933
  974.000000    0.647297
  979.000000    0.661982
  984.000000    0.679033
  989.000000    0.709008
  994.000000    0.716237
  999.000000    0.725098
 1004.000000    0.729850
 1009.000000    0.714285
 1014.000000    0.720291
 1019.000000    0.717421
 1024.000000    0.698233
 1029.000000    0.670872
 1034.000000    0.652972
 1039.000000    0.606750
 1044.000000    0.634867
 1049.000000    0.615166
 1054.000000    0.612750
 1059.000000    0.603680
 1064.000000    0.611496
 1069.000000    0.590786
 1074.000000    0.601617
 1079.000000    0.615998
 1084.000000    0.598078
 1089.000000    0.589226
 1094.000000    0.586158
 1099.000000    0.612050
 1104.000000    0.618471
 1109.000000    0.621095
 1114.000000    0.646198
 1119.000000    0.646080
 1124.000000    0.654142
 1129.000000    0.626022
 1134.000000    0.604973
 1139.000000    0.569385
 1144.000000    0.580705
 1149.000000    0.600782
 1154.000000    0.643668
 1159.000000    0.652648
 1164.000000    0.628058
 1169.000000    0.613489
 1174.000000    0.614809
 1179.000000    0.604607
 1184.000000    0.601439
 1189.000000    0.601495
 1194.000000    0.600471
 1199.000000    0.609361
 1204.000000    0.623010
 1209.000000    0.649452
 1214.000000    0.676534
 1219.000000    0.689218
 1224.000000    0.678868
 1229.000000    0.685830
 1234.000000    0.674646
 1239.000000    0.678947
 1244.000000    0.651024
 1249.000000    0.626035
 1254.000000    0.605621
 1259.000000    0.555007
 1264.000000    0.495630
 1269.000000    0.475376
 1274.000000    0.473998
 1279.000000    0.489083
 1284.000000    0.546414
 1289.000000    0.572389
 1294.000000    0.600772
 1299.000000    0.630847
 1304.000000    0.647129
 1309.000000    0.663477
 1314.000000    0.653297
 1319.000000    0.642161
 1324.000000    0.635920
 1329.000000    0.628750
 1334.000000    0.644813
 1339.000000    0.654242
 1344.000000    0.652836
 1349.000000    0.642012
 1354.000000    0.666461
 1359.000000    0.700111
 1364.000000    0.728358
 1369.000000    0.726251
 1374.000000    0.731273
 1379.000000    0.710385
 1384.000000    0.701051
 1389.000000    0.674486
 1394.000000    0.701194
 1399.000000    0.723559
 1404.000000    0.715751
 1409.000000    0.687734
 1414.000000    0.647358
 1419.000000    0.653676
 1424.000000    0.674219
 1429.000000    0.701696
 1434.000000    0.727202
 1439.000000    0.736112
 1444.000000    0.752261
 1449.000000    0.749603
 1454.000000    0.755389
 1459.000000    0.745836
 1464.000000    0.727058
 1469.000000    0.704084
 1474.000000    0.711999
 1479.000000    0.754373
 1484.000000    0.744308
 1489.000000    0.734174
 1494.000000    0.753512
 1499.000000    0.757293
 1504.000000    0.754227
 1509.000000    0.770445
 1514.000000    0.765012
 1519.000000    0.741780
 1524.000000    0.715662
 1529.000000    0.699948
 1534.000000    0.720953
 1539.000000    0.749513
 1544.000000    0.755961
 1549.000000    0.761306
 1554.000000    0.755239
 1559.000000    0.740889
 1564.000000    0.739289
 1569.000000    0.736799
 1574.000000    0.733074
 1579.000000    0.731506
 1584.000000    0.732076
 1589.000000    0.719793
 1594.000000    0.713138
 1599.000000    0.703388
 1604.000000    0.744649
 1609.000000    0.727547
 1614.000000    0.683028
 1619.000000    0.666983
 1624.000000    0.682251
 1629.000000    0.692434
 1634.000000    0.681968
 1639.000000    0.651924
 1644.000000    0.631309
 1649.000000    0.627529
 1654.000000    0.661015
 1659.000000    0.684062
 1664.000000    0.702063
 1669.000000    0.707263
 1674.000000    0.702752
 1679.000000    0.696324
 1684.000000    0.692741
 1689.000000    0.684713
 1694.000000    0.667828
 1699.000000    0.661280
 1704.000000    0.671670
 1709.000000    0.703255
 1714.000000    0.708478
 1719.000000    0.686571
 1724.000000    0.672978
 1729.000000    0.659252
 1734.000000    0.686524
 1739.000000    0.687065
 1744.000000    0.671524
 1749.000000    0.656234
 1754.000000    0.672763
 1759.000000    0.670428
 1764.000000    0.681564
 1769.000000    0.696036
 1774.000000    0.717621
 1779.000000    0.735455
 1784.000000    0.758160
 1789.000000    0.762397
 1794.000000    0.778407
 1799.000000    0.770032
 1804.000000    0.751064
 1809.000000    0.729436
 1814.000000    0.684548
 1819.000000    0.641982
