#  pixel_depth  alphabetafraction   >  Analysis of alpha beta fraction
  200.000000    0.809687
  205.000000    0.775492
  210.000000    0.762416
  215.000000    0.755934
  220.000000    0.758859
  225.000000    0.758484
  230.000000    0.759357
  235.000000    0.766625
  240.000000    0.782098
  245.000000    0.813074
  250.000000    0.825755
  255.000000    0.811851
  260.000000    0.795120
  265.000000    0.783891
  270.000000    0.783434
  275.000000    0.782300
  280.000000    0.796043
  285.000000    0.801762
  290.000000    0.790885
  295.000000    0.769015
  300.000000    0.733725
  305.000000    0.703625
  310.000000    0.664302
  315.000000    0.659016
  320.000000    0.665522
  325.000000    0.647483
  330.000000    0.661021
  335.000000    0.650014
  340.000000    0.649345
  345.000000    0.645483
  350.000000    0.654421
  355.000000    0.685971
  360.000000    0.694539
  365.000000    0.702853
  370.000000    0.680660
  375.000000    0.675438
  380.000000    0.669935
  385.000000    0.684728
  390.000000    0.671216
  395.000000    0.694334
  400.000000    0.711731
  405.000000    0.724574
  410.000000    0.733570
  415.000000    0.739951
  420.000000    0.714247
  425.000000    0.694641
  430.000000    0.687337
  435.000000    0.687519
  440.000000    0.683258
  445.000000    0.690966
  450.000000    0.672148
  455.000000    0.661056
  460.000000    0.649712
  465.000000    0.641154
  470.000000    0.660747
  475.000000    0.703438
  480.000000    0.713833
  485.000000    0.738987
  490.000000    0.757054
  495.000000    0.782938
  500.000000    0.804424
  505.000000    0.814629
  510.000000    0.790114
  515.000000    0.784350
  520.000000    0.774142
  525.000000    0.780472
  530.000000    0.783884
  535.000000    0.788048
  540.000000    0.789263
  545.000000    0.807193
  550.000000    0.815490
  555.000000    0.793968
  560.000000    0.800384
  565.000000    0.785067
  570.000000    0.758871
  575.000000    0.758610
  580.000000    0.741024
  585.000000    0.726248
  590.000000    0.716745
  595.000000    0.710920
  600.000000    0.728059
  605.000000    0.754312
  610.000000    0.770211
  615.000000    0.776646
  620.000000    0.785697
  625.000000    0.808531
  630.000000    0.803053
  635.000000    0.790440
  640.000000    0.767704
  645.000000    0.752058
  650.000000    0.728301
  655.000000    0.690184
  660.000000    0.688718
  665.000000    0.715847
  670.000000    0.700626
  675.000000    0.693570
  680.000000    0.712669
  685.000000    0.708743
  690.000000    0.711974
  695.000000    0.678315
  700.000000    0.664113
  705.000000    0.648874
  710.000000    0.653973
  715.000000    0.687895
  720.000000    0.695190
  725.000000    0.653393
  730.000000    0.638131
  735.000000    0.638706
  740.000000    0.659366
  745.000000    0.698723
  750.000000    0.723279
  755.000000    0.761381
  760.000000    0.809748
  765.000000    0.813841
  770.000000    0.835272
  775.000000    0.845090
  780.000000    0.830841
  785.000000    0.827998
  790.000000    0.825665
  795.000000    0.809842
  800.000000    0.803370
  805.000000    0.825950
  810.000000    0.808775
  815.000000    0.792040
  820.000000    0.743874
  825.000000    0.713397
  830.000000    0.692065
  835.000000    0.709929
  840.000000    0.688178
  845.000000    0.668363
  850.000000    0.669051
  855.000000    0.670628
  860.000000    0.659233
  865.000000    0.677753
  870.000000    0.703466
  875.000000    0.715324
  880.000000    0.711301
  885.000000    0.709144
  890.000000    0.713183
  895.000000    0.697563
  900.000000    0.702952
  905.000000    0.713450
  910.000000    0.756122
  915.000000    0.733928
  920.000000    0.737432
  925.000000    0.763868
  930.000000    0.777413
  935.000000    0.766384
  940.000000    0.761744
  945.000000    0.781234
  950.000000    0.783520
  955.000000    0.793538
  960.000000    0.801777
  965.000000    0.775538
  970.000000    0.761167
  975.000000    0.731106
  980.000000    0.707996
  985.000000    0.692152
  990.000000    0.691637
  995.000000    0.665824
 1000.000000    0.638705
 1005.000000    0.641228
 1010.000000    0.676593
 1015.000000    0.677880
 1020.000000    0.667688
 1025.000000    0.690256
 1030.000000    0.695289
 1035.000000    0.700073
 1040.000000    0.699800
 1045.000000    0.704477
 1050.000000    0.713689
 1055.000000    0.704830
 1060.000000    0.699880
 1065.000000    0.713540
 1070.000000    0.695515
 1075.000000    0.728568
 1080.000000    0.753015
 1085.000000    0.744032
 1090.000000    0.746496
 1095.000000    0.739180
 1100.000000    0.737611
 1105.000000    0.727748
 1110.000000    0.750545
 1115.000000    0.778715
 1120.000000    0.775543
 1125.000000    0.782427
 1130.000000    0.787402
 1135.000000    0.786351
 1140.000000    0.749053
 1145.000000    0.750155
 1150.000000    0.749861
 1155.000000    0.752186
 1160.000000    0.771512
 1165.000000    0.760005
 1170.000000    0.767625
 1175.000000    0.783901
 1180.000000    0.788011
 1185.000000    0.794794
 1190.000000    0.782296
 1195.000000    0.763718
 1200.000000    0.747861
 1205.000000    0.715770
 1210.000000    0.718750
 1215.000000    0.727886
 1220.000000    0.739711
 1225.000000    0.755130
 1230.000000    0.777881
 1235.000000    0.790241
 1240.000000    0.756695
 1245.000000    0.732782
 1250.000000    0.725988
 1255.000000    0.728380
 1260.000000    0.730878
 1265.000000    0.736342
 1270.000000    0.760093
 1275.000000    0.749325
 1280.000000    0.724228
 1285.000000    0.716745
 1290.000000    0.735842
 1295.000000    0.737187
 1300.000000    0.736292
 1305.000000    0.740818
 1310.000000    0.745079
 1315.000000    0.712964
 1320.000000    0.726727
 1325.000000    0.727824
 1330.000000    0.725581
 1335.000000    0.726596
 1340.000000    0.709380
 1345.000000    0.691495
 1350.000000    0.639343
 1355.000000    0.619547
 1360.000000    0.634707
 1365.000000    0.606531
 1370.000000    0.590535
 1375.000000    0.569094
 1380.000000    0.549393
 1385.000000    0.561624
 1390.000000    0.609691
 1395.000000    0.614995
 1400.000000    0.641397
 1405.000000    0.667264
 1410.000000    0.693210
 1415.000000    0.715316
 1420.000000    0.709533
 1425.000000    0.740784
 1430.000000    0.745755
 1435.000000    0.762362
 1440.000000    0.780371
 1445.000000    0.799625
 1450.000000    0.809387
 1455.000000    0.815858
 1460.000000    0.826232
 1465.000000    0.811906
 1470.000000    0.802062
 1475.000000    0.794770
 1480.000000    0.771742
 1485.000000    0.763827
 1490.000000    0.757154
 1495.000000    0.783466
 1500.000000    0.775634
 1505.000000    0.775401
 1510.000000    0.808121
 1515.000000    0.794243
 1520.000000    0.780668
 1525.000000    0.766542
 1530.000000    0.760113
 1535.000000    0.756503
 1540.000000    0.745173
 1545.000000    0.733670
 1550.000000    0.737067
 1555.000000    0.735653
 1560.000000    0.746458
 1565.000000    0.738592
 1570.000000    0.752161
 1575.000000    0.756612
 1580.000000    0.747307
 1585.000000    0.743647
 1590.000000    0.704571
 1595.000000    0.710244
 1600.000000    0.689415
 1605.000000    0.707242
 1610.000000    0.737237
 1615.000000    0.755557
 1620.000000    0.766881
 1625.000000    0.770133
 1630.000000    0.748830
 1635.000000    0.735763
 1640.000000    0.737572
 1645.000000    0.729397
 1650.000000    0.709989
 1655.000000    0.665470
 1660.000000    0.650206
 1665.000000    0.671131
 1670.000000    0.675806
 1675.000000    0.704075
 1680.000000    0.699122
 1685.000000    0.700703
 1690.000000    0.707271
 1695.000000    0.727690
 1700.000000    0.753276
 1705.000000    0.726803
 1710.000000    0.761749
 1715.000000    0.780032
 1720.000000    0.813514
 1725.000000    0.844422
 1730.000000    0.837150
 1735.000000    0.827205
 1740.000000    0.813602
 1745.000000    0.798654
 1750.000000    0.789120
 1755.000000    0.780617
 1760.000000    0.756174
 1765.000000    0.743323
 1770.000000    0.747776
 1775.000000    0.727334
 1780.000000    0.732275
 1785.000000    0.712072
 1790.000000    0.645951
 1795.000000    0.664639
 1800.000000    0.650313
 1805.000000    0.609398
 1810.000000    0.588174
 1815.000000    0.598390
 1820.000000    0.627250
 1825.000000    0.657462
 1830.000000    0.689954
 1835.000000    0.702843
 1840.000000    0.724583
 1845.000000    0.764924
 1850.000000    0.798277
 1855.000000    0.814351
 1860.000000    0.805166
 1865.000000    0.805020
 1870.000000    0.788456
 1875.000000    0.759774
 1880.000000    0.717221
 1885.000000    0.681834
 1890.000000    0.686487
 1895.000000    0.702475
 1900.000000    0.695737
 1905.000000    0.674899
 1910.000000    0.661921
 1915.000000    0.696556
 1920.000000    0.724023
 1925.000000    0.741434
 1930.000000    0.762750
 1935.000000    0.762340
 1940.000000    0.777930
