#  pixel_depth  alphabetafraction   >  Analysis of alpha beta fraction
   49.000000    0.709840
   54.000000    0.704388
   59.000000    0.698920
   64.000000    0.679943
   69.000000    0.654103
   74.000000    0.625342
   79.000000    0.609661
   84.000000    0.565183
   89.000000    0.543672
   94.000000    0.544073
   99.000000    0.579359
  104.000000    0.600203
  109.000000    0.620004
  114.000000    0.634283
  119.000000    0.635989
  124.000000    0.647838
  129.000000    0.655035
  134.000000    0.656434
  139.000000    0.681872
  144.000000    0.709027
  149.000000    0.725572
  154.000000    0.735381
  159.000000    0.746596
  164.000000    0.770520
  169.000000    0.771345
  174.000000    0.752814
  179.000000    0.688695
  184.000000    0.676328
  189.000000    0.664136
  194.000000    0.660377
  199.000000    0.669786
  204.000000    0.675710
  209.000000    0.673521
  214.000000    0.674245
  219.000000    0.661129
  224.000000    0.665814
  229.000000    0.687597
  234.000000    0.719409
  239.000000    0.735200
  244.000000    0.741513
  249.000000    0.753326
  254.000000    0.751844
  259.000000    0.755351
  264.000000    0.740830
  269.000000    0.729517
  274.000000    0.725008
  279.000000    0.711352
  284.000000    0.713353
  289.000000    0.705262
  294.000000    0.690549
  299.000000    0.669201
  304.000000    0.671411
  309.000000    0.686883
  314.000000    0.704429
  319.000000    0.723468
  324.000000    0.732631
  329.000000    0.739237
  334.000000    0.725701
  339.000000    0.726985
  344.000000    0.729764
  349.000000    0.730199
  354.000000    0.694808
  359.000000    0.666182
  364.000000    0.617420
  369.000000    0.571565
  374.000000    0.571143
  379.000000    0.586814
  384.000000    0.619749
  389.000000    0.659137
  394.000000    0.693630
  399.000000    0.719475
  404.000000    0.750024
  409.000000    0.771913
  414.000000    0.774238
  419.000000    0.769159
  424.000000    0.787396
  429.000000    0.766381
  434.000000    0.753395
  439.000000    0.735085
  444.000000    0.729212
  449.000000    0.717331
  454.000000    0.686589
  459.000000    0.650460
  464.000000    0.610698
  469.000000    0.618667
  474.000000    0.637613
  479.000000    0.642734
  484.000000    0.653749
  489.000000    0.671748
  494.000000    0.669465
  499.000000    0.677823
  504.000000    0.673713
  509.000000    0.692528
  514.000000    0.726971
  519.000000    0.739256
  524.000000    0.763660
  529.000000    0.738778
  534.000000    0.731399
  539.000000    0.727670
  544.000000    0.752316
  549.000000    0.765066
  554.000000    0.766097
  559.000000    0.760346
  564.000000    0.784430
  569.000000    0.792536
  574.000000    0.772218
  579.000000    0.754735
  584.000000    0.759864
  589.000000    0.725638
  594.000000    0.710789
  599.000000    0.710792
  604.000000    0.710481
  609.000000    0.686127
  614.000000    0.685064
  619.000000    0.686266
  624.000000    0.649959
  629.000000    0.636595
  634.000000    0.650161
  639.000000    0.642541
  644.000000    0.694279
  649.000000    0.716183
  654.000000    0.729109
  659.000000    0.749170
  664.000000    0.760985
  669.000000    0.757138
  674.000000    0.766242
  679.000000    0.769579
  684.000000    0.767029
  689.000000    0.750733
  694.000000    0.718376
  699.000000    0.685103
  704.000000    0.662069
  709.000000    0.645743
  714.000000    0.673134
  719.000000    0.693770
  724.000000    0.666434
  729.000000    0.646110
  734.000000    0.659520
  739.000000    0.683013
  744.000000    0.664137
  749.000000    0.645375
  754.000000    0.633276
  759.000000    0.621381
  764.000000    0.633872
  769.000000    0.654707
  774.000000    0.675760
  779.000000    0.683624
  784.000000    0.687370
  789.000000    0.680081
  794.000000    0.677507
  799.000000    0.690470
  804.000000    0.714049
  809.000000    0.745457
  814.000000    0.737251
  819.000000    0.718374
  824.000000    0.697679
  829.000000    0.683355
  834.000000    0.703093
  839.000000    0.709658
  844.000000    0.704328
  849.000000    0.709606
  854.000000    0.738208
  859.000000    0.759234
  864.000000    0.736534
  869.000000    0.723033
  874.000000    0.715106
  879.000000    0.748751
  884.000000    0.733020
  889.000000    0.715676
  894.000000    0.728695
  899.000000    0.708433
  904.000000    0.711353
  909.000000    0.730883
  914.000000    0.715065
  919.000000    0.699229
  924.000000    0.697242
  929.000000    0.710211
  934.000000    0.702061
  939.000000    0.699058
  944.000000    0.700237
  949.000000    0.701092
  954.000000    0.700323
  959.000000    0.702557
  964.000000    0.712066
  969.000000    0.741100
  974.000000    0.737541
  979.000000    0.755614
  984.000000    0.739839
  989.000000    0.694395
  994.000000    0.689037
  999.000000    0.718626
 1004.000000    0.686200
 1009.000000    0.645252
 1014.000000    0.665392
 1019.000000    0.689494
 1024.000000    0.685266
 1029.000000    0.675426
 1034.000000    0.653526
 1039.000000    0.630041
 1044.000000    0.631245
 1049.000000    0.626072
 1054.000000    0.628559
 1059.000000    0.606808
 1064.000000    0.570770
 1069.000000    0.518401
 1074.000000    0.536561
 1079.000000    0.586412
 1084.000000    0.626628
 1089.000000    0.645757
 1094.000000    0.646738
 1099.000000    0.644093
 1104.000000    0.662712
 1109.000000    0.689947
 1114.000000    0.706289
 1119.000000    0.751741
 1124.000000    0.801841
 1129.000000    0.813306
 1134.000000    0.800542
 1139.000000    0.788473
 1144.000000    0.784846
 1149.000000    0.775891
 1154.000000    0.734534
 1159.000000    0.734739
 1164.000000    0.749531
 1169.000000    0.716712
 1174.000000    0.704032
 1179.000000    0.678572
 1184.000000    0.622860
 1189.000000    0.636870
 1194.000000    0.642047
 1199.000000    0.654342
 1204.000000    0.659614
 1209.000000    0.681200
 1214.000000    0.677907
 1219.000000    0.679671
 1224.000000    0.686982
 1229.000000    0.711961
 1234.000000    0.714967
 1239.000000    0.697259
 1244.000000    0.682502
 1249.000000    0.682911
 1254.000000    0.691487
 1259.000000    0.698489
 1264.000000    0.681718
 1269.000000    0.704949
 1274.000000    0.702956
 1279.000000    0.731983
 1284.000000    0.757744
 1289.000000    0.756404
 1294.000000    0.755180
 1299.000000    0.777229
 1304.000000    0.782854
 1309.000000    0.795370
 1314.000000    0.809812
 1319.000000    0.794222
 1324.000000    0.778521
 1329.000000    0.800172
 1334.000000    0.796523
 1339.000000    0.811006
 1344.000000    0.800216
 1349.000000    0.764293
 1354.000000    0.756495
 1359.000000    0.740065
 1364.000000    0.712598
 1369.000000    0.701992
 1374.000000    0.720473
 1379.000000    0.705542
 1384.000000    0.682731
 1389.000000    0.686411
 1394.000000    0.695372
 1399.000000    0.695632
 1404.000000    0.703446
 1409.000000    0.706949
 1414.000000    0.716281
 1419.000000    0.697994
 1424.000000    0.734609
 1429.000000    0.746585
 1434.000000    0.753685
 1439.000000    0.729651
 1444.000000    0.708946
 1449.000000    0.706730
 1454.000000    0.711166
 1459.000000    0.709783
 1464.000000    0.679324
 1469.000000    0.706056
 1474.000000    0.733215
 1479.000000    0.739150
 1484.000000    0.711257
 1489.000000    0.704060
 1494.000000    0.727320
 1499.000000    0.735410
 1504.000000    0.717623
 1509.000000    0.713433
 1514.000000    0.713565
 1519.000000    0.695655
 1524.000000    0.683370
 1529.000000    0.677460
 1534.000000    0.673528
 1539.000000    0.629840
 1544.000000    0.644637
 1549.000000    0.656886
 1554.000000    0.662527
 1559.000000    0.649481
 1564.000000    0.631197
 1569.000000    0.615829
 1574.000000    0.603383
 1579.000000    0.615959
 1584.000000    0.596797
 1589.000000    0.602564
 1594.000000    0.643875
 1599.000000    0.681486
 1604.000000    0.697151
 1609.000000    0.718443
 1614.000000    0.780162
 1619.000000    0.821013
 1624.000000    0.835371
 1629.000000    0.814318
 1634.000000    0.821609
 1639.000000    0.795863
 1644.000000    0.813776
 1649.000000    0.819463
 1654.000000    0.789203
 1659.000000    0.727157
 1664.000000    0.688692
 1669.000000    0.686043
 1674.000000    0.679011
 1679.000000    0.669903
 1684.000000    0.659262
 1689.000000    0.687442
 1694.000000    0.668961
 1699.000000    0.669357
 1704.000000    0.689918
 1709.000000    0.702856
 1714.000000    0.730248
 1719.000000    0.744074
 1724.000000    0.767297
 1729.000000    0.776683
 1734.000000    0.789896
 1739.000000    0.789814
 1744.000000    0.784755
 1749.000000    0.798562
 1754.000000    0.794970
 1759.000000    0.742617
 1764.000000    0.706025
 1769.000000    0.669765
 1774.000000    0.638955
 1779.000000    0.641911
 1784.000000    0.655960
 1789.000000    0.719725
