#  pixel_depth  alphabetafraction   >  Analysis of alpha beta fraction
   83.000000    0.617557
   88.000000    0.615224
   93.000000    0.628209
   98.000000    0.642780
  103.000000    0.674566
  108.000000    0.701925
  113.000000    0.705221
  118.000000    0.692777
  123.000000    0.667735
  128.000000    0.636143
  133.000000    0.668683
  138.000000    0.652232
  143.000000    0.654538
  148.000000    0.646653
  153.000000    0.679324
  158.000000    0.686325
  163.000000    0.666126
  168.000000    0.623332
  173.000000    0.602310
  178.000000    0.618207
  183.000000    0.631013
  188.000000    0.643167
  193.000000    0.672986
  198.000000    0.705656
  203.000000    0.713077
  208.000000    0.689066
  213.000000    0.679204
  218.000000    0.699695
  223.000000    0.714661
  228.000000    0.719819
  233.000000    0.715861
  238.000000    0.719818
  243.000000    0.721668
  248.000000    0.713455
  253.000000    0.704943
  258.000000    0.696216
  263.000000    0.678258
  268.000000    0.661686
  273.000000    0.643337
  278.000000    0.622655
  283.000000    0.620933
  288.000000    0.617312
  293.000000    0.618930
  298.000000    0.629913
  303.000000    0.637600
  308.000000    0.663464
  313.000000    0.673203
  318.000000    0.693485
  323.000000    0.694482
  328.000000    0.690481
  333.000000    0.702696
  338.000000    0.725906
  343.000000    0.730125
  348.000000    0.726452
  353.000000    0.726724
  358.000000    0.704751
  363.000000    0.700639
  368.000000    0.720324
  373.000000    0.775884
  378.000000    0.791776
  383.000000    0.790078
  388.000000    0.758262
  393.000000    0.726853
  398.000000    0.699994
  403.000000    0.697571
  408.000000    0.722098
  413.000000    0.720985
  418.000000    0.715881
  423.000000    0.717786
  428.000000    0.700747
  433.000000    0.695043
  438.000000    0.670838
  443.000000    0.666086
  448.000000    0.667042
  453.000000    0.662167
  458.000000    0.671675
  463.000000    0.679777
  468.000000    0.708426
  473.000000    0.687623
  478.000000    0.687571
  483.000000    0.712904
  488.000000    0.706547
  493.000000    0.711578
  498.000000    0.724673
  503.000000    0.730410
  508.000000    0.719032
  513.000000    0.700866
  518.000000    0.690768
  523.000000    0.705336
  528.000000    0.719915
  533.000000    0.742313
  538.000000    0.782353
  543.000000    0.805187
  548.000000    0.761836
  553.000000    0.757968
  558.000000    0.760789
  563.000000    0.747114
  568.000000    0.741618
  573.000000    0.722401
  578.000000    0.685228
  583.000000    0.673277
  588.000000    0.668710
  593.000000    0.680126
  598.000000    0.720822
  603.000000    0.762288
  608.000000    0.787311
  613.000000    0.793979
  618.000000    0.784569
  623.000000    0.780998
  628.000000    0.767076
  633.000000    0.823141
  638.000000    0.845176
  643.000000    0.838478
  648.000000    0.758934
  653.000000    0.689877
  658.000000    0.647451
  663.000000    0.614339
  668.000000    0.632258
  673.000000    0.652589
  678.000000    0.703867
  683.000000    0.710719
  688.000000    0.722450
  693.000000    0.714465
  698.000000    0.727500
  703.000000    0.674426
  708.000000    0.649955
  713.000000    0.676604
  718.000000    0.701681
  723.000000    0.737955
  728.000000    0.723401
  733.000000    0.752581
  738.000000    0.781175
  743.000000    0.792323
  748.000000    0.753782
  753.000000    0.733821
  758.000000    0.749501
  763.000000    0.783668
  768.000000    0.759407
  773.000000    0.710583
  778.000000    0.679326
  783.000000    0.651279
  788.000000    0.595491
  793.000000    0.595610
  798.000000    0.621002
  803.000000    0.647064
  808.000000    0.661834
  813.000000    0.686906
  818.000000    0.698151
  823.000000    0.695844
  828.000000    0.725611
  833.000000    0.770736
  838.000000    0.783803
  843.000000    0.771837
  848.000000    0.759503
  853.000000    0.729849
  858.000000    0.715657
  863.000000    0.702140
  868.000000    0.685515
  873.000000    0.646809
  878.000000    0.580584
  883.000000    0.542455
  888.000000    0.516643
  893.000000    0.492190
  898.000000    0.480916
  903.000000    0.490961
  908.000000    0.523915
  913.000000    0.552299
  918.000000    0.603603
  923.000000    0.645490
  928.000000    0.668209
  933.000000    0.680771
  938.000000    0.679349
  943.000000    0.691803
  948.000000    0.708437
  953.000000    0.711587
  958.000000    0.728389
  963.000000    0.724127
  968.000000    0.746835
  973.000000    0.749489
  978.000000    0.743402
  983.000000    0.754859
  988.000000    0.743892
  993.000000    0.725980
  998.000000    0.680442
 1003.000000    0.699566
 1008.000000    0.667551
 1013.000000    0.659842
 1018.000000    0.696894
 1023.000000    0.717131
 1028.000000    0.716965
 1033.000000    0.746677
 1038.000000    0.761393
 1043.000000    0.769473
 1048.000000    0.768395
 1053.000000    0.763104
 1058.000000    0.738534
 1063.000000    0.715521
 1068.000000    0.706764
 1073.000000    0.700667
 1078.000000    0.717672
 1083.000000    0.705658
 1088.000000    0.715901
 1093.000000    0.736484
 1098.000000    0.726010
 1103.000000    0.704568
 1108.000000    0.698482
 1113.000000    0.706834
 1118.000000    0.721353
 1123.000000    0.748274
 1128.000000    0.755490
 1133.000000    0.749943
 1138.000000    0.719562
 1143.000000    0.693041
 1148.000000    0.663573
 1153.000000    0.655465
 1158.000000    0.629420
 1163.000000    0.599963
 1168.000000    0.569568
 1173.000000    0.573796
 1178.000000    0.610603
 1183.000000    0.619519
 1188.000000    0.636137
 1193.000000    0.670702
 1198.000000    0.687755
 1203.000000    0.709098
 1208.000000    0.715360
 1213.000000    0.687971
 1218.000000    0.662461
 1223.000000    0.668186
 1228.000000    0.699859
 1233.000000    0.696979
 1238.000000    0.695432
 1243.000000    0.699345
 1248.000000    0.687684
 1253.000000    0.695535
 1258.000000    0.669387
 1263.000000    0.653072
 1268.000000    0.648435
 1273.000000    0.601620
 1278.000000    0.584768
 1283.000000    0.630191
 1288.000000    0.650227
 1293.000000    0.654181
 1298.000000    0.663693
 1303.000000    0.683045
 1308.000000    0.709767
 1313.000000    0.690349
 1318.000000    0.710067
 1323.000000    0.702286
 1328.000000    0.693253
 1333.000000    0.690005
 1338.000000    0.714537
 1343.000000    0.683412
 1348.000000    0.653514
 1353.000000    0.665661
 1358.000000    0.674193
 1363.000000    0.720318
 1368.000000    0.768657
 1373.000000    0.785508
 1378.000000    0.787910
 1383.000000    0.787032
 1388.000000    0.765757
 1393.000000    0.747787
 1398.000000    0.745544
 1403.000000    0.739516
 1408.000000    0.713753
 1413.000000    0.687281
 1418.000000    0.682611
 1423.000000    0.693501
 1428.000000    0.701954
 1433.000000    0.714400
 1438.000000    0.727822
 1443.000000    0.732168
 1448.000000    0.714672
 1453.000000    0.722685
 1458.000000    0.717138
 1463.000000    0.703917
 1468.000000    0.684264
 1473.000000    0.697828
 1478.000000    0.668233
 1483.000000    0.634780
 1488.000000    0.613188
 1493.000000    0.601750
 1498.000000    0.628929
 1503.000000    0.649427
 1508.000000    0.678557
 1513.000000    0.727908
 1518.000000    0.756618
 1523.000000    0.755044
 1528.000000    0.745388
 1533.000000    0.737321
 1538.000000    0.701073
 1543.000000    0.695423
 1548.000000    0.708117
 1553.000000    0.703554
 1558.000000    0.688960
 1563.000000    0.689186
 1568.000000    0.717682
 1573.000000    0.720271
 1578.000000    0.684732
 1583.000000    0.680955
 1588.000000    0.712729
 1593.000000    0.704217
 1598.000000    0.712331
 1603.000000    0.670076
 1608.000000    0.664241
 1613.000000    0.658736
 1618.000000    0.641265
 1623.000000    0.632191
 1628.000000    0.617683
 1633.000000    0.589766
 1638.000000    0.588038
 1643.000000    0.576263
 1648.000000    0.571523
 1653.000000    0.564682
 1658.000000    0.579353
 1663.000000    0.641045
 1668.000000    0.653403
 1673.000000    0.692625
 1678.000000    0.724371
 1683.000000    0.761661
 1688.000000    0.767054
 1693.000000    0.769402
 1698.000000    0.774773
 1703.000000    0.775416
