#  pixel_depth  alphabetafraction   >  Analysis of alpha beta fraction
  178.000000    0.814446
  183.000000    0.835442
  188.000000    0.820373
  193.000000    0.799359
  198.000000    0.783330
  203.000000    0.767430
  208.000000    0.754550
  213.000000    0.743778
  218.000000    0.729079
  223.000000    0.739738
  228.000000    0.733217
  233.000000    0.715820
  238.000000    0.720952
  243.000000    0.722891
  248.000000    0.732524
  253.000000    0.745386
  258.000000    0.759827
  263.000000    0.749139
  268.000000    0.739993
  273.000000    0.751962
  278.000000    0.756893
  283.000000    0.741244
  288.000000    0.720351
  293.000000    0.711813
  298.000000    0.699507
  303.000000    0.665758
  308.000000    0.692837
  313.000000    0.701287
  318.000000    0.723919
  323.000000    0.742522
  328.000000    0.754965
  333.000000    0.747440
  338.000000    0.745328
  343.000000    0.767180
  348.000000    0.777995
  353.000000    0.768915
  358.000000    0.764747
  363.000000    0.777061
  368.000000    0.757992
  373.000000    0.724863
  378.000000    0.724502
  383.000000    0.716702
  388.000000    0.719762
  393.000000    0.692485
  398.000000    0.678768
  403.000000    0.664446
  408.000000    0.686063
  413.000000    0.713347
  418.000000    0.705061
  423.000000    0.710234
  428.000000    0.701579
  433.000000    0.664957
  438.000000    0.669199
  443.000000    0.678018
  448.000000    0.685203
  453.000000    0.669387
  458.000000    0.648192
  463.000000    0.656569
  468.000000    0.667978
  473.000000    0.694396
  478.000000    0.713803
  483.000000    0.687293
  488.000000    0.686035
  493.000000    0.666819
  498.000000    0.658525
  503.000000    0.658849
  508.000000    0.652210
  513.000000    0.668904
  518.000000    0.654761
  523.000000    0.609301
  528.000000    0.650156
  533.000000    0.654743
  538.000000    0.657049
  543.000000    0.668120
  548.000000    0.676583
  553.000000    0.694539
  558.000000    0.690084
  563.000000    0.681005
  568.000000    0.675565
  573.000000    0.688501
  578.000000    0.716115
  583.000000    0.719135
  588.000000    0.706151
  593.000000    0.714004
  598.000000    0.721996
  603.000000    0.710621
  608.000000    0.722038
  613.000000    0.735968
  618.000000    0.734516
  623.000000    0.725739
  628.000000    0.702879
  633.000000    0.680519
  638.000000    0.707742
  643.000000    0.718635
  648.000000    0.718237
  653.000000    0.683922
  658.000000    0.646363
  663.000000    0.652832
  668.000000    0.646126
  673.000000    0.668498
  678.000000    0.683426
  683.000000    0.688123
  688.000000    0.677619
  693.000000    0.700317
  698.000000    0.690205
  703.000000    0.680072
  708.000000    0.685687
  713.000000    0.717928
  718.000000    0.724376
  723.000000    0.757634
  728.000000    0.756119
  733.000000    0.759671
  738.000000    0.768933
  743.000000    0.754982
  748.000000    0.714850
  753.000000    0.713297
  758.000000    0.662916
  763.000000    0.627418
  768.000000    0.626428
  773.000000    0.609113
  778.000000    0.598613
  783.000000    0.614394
  788.000000    0.632625
  793.000000    0.629810
  798.000000    0.628998
  803.000000    0.662216
  808.000000    0.710762
  813.000000    0.714816
  818.000000    0.722364
  823.000000    0.717718
  828.000000    0.700328
  833.000000    0.697176
  838.000000    0.691861
  843.000000    0.684949
  848.000000    0.650624
  853.000000    0.638953
  858.000000    0.652769
  863.000000    0.645739
  868.000000    0.689718
  873.000000    0.736651
  878.000000    0.770831
  883.000000    0.778752
  888.000000    0.770908
  893.000000    0.735105
  898.000000    0.717929
  903.000000    0.711470
  908.000000    0.692164
  913.000000    0.681818
  918.000000    0.674911
  923.000000    0.638405
  928.000000    0.639443
  933.000000    0.636476
  938.000000    0.628297
  943.000000    0.631265
  948.000000    0.643875
  953.000000    0.653361
  958.000000    0.650810
  963.000000    0.657640
  968.000000    0.680697
  973.000000    0.692724
  978.000000    0.691700
  983.000000    0.687137
  988.000000    0.677745
  993.000000    0.670368
  998.000000    0.672185
 1003.000000    0.712611
 1008.000000    0.727243
 1013.000000    0.730829
 1018.000000    0.752711
 1023.000000    0.744755
 1028.000000    0.739820
 1033.000000    0.729671
 1038.000000    0.718582
 1043.000000    0.701037
 1048.000000    0.673479
 1053.000000    0.676868
 1058.000000    0.673437
 1063.000000    0.641655
 1068.000000    0.605797
 1073.000000    0.606321
 1078.000000    0.608607
 1083.000000    0.597117
 1088.000000    0.586832
 1093.000000    0.554160
 1098.000000    0.537718
 1103.000000    0.560935
 1108.000000    0.558870
 1113.000000    0.543057
 1118.000000    0.576153
 1123.000000    0.579932
 1128.000000    0.595260
 1133.000000    0.595430
 1138.000000    0.605542
 1143.000000    0.642218
 1148.000000    0.666764
 1153.000000    0.691453
 1158.000000    0.689903
 1163.000000    0.668610
 1168.000000    0.651504
 1173.000000    0.626510
 1178.000000    0.605451
 1183.000000    0.604723
 1188.000000    0.641911
 1193.000000    0.657554
 1198.000000    0.632211
 1203.000000    0.629349
 1208.000000    0.641961
 1213.000000    0.674350
 1218.000000    0.661176
 1223.000000    0.674593
 1228.000000    0.687023
 1233.000000    0.699114
 1238.000000    0.719947
 1243.000000    0.718174
 1248.000000    0.720877
 1253.000000    0.711472
 1258.000000    0.688944
 1263.000000    0.663170
 1268.000000    0.694335
 1273.000000    0.724014
 1278.000000    0.742562
 1283.000000    0.748442
 1288.000000    0.738819
 1293.000000    0.750966
 1298.000000    0.762459
 1303.000000    0.756670
 1308.000000    0.752801
 1313.000000    0.730456
 1318.000000    0.719139
 1323.000000    0.724023
 1328.000000    0.710055
 1333.000000    0.694989
 1338.000000    0.653002
 1343.000000    0.662980
 1348.000000    0.680558
 1353.000000    0.681492
 1358.000000    0.686377
 1363.000000    0.684061
 1368.000000    0.677302
 1373.000000    0.666073
 1378.000000    0.671691
 1383.000000    0.721837
 1388.000000    0.722833
 1393.000000    0.682584
 1398.000000    0.685996
 1403.000000    0.697166
 1408.000000    0.684907
 1413.000000    0.694384
 1418.000000    0.668675
 1423.000000    0.698463
 1428.000000    0.722022
 1433.000000    0.709507
 1438.000000    0.715366
 1443.000000    0.702729
 1448.000000    0.676424
 1453.000000    0.686579
 1458.000000    0.665297
 1463.000000    0.663616
 1468.000000    0.676377
 1473.000000    0.682691
 1478.000000    0.695338
 1483.000000    0.685533
 1488.000000    0.672825
 1493.000000    0.652433
 1498.000000    0.662270
 1503.000000    0.668710
 1508.000000    0.663567
 1513.000000    0.665753
 1518.000000    0.704833
 1523.000000    0.703865
 1528.000000    0.710698
 1533.000000    0.705989
 1538.000000    0.693424
 1543.000000    0.692456
 1548.000000    0.704559
 1553.000000    0.672881
 1558.000000    0.650407
 1563.000000    0.663186
 1568.000000    0.662164
 1573.000000    0.667784
 1578.000000    0.680997
 1583.000000    0.697414
 1588.000000    0.709617
 1593.000000    0.751887
 1598.000000    0.778321
 1603.000000    0.757494
 1608.000000    0.724849
 1613.000000    0.691515
 1618.000000    0.660586
 1623.000000    0.626085
 1628.000000    0.620380
 1633.000000    0.573236
 1638.000000    0.571544
 1643.000000    0.590727
 1648.000000    0.633529
 1653.000000    0.650836
 1658.000000    0.662557
 1663.000000    0.657249
 1668.000000    0.671188
 1673.000000    0.680055
 1678.000000    0.656409
 1683.000000    0.671229
 1688.000000    0.682267
 1693.000000    0.720179
 1698.000000    0.748317
 1703.000000    0.735280
 1708.000000    0.697595
 1713.000000    0.664919
 1718.000000    0.659528
 1723.000000    0.665512
 1728.000000    0.650471
 1733.000000    0.614268
 1738.000000    0.579191
 1743.000000    0.579453
 1748.000000    0.580781
 1753.000000    0.612453
 1758.000000    0.638714
 1763.000000    0.668917
 1768.000000    0.666972
 1773.000000    0.652462
 1778.000000    0.640709
 1783.000000    0.650927
 1788.000000    0.643591
 1793.000000    0.651399
 1798.000000    0.637969
 1803.000000    0.642644
 1808.000000    0.633863
 1813.000000    0.629702
 1818.000000    0.660146
 1823.000000    0.666884
 1828.000000    0.655853
 1833.000000    0.653601
 1838.000000    0.656926
 1843.000000    0.672792
 1848.000000    0.696786
 1853.000000    0.715021
 1858.000000    0.716326
 1863.000000    0.698979
 1868.000000    0.701045
 1873.000000    0.710722
 1878.000000    0.730489
 1883.000000    0.732942
 1888.000000    0.705565
 1893.000000    0.720575
 1898.000000    0.724472
 1903.000000    0.704382
 1908.000000    0.696718
 1913.000000    0.705679
 1918.000000    0.681777
 1923.000000    0.664109
 1928.000000    0.668732
 1933.000000    0.651761
 1938.000000    0.641409
 1943.000000    0.655841
