#  pixel_depth  alphabetafraction   >  Analysis of alpha beta fraction
    5.000000    0.709010
   10.000000    0.707579
   15.000000    0.698580
   20.000000    0.709385
   25.000000    0.673235
   30.000000    0.675280
   35.000000    0.676066
   40.000000    0.674605
   45.000000    0.684745
   50.000000    0.670630
   55.000000    0.662357
   60.000000    0.667891
   65.000000    0.665871
   70.000000    0.671232
   75.000000    0.721249
   80.000000    0.724467
   85.000000    0.711032
   90.000000    0.691438
   95.000000    0.672299
  100.000000    0.667750
  105.000000    0.673464
  110.000000    0.668162
  115.000000    0.684010
  120.000000    0.697229
  125.000000    0.676299
  130.000000    0.650827
  135.000000    0.655190
  140.000000    0.642694
  145.000000    0.646905
  150.000000    0.638618
  155.000000    0.641933
  160.000000    0.619564
  165.000000    0.641432
  170.000000    0.635514
  175.000000    0.632030
  180.000000    0.647825
  185.000000    0.637964
  190.000000    0.654965
  195.000000    0.630023
  200.000000    0.672915
  205.000000    0.677981
  210.000000    0.674290
  215.000000    0.695373
  220.000000    0.695899
  225.000000    0.715397
  230.000000    0.758737
  235.000000    0.780591
  240.000000    0.790754
  245.000000    0.778499
  250.000000    0.778614
  255.000000    0.791850
  260.000000    0.786526
  265.000000    0.753826
  270.000000    0.769224
  275.000000    0.748250
  280.000000    0.760247
  285.000000    0.761080
  290.000000    0.773738
  295.000000    0.780219
  300.000000    0.782002
  305.000000    0.766895
  310.000000    0.749670
  315.000000    0.692592
  320.000000    0.624175
  325.000000    0.583908
  330.000000    0.597864
  335.000000    0.619309
  340.000000    0.634275
  345.000000    0.631550
  350.000000    0.666638
  355.000000    0.712130
  360.000000    0.756398
  365.000000    0.778615
  370.000000    0.795485
  375.000000    0.775668
  380.000000    0.785137
  385.000000    0.811394
  390.000000    0.839167
  395.000000    0.840447
  400.000000    0.838002
  405.000000    0.826214
  410.000000    0.810727
  415.000000    0.781374
  420.000000    0.750427
  425.000000    0.709002
  430.000000    0.684544
  435.000000    0.655299
  440.000000    0.624921
  445.000000    0.595055
  450.000000    0.550432
  455.000000    0.558880
  460.000000    0.551348
  465.000000    0.588364
  470.000000    0.607970
  475.000000    0.631641
  480.000000    0.637972
  485.000000    0.677780
  490.000000    0.729964
  495.000000    0.748549
  500.000000    0.790366
  505.000000    0.836786
  510.000000    0.856476
  515.000000    0.848645
  520.000000    0.834247
  525.000000    0.822600
  530.000000    0.798118
  535.000000    0.817864
  540.000000    0.823309
  545.000000    0.830839
  550.000000    0.804702
  555.000000    0.782339
  560.000000    0.786256
  565.000000    0.777636
  570.000000    0.751891
  575.000000    0.725502
  580.000000    0.697077
  585.000000    0.675535
  590.000000    0.665762
  595.000000    0.686449
  600.000000    0.698884
  605.000000    0.689758
  610.000000    0.710560
  615.000000    0.731515
  620.000000    0.740823
  625.000000    0.737562
  630.000000    0.727890
  635.000000    0.677575
  640.000000    0.629650
  645.000000    0.641071
  650.000000    0.661662
  655.000000    0.666629
  660.000000    0.670317
  665.000000    0.667219
  670.000000    0.700319
  675.000000    0.718589
  680.000000    0.689330
  685.000000    0.658466
  690.000000    0.690886
  695.000000    0.714047
  700.000000    0.731701
  705.000000    0.720642
  710.000000    0.658746
  715.000000    0.646546
  720.000000    0.680032
  725.000000    0.674549
  730.000000    0.663682
  735.000000    0.702507
  740.000000    0.728981
  745.000000    0.740168
  750.000000    0.763511
  755.000000    0.777424
  760.000000    0.759811
  765.000000    0.760624
  770.000000    0.734511
  775.000000    0.706856
  780.000000    0.693069
  785.000000    0.700604
  790.000000    0.685946
  795.000000    0.719469
  800.000000    0.746442
  805.000000    0.744592
  810.000000    0.738693
  815.000000    0.769283
  820.000000    0.775378
  825.000000    0.775724
  830.000000    0.768896
  835.000000    0.747929
  840.000000    0.706816
  845.000000    0.706059
  850.000000    0.684986
  855.000000    0.663357
  860.000000    0.641637
  865.000000    0.657728
  870.000000    0.653029
  875.000000    0.643450
  880.000000    0.646883
  885.000000    0.658455
  890.000000    0.670592
  895.000000    0.696786
  900.000000    0.721450
  905.000000    0.736033
  910.000000    0.706442
  915.000000    0.664609
  920.000000    0.664974
  925.000000    0.654392
  930.000000    0.647210
  935.000000    0.644005
  940.000000    0.622089
  945.000000    0.647006
  950.000000    0.666604
  955.000000    0.698001
  960.000000    0.756848
  965.000000    0.770312
  970.000000    0.777373
  975.000000    0.797454
  980.000000    0.790247
  985.000000    0.784515
  990.000000    0.782754
  995.000000    0.765655
 1000.000000    0.753997
 1005.000000    0.723768
 1010.000000    0.728543
 1015.000000    0.702434
 1020.000000    0.703928
 1025.000000    0.698575
 1030.000000    0.696687
 1035.000000    0.707244
 1040.000000    0.725570
 1045.000000    0.740903
 1050.000000    0.764919
 1055.000000    0.772834
 1060.000000    0.782415
 1065.000000    0.769517
 1070.000000    0.773347
 1075.000000    0.758085
 1080.000000    0.747798
 1085.000000    0.748938
 1090.000000    0.757259
 1095.000000    0.761067
 1100.000000    0.753705
 1105.000000    0.727779
 1110.000000    0.702850
 1115.000000    0.733334
 1120.000000    0.785040
 1125.000000    0.784731
 1130.000000    0.768411
 1135.000000    0.751958
 1140.000000    0.728711
 1145.000000    0.701320
 1150.000000    0.658775
 1155.000000    0.615530
 1160.000000    0.603985
 1165.000000    0.600643
 1170.000000    0.588217
 1175.000000    0.582647
 1180.000000    0.576913
 1185.000000    0.592341
 1190.000000    0.579991
 1195.000000    0.511298
 1200.000000    0.501260
 1205.000000    0.568288
 1210.000000    0.620173
 1215.000000    0.648919
 1220.000000    0.659628
 1225.000000    0.683877
 1230.000000    0.705097
 1235.000000    0.725536
 1240.000000    0.726335
 1245.000000    0.697246
 1250.000000    0.698237
 1255.000000    0.715489
 1260.000000    0.746390
 1265.000000    0.735815
 1270.000000    0.750695
 1275.000000    0.754501
 1280.000000    0.736698
 1285.000000    0.698929
 1290.000000    0.697981
