#  pixel_depth  alphabetafraction   >  Analysis of alpha beta fraction
  299.000000    0.768073
  304.000000    0.762052
  309.000000    0.767206
  314.000000    0.769714
  319.000000    0.780901
  324.000000    0.787012
  329.000000    0.803501
  334.000000    0.808830
  339.000000    0.826143
  344.000000    0.848704
  349.000000    0.835545
  354.000000    0.816237
  359.000000    0.794905
  364.000000    0.783509
  369.000000    0.791860
  374.000000    0.780651
  379.000000    0.768045
  384.000000    0.754055
  389.000000    0.737758
  394.000000    0.721633
  399.000000    0.693461
  404.000000    0.694917
  409.000000    0.693555
  414.000000    0.666742
  419.000000    0.662916
  424.000000    0.652778
  429.000000    0.681042
  434.000000    0.693727
  439.000000    0.696969
  444.000000    0.700834
  449.000000    0.689338
  454.000000    0.712130
  459.000000    0.736079
  464.000000    0.750523
  469.000000    0.750595
  474.000000    0.767310
  479.000000    0.765412
  484.000000    0.753929
  489.000000    0.761180
  494.000000    0.753519
  499.000000    0.761722
  504.000000    0.785716
  509.000000    0.774970
  514.000000    0.756843
  519.000000    0.733459
  524.000000    0.722924
  529.000000    0.749763
  534.000000    0.783873
  539.000000    0.784574
  544.000000    0.786363
  549.000000    0.781636
  554.000000    0.784550
  559.000000    0.747640
  564.000000    0.745378
  569.000000    0.741195
  574.000000    0.730854
  579.000000    0.729353
  584.000000    0.745359
  589.000000    0.757992
  594.000000    0.763210
  599.000000    0.746930
  604.000000    0.695384
  609.000000    0.661613
  614.000000    0.654290
  619.000000    0.662334
  624.000000    0.681502
  629.000000    0.711795
  634.000000    0.728968
  639.000000    0.744698
  644.000000    0.765556
  649.000000    0.751944
  654.000000    0.769418
  659.000000    0.784176
  664.000000    0.806041
  669.000000    0.809270
  674.000000    0.817207
  679.000000    0.815912
  684.000000    0.811054
  689.000000    0.788434
  694.000000    0.795420
  699.000000    0.774204
  704.000000    0.747712
  709.000000    0.751057
  714.000000    0.761194
  719.000000    0.753258
  724.000000    0.759580
  729.000000    0.773311
  734.000000    0.755830
  739.000000    0.745763
  744.000000    0.744727
  749.000000    0.756230
  754.000000    0.747740
  759.000000    0.720907
  764.000000    0.721232
  769.000000    0.749007
  774.000000    0.759242
  779.000000    0.771257
  784.000000    0.790695
  789.000000    0.795327
  794.000000    0.783295
  799.000000    0.788048
  804.000000    0.775491
  809.000000    0.766043
  814.000000    0.758142
  819.000000    0.746959
  824.000000    0.756549
  829.000000    0.755875
  834.000000    0.711716
  839.000000    0.688331
  844.000000    0.690896
  849.000000    0.690119
  854.000000    0.669731
  859.000000    0.703305
  864.000000    0.749508
  869.000000    0.764929
  874.000000    0.764201
  879.000000    0.769843
  884.000000    0.794747
  889.000000    0.808403
  894.000000    0.811140
  899.000000    0.833291
  904.000000    0.825570
  909.000000    0.810937
  914.000000    0.785700
  919.000000    0.754330
  924.000000    0.738606
  929.000000    0.716663
  934.000000    0.663245
  939.000000    0.649364
  944.000000    0.652410
  949.000000    0.634991
  954.000000    0.634864
  959.000000    0.681954
  964.000000    0.683974
  969.000000    0.760995
  974.000000    0.769139
  979.000000    0.806485
  984.000000    0.835278
  989.000000    0.812350
  994.000000    0.752213
  999.000000    0.703496
 1004.000000    0.676887
 1009.000000    0.662928
 1014.000000    0.641337
 1019.000000    0.665602
 1024.000000    0.702350
 1029.000000    0.744241
 1034.000000    0.743099
 1039.000000    0.749383
 1044.000000    0.744325
 1049.000000    0.769566
 1054.000000    0.775280
 1059.000000    0.738838
 1064.000000    0.753771
 1069.000000    0.757198
 1074.000000    0.755839
 1079.000000    0.765228
 1084.000000    0.771836
 1089.000000    0.808089
 1094.000000    0.794465
 1099.000000    0.790052
 1104.000000    0.784451
 1109.000000    0.760860
 1114.000000    0.799982
 1119.000000    0.809545
 1124.000000    0.772892
 1129.000000    0.785947
 1134.000000    0.777361
 1139.000000    0.751083
 1144.000000    0.764290
 1149.000000    0.795010
 1154.000000    0.804018
 1159.000000    0.802551
 1164.000000    0.807481
 1169.000000    0.800708
 1174.000000    0.787883
 1179.000000    0.765597
 1184.000000    0.707320
 1189.000000    0.665095
 1194.000000    0.667239
 1199.000000    0.666792
 1204.000000    0.675530
 1209.000000    0.702710
 1214.000000    0.732434
 1219.000000    0.758466
 1224.000000    0.768265
 1229.000000    0.777457
 1234.000000    0.786968
 1239.000000    0.787307
 1244.000000    0.749664
 1249.000000    0.779421
 1254.000000    0.778976
 1259.000000    0.790283
 1264.000000    0.794875
 1269.000000    0.789348
 1274.000000    0.789444
 1279.000000    0.804096
 1284.000000    0.800711
 1289.000000    0.808146
 1294.000000    0.805332
 1299.000000    0.807429
 1304.000000    0.819329
 1309.000000    0.805416
 1314.000000    0.795423
 1319.000000    0.796370
 1324.000000    0.790565
 1329.000000    0.819084
 1334.000000    0.820490
 1339.000000    0.812207
 1344.000000    0.792192
 1349.000000    0.737699
 1354.000000    0.731382
 1359.000000    0.762715
 1364.000000    0.813532
 1369.000000    0.834763
 1374.000000    0.853320
 1379.000000    0.849908
 1384.000000    0.834025
 1389.000000    0.828393
 1394.000000    0.813193
 1399.000000    0.786745
 1404.000000    0.773725
 1409.000000    0.783697
 1414.000000    0.769154
 1419.000000    0.751934
 1424.000000    0.755662
 1429.000000    0.765093
 1434.000000    0.749295
 1439.000000    0.739584
 1444.000000    0.752541
 1449.000000    0.762172
 1454.000000    0.780999
 1459.000000    0.811640
 1464.000000    0.804835
 1469.000000    0.800860
 1474.000000    0.807498
 1479.000000    0.820485
 1484.000000    0.820606
 1489.000000    0.814429
 1494.000000    0.787924
 1499.000000    0.770035
 1504.000000    0.771744
 1509.000000    0.799806
 1514.000000    0.803861
 1519.000000    0.786870
 1524.000000    0.745568
 1529.000000    0.728494
 1534.000000    0.733993
 1539.000000    0.736316
 1544.000000    0.711351
 1549.000000    0.695722
 1554.000000    0.700336
 1559.000000    0.688157
 1564.000000    0.715305
 1569.000000    0.772088
 1574.000000    0.770190
 1579.000000    0.796628
 1584.000000    0.823182
 1589.000000    0.825281
 1594.000000    0.813085
 1599.000000    0.809668
 1604.000000    0.805715
 1609.000000    0.801419
 1614.000000    0.788777
 1619.000000    0.773430
 1624.000000    0.752153
 1629.000000    0.735948
 1634.000000    0.726088
 1639.000000    0.710781
 1644.000000    0.694676
 1649.000000    0.720129
 1654.000000    0.747599
 1659.000000    0.790105
 1664.000000    0.778474
 1669.000000    0.805248
 1674.000000    0.792527
 1679.000000    0.751242
 1684.000000    0.712063
 1689.000000    0.733874
 1694.000000    0.736405
 1699.000000    0.720409
 1704.000000    0.732483
 1709.000000    0.732575
 1714.000000    0.738368
 1719.000000    0.775608
 1724.000000    0.786205
 1729.000000    0.803554
 1734.000000    0.789819
 1739.000000    0.773132
 1744.000000    0.753228
 1749.000000    0.736750
 1754.000000    0.731268
 1759.000000    0.718685
 1764.000000    0.727109
 1769.000000    0.754086
 1774.000000    0.744428
 1779.000000    0.729503
 1784.000000    0.759498
 1789.000000    0.782956
 1794.000000    0.802536
 1799.000000    0.811551
 1804.000000    0.823095
 1809.000000    0.821497
 1814.000000    0.827189
 1819.000000    0.846338
 1824.000000    0.817179
 1829.000000    0.801574
 1834.000000    0.761495
 1839.000000    0.726538
 1844.000000    0.689510
 1849.000000    0.691249
 1854.000000    0.674495
 1859.000000    0.655017
 1864.000000    0.654191
 1869.000000    0.653240
 1874.000000    0.696604
 1879.000000    0.735971
 1884.000000    0.736127
 1889.000000    0.726246
 1894.000000    0.723661
 1899.000000    0.738830
 1904.000000    0.736141
 1909.000000    0.763976
 1914.000000    0.776948
 1919.000000    0.826120
 1924.000000    0.820846
 1929.000000    0.801441
 1934.000000    0.815014
 1939.000000    0.807211
