#  pixel_depth  alphabetafraction   >  Analysis of alpha beta fraction
  259.000000    0.572929
  264.000000    0.586195
  269.000000    0.601992
  274.000000    0.618394
  279.000000    0.625378
  284.000000    0.622294
  289.000000    0.614567
  294.000000    0.604934
  299.000000    0.592206
  304.000000    0.599638
  309.000000    0.599216
  314.000000    0.601362
  319.000000    0.569792
  324.000000    0.580660
  329.000000    0.591496
  334.000000    0.582484
  339.000000    0.559788
  344.000000    0.582699
  349.000000    0.613552
  354.000000    0.617716
  359.000000    0.607498
  364.000000    0.624089
  369.000000    0.628477
  374.000000    0.629327
  379.000000    0.595836
  384.000000    0.579715
  389.000000    0.583475
  394.000000    0.589629
  399.000000    0.607607
  404.000000    0.629456
  409.000000    0.628354
  414.000000    0.658065
  419.000000    0.677009
  424.000000    0.705766
  429.000000    0.726000
  434.000000    0.744089
  439.000000    0.748794
  444.000000    0.722237
  449.000000    0.691054
  454.000000    0.651998
  459.000000    0.625155
  464.000000    0.608778
  469.000000    0.605179
  474.000000    0.595004
  479.000000    0.599685
  484.000000    0.609531
  489.000000    0.625695
  494.000000    0.624836
  499.000000    0.630647
  504.000000    0.625572
  509.000000    0.636718
  514.000000    0.670681
  519.000000    0.717420
  524.000000    0.697413
  529.000000    0.655828
  534.000000    0.654634
  539.000000    0.630350
  544.000000    0.607044
  549.000000    0.585291
  554.000000    0.566426
  559.000000    0.534980
  564.000000    0.512001
  569.000000    0.499242
  574.000000    0.486372
  579.000000    0.492543
  584.000000    0.519073
  589.000000    0.527187
  594.000000    0.562206
  599.000000    0.589320
  604.000000    0.625975
  609.000000    0.629661
  614.000000    0.631950
  619.000000    0.628996
  624.000000    0.627109
  629.000000    0.653966
  634.000000    0.651141
  639.000000    0.648653
  644.000000    0.643862
  649.000000    0.603927
  654.000000    0.570396
  659.000000    0.506126
  664.000000    0.488033
  669.000000    0.491314
  674.000000    0.495625
  679.000000    0.490255
  684.000000    0.507337
  689.000000    0.527956
  694.000000    0.525481
  699.000000    0.558704
  704.000000    0.558340
  709.000000    0.533742
  714.000000    0.545277
  719.000000    0.539264
  724.000000    0.538612
  729.000000    0.533828
  734.000000    0.569577
  739.000000    0.588338
  744.000000    0.579911
  749.000000    0.575213
  754.000000    0.573058
  759.000000    0.582720
  764.000000    0.575231
  769.000000    0.573633
  774.000000    0.582684
  779.000000    0.583810
  784.000000    0.588870
  789.000000    0.616945
  794.000000    0.621040
  799.000000    0.609963
  804.000000    0.625682
  809.000000    0.638298
  814.000000    0.639791
  819.000000    0.641402
  824.000000    0.633837
  829.000000    0.628409
  834.000000    0.628287
  839.000000    0.657069
  844.000000    0.638499
  849.000000    0.653883
  854.000000    0.678394
  859.000000    0.707391
  864.000000    0.729447
  869.000000    0.707693
  874.000000    0.708376
  879.000000    0.705393
  884.000000    0.683852
  889.000000    0.660410
  894.000000    0.652122
  899.000000    0.632550
  904.000000    0.615361
  909.000000    0.612614
  914.000000    0.577327
  919.000000    0.584064
  924.000000    0.565030
  929.000000    0.618665
  934.000000    0.648706
  939.000000    0.673688
  944.000000    0.685998
  949.000000    0.683669
  954.000000    0.679916
  959.000000    0.645923
  964.000000    0.604575
  969.000000    0.591201
  974.000000    0.587285
  979.000000    0.588259
  984.000000    0.598548
  989.000000    0.582930
  994.000000    0.594007
  999.000000    0.625610
 1004.000000    0.659328
 1009.000000    0.685074
 1014.000000    0.687087
 1019.000000    0.707669
 1024.000000    0.717103
 1029.000000    0.723222
 1034.000000    0.702817
 1039.000000    0.685709
 1044.000000    0.671043
 1049.000000    0.655042
 1054.000000    0.662266
 1059.000000    0.661285
 1064.000000    0.663449
 1069.000000    0.687666
 1074.000000    0.689440
 1079.000000    0.687831
 1084.000000    0.686882
 1089.000000    0.703148
 1094.000000    0.687999
 1099.000000    0.698234
 1104.000000    0.661713
 1109.000000    0.597420
 1114.000000    0.585366
 1119.000000    0.559002
 1124.000000    0.575873
 1129.000000    0.606251
 1134.000000    0.617460
 1139.000000    0.654810
 1144.000000    0.668936
 1149.000000    0.661794
 1154.000000    0.643961
 1159.000000    0.627705
 1164.000000    0.620600
 1169.000000    0.606995
 1174.000000    0.596634
 1179.000000    0.585342
 1184.000000    0.586695
 1189.000000    0.601026
 1194.000000    0.605616
 1199.000000    0.603978
 1204.000000    0.621482
 1209.000000    0.622009
 1214.000000    0.602902
 1219.000000    0.569831
 1224.000000    0.561068
 1229.000000    0.557078
 1234.000000    0.561230
 1239.000000    0.547165
 1244.000000    0.565450
 1249.000000    0.570771
 1254.000000    0.575438
 1259.000000    0.593817
 1264.000000    0.596898
 1269.000000    0.609852
 1274.000000    0.628193
 1279.000000    0.649046
 1284.000000    0.662993
 1289.000000    0.683351
 1294.000000    0.708982
 1299.000000    0.743342
 1304.000000    0.776821
 1309.000000    0.777847
 1314.000000    0.767696
 1319.000000    0.739794
 1324.000000    0.724565
 1329.000000    0.706147
 1334.000000    0.674478
 1339.000000    0.646287
 1344.000000    0.648588
 1349.000000    0.657124
 1354.000000    0.659561
 1359.000000    0.671023
 1364.000000    0.682592
 1369.000000    0.696814
 1374.000000    0.708909
 1379.000000    0.704928
 1384.000000    0.699505
 1389.000000    0.708522
 1394.000000    0.667771
 1399.000000    0.642481
 1404.000000    0.637951
 1409.000000    0.647262
 1414.000000    0.657111
 1419.000000    0.668318
 1424.000000    0.688453
 1429.000000    0.715174
 1434.000000    0.707317
 1439.000000    0.685450
 1444.000000    0.635454
 1449.000000    0.612476
 1454.000000    0.594364
 1459.000000    0.562592
 1464.000000    0.534566
 1469.000000    0.550553
 1474.000000    0.591955
 1479.000000    0.610532
 1484.000000    0.624631
 1489.000000    0.644391
 1494.000000    0.659978
 1499.000000    0.633329
 1504.000000    0.601682
 1509.000000    0.578160
 1514.000000    0.597511
 1519.000000    0.631868
 1524.000000    0.598354
 1529.000000    0.622272
 1534.000000    0.637859
 1539.000000    0.632665
 1544.000000    0.638702
 1549.000000    0.630125
 1554.000000    0.624382
 1559.000000    0.638095
 1564.000000    0.664756
 1569.000000    0.662498
 1574.000000    0.655292
 1579.000000    0.651655
 1584.000000    0.637991
 1589.000000    0.645965
 1594.000000    0.667088
 1599.000000    0.676766
 1604.000000    0.663754
 1609.000000    0.675824
 1614.000000    0.691191
 1619.000000    0.706284
 1624.000000    0.719488
 1629.000000    0.725344
 1634.000000    0.729041
 1639.000000    0.698610
 1644.000000    0.686936
 1649.000000    0.689618
 1654.000000    0.703573
 1659.000000    0.711442
 1664.000000    0.704018
 1669.000000    0.697058
 1674.000000    0.693209
 1679.000000    0.698176
 1684.000000    0.707017
 1689.000000    0.696553
 1694.000000    0.690291
 1699.000000    0.641959
 1704.000000    0.629225
 1709.000000    0.648279
 1714.000000    0.623336
 1719.000000    0.599324
 1724.000000    0.575643
 1729.000000    0.608340
 1734.000000    0.599688
 1739.000000    0.599162
 1744.000000    0.645774
 1749.000000    0.666437
 1754.000000    0.688201
 1759.000000    0.715663
 1764.000000    0.726552
 1769.000000    0.759301
 1774.000000    0.761440
 1779.000000    0.777232
 1784.000000    0.775673
 1789.000000    0.754465
 1794.000000    0.713399
 1799.000000    0.688283
 1804.000000    0.665731
 1809.000000    0.652060
 1814.000000    0.644003
 1819.000000    0.657696
 1824.000000    0.699056
 1829.000000    0.720239
 1834.000000    0.715637
 1839.000000    0.715250
 1844.000000    0.712959
 1849.000000    0.701991
 1854.000000    0.676411
 1859.000000    0.672734
 1864.000000    0.643275
 1869.000000    0.649644
 1874.000000    0.672690
 1879.000000    0.689808
 1884.000000    0.710748
 1889.000000    0.702421
 1894.000000    0.707382
 1899.000000    0.742370
 1904.000000    0.772893
 1909.000000    0.781745
 1914.000000    0.803579
 1919.000000    0.809952
 1924.000000    0.807253
 1929.000000    0.807186
 1934.000000    0.796017
 1939.000000    0.754704
