#  pixel_depth  alphabetafraction   >  Analysis of alpha beta fraction
    5.000000    0.715374
   10.000000    0.715006
   15.000000    0.730638
   20.000000    0.725386
   25.000000    0.714517
   30.000000    0.717413
   35.000000    0.707598
   40.000000    0.716920
   45.000000    0.751050
   50.000000    0.758235
   55.000000    0.754942
   60.000000    0.746240
   65.000000    0.766545
   70.000000    0.787964
   75.000000    0.793996
   80.000000    0.820059
   85.000000    0.823414
   90.000000    0.830656
   95.000000    0.817141
  100.000000    0.789135
  105.000000    0.738055
  110.000000    0.699935
  115.000000    0.717340
  120.000000    0.722804
  125.000000    0.690155
  130.000000    0.660651
  135.000000    0.663803
  140.000000    0.686249
  145.000000    0.695464
  150.000000    0.714650
  155.000000    0.736386
  160.000000    0.735613
  165.000000    0.737967
  170.000000    0.733222
  175.000000    0.715461
  180.000000    0.670237
  185.000000    0.640230
  190.000000    0.640173
  195.000000    0.658440
  200.000000    0.663718
  205.000000    0.662448
  210.000000    0.694906
  215.000000    0.731496
  220.000000    0.722791
  225.000000    0.740526
  230.000000    0.763849
  235.000000    0.760226
  240.000000    0.725658
  245.000000    0.710524
  250.000000    0.685530
  255.000000    0.678841
  260.000000    0.689611
  265.000000    0.730053
  270.000000    0.760426
  275.000000    0.774111
  280.000000    0.765467
  285.000000    0.754626
  290.000000    0.753980
  295.000000    0.747828
  300.000000    0.739473
  305.000000    0.739257
  310.000000    0.720012
  315.000000    0.689444
  320.000000    0.704868
  325.000000    0.701609
  330.000000    0.691718
  335.000000    0.708854
  340.000000    0.724561
  345.000000    0.748181
  350.000000    0.762117
  355.000000    0.747611
  360.000000    0.756702
  365.000000    0.775852
  370.000000    0.779906
  375.000000    0.760056
  380.000000    0.755207
  385.000000    0.749526
  390.000000    0.745804
  395.000000    0.733675
  400.000000    0.717865
  405.000000    0.718871
  410.000000    0.727710
  415.000000    0.717726
  420.000000    0.708161
  425.000000    0.696231
  430.000000    0.708545
  435.000000    0.713347
  440.000000    0.714770
  445.000000    0.703929
  450.000000    0.705998
  455.000000    0.740663
  460.000000    0.740495
  465.000000    0.739773
  470.000000    0.741251
  475.000000    0.738117
  480.000000    0.748168
  485.000000    0.755723
  490.000000    0.744537
  495.000000    0.731307
  500.000000    0.738289
  505.000000    0.768889
  510.000000    0.764987
  515.000000    0.766029
  520.000000    0.769715
  525.000000    0.770273
  530.000000    0.738961
  535.000000    0.741203
  540.000000    0.714489
  545.000000    0.728918
  550.000000    0.735119
  555.000000    0.722735
  560.000000    0.707025
  565.000000    0.732183
  570.000000    0.739663
  575.000000    0.758816
  580.000000    0.748751
  585.000000    0.740648
  590.000000    0.738138
  595.000000    0.748387
  600.000000    0.750125
  605.000000    0.755335
  610.000000    0.763905
  615.000000    0.751661
  620.000000    0.689534
  625.000000    0.659820
  630.000000    0.655529
  635.000000    0.662077
  640.000000    0.694723
  645.000000    0.719463
  650.000000    0.736641
  655.000000    0.723891
  660.000000    0.711686
  665.000000    0.701977
  670.000000    0.732833
  675.000000    0.772456
  680.000000    0.791282
  685.000000    0.776982
  690.000000    0.744039
  695.000000    0.735399
  700.000000    0.753294
  705.000000    0.776294
  710.000000    0.790593
  715.000000    0.788874
  720.000000    0.805285
  725.000000    0.820917
  730.000000    0.816073
  735.000000    0.804468
  740.000000    0.786053
  745.000000    0.800954
  750.000000    0.801883
  755.000000    0.818505
  760.000000    0.827489
  765.000000    0.837248
  770.000000    0.824516
  775.000000    0.825622
  780.000000    0.825000
  785.000000    0.815301
  790.000000    0.814519
  795.000000    0.813602
  800.000000    0.806016
  805.000000    0.809235
  810.000000    0.806479
  815.000000    0.801551
  820.000000    0.811169
  825.000000    0.833963
  830.000000    0.828200
  835.000000    0.794018
  840.000000    0.784948
  845.000000    0.795494
  850.000000    0.793981
  855.000000    0.784762
  860.000000    0.799537
  865.000000    0.777817
  870.000000    0.726973
  875.000000    0.713682
  880.000000    0.710621
  885.000000    0.727571
  890.000000    0.706899
  895.000000    0.687118
  900.000000    0.687623
  905.000000    0.718546
  910.000000    0.725239
  915.000000    0.766424
  920.000000    0.810634
  925.000000    0.823211
  930.000000    0.793005
  935.000000    0.776681
  940.000000    0.771994
  945.000000    0.740612
  950.000000    0.693545
  955.000000    0.679953
  960.000000    0.653567
  965.000000    0.674949
  970.000000    0.700555
  975.000000    0.729869
  980.000000    0.756036
  985.000000    0.790711
  990.000000    0.824177
  995.000000    0.812353
 1000.000000    0.779701
 1005.000000    0.780295
 1010.000000    0.762232
 1015.000000    0.754347
 1020.000000    0.786085
 1025.000000    0.796857
 1030.000000    0.777940
 1035.000000    0.758042
 1040.000000    0.776693
 1045.000000    0.779342
 1050.000000    0.775706
 1055.000000    0.767776
 1060.000000    0.755030
 1065.000000    0.768772
 1070.000000    0.745454
 1075.000000    0.757304
 1080.000000    0.755655
 1085.000000    0.760148
 1090.000000    0.734370
 1095.000000    0.691579
 1100.000000    0.689458
 1105.000000    0.688687
 1110.000000    0.686459
 1115.000000    0.681142
 1120.000000    0.673590
 1125.000000    0.686191
 1130.000000    0.709599
 1135.000000    0.727616
 1140.000000    0.699555
 1145.000000    0.682299
 1150.000000    0.667270
 1155.000000    0.660108
 1160.000000    0.683991
 1165.000000    0.703806
 1170.000000    0.716490
 1175.000000    0.724042
 1180.000000    0.765878
 1185.000000    0.794661
 1190.000000    0.813858
 1195.000000    0.849329
 1200.000000    0.839429
 1205.000000    0.843836
 1210.000000    0.839316
 1215.000000    0.823872
 1220.000000    0.812475
 1225.000000    0.812771
 1230.000000    0.809182
 1235.000000    0.810692
 1240.000000    0.794016
 1245.000000    0.735369
 1250.000000    0.712313
 1255.000000    0.699494
 1260.000000    0.690979
 1265.000000    0.677537
 1270.000000    0.699805
 1275.000000    0.709525
 1280.000000    0.705451
 1285.000000    0.701336
 1290.000000    0.739377
