#  pixel_depth  alphabetafraction   >  Analysis of alpha beta fraction
   55.000000    0.930038
   60.000000    0.925801
   65.000000    0.921224
   70.000000    0.891789
   75.000000    0.875681
   80.000000    0.883002
   85.000000    0.877614
   90.000000    0.885467
   95.000000    0.877518
  100.000000    0.869248
  105.000000    0.881549
  110.000000    0.883025
  115.000000    0.864406
  120.000000    0.877124
  125.000000    0.878263
  130.000000    0.914535
  135.000000    0.931637
  140.000000    0.927744
  145.000000    0.922105
  150.000000    0.908480
  155.000000    0.899914
  160.000000    0.888810
  165.000000    0.879530
  170.000000    0.869128
  175.000000    0.853721
  180.000000    0.834453
  185.000000    0.828388
  190.000000    0.813639
  195.000000    0.825616
  200.000000    0.826097
  205.000000    0.826701
  210.000000    0.839334
  215.000000    0.853442
  220.000000    0.837118
  225.000000    0.852163
  230.000000    0.881974
  235.000000    0.899296
  240.000000    0.886727
  245.000000    0.894112
  250.000000    0.894759
  255.000000    0.904736
  260.000000    0.882968
  265.000000    0.858388
  270.000000    0.833216
  275.000000    0.807363
  280.000000    0.800180
  285.000000    0.817704
  290.000000    0.818041
  295.000000    0.832317
  300.000000    0.820487
  305.000000    0.812040
  310.000000    0.828513
  315.000000    0.873119
  320.000000    0.895600
  325.000000    0.885431
  330.000000    0.876118
  335.000000    0.856897
  340.000000    0.839295
  345.000000    0.821987
  350.000000    0.809753
  355.000000    0.811347
  360.000000    0.835574
  365.000000    0.829188
  370.000000    0.818345
  375.000000    0.832460
  380.000000    0.868478
  385.000000    0.875224
  390.000000    0.877905
  395.000000    0.874449
  400.000000    0.861559
  405.000000    0.849018
  410.000000    0.840016
  415.000000    0.829576
  420.000000    0.816608
  425.000000    0.827509
  430.000000    0.871680
  435.000000    0.864024
  440.000000    0.866724
  445.000000    0.865463
  450.000000    0.867632
  455.000000    0.884197
  460.000000    0.886485
  465.000000    0.880745
  470.000000    0.870932
  475.000000    0.863888
  480.000000    0.874406
  485.000000    0.879626
  490.000000    0.869126
  495.000000    0.871944
  500.000000    0.862050
  505.000000    0.858051
  510.000000    0.837021
  515.000000    0.820580
  520.000000    0.805062
  525.000000    0.813551
  530.000000    0.831161
  535.000000    0.822616
  540.000000    0.813920
  545.000000    0.825461
  550.000000    0.844314
  555.000000    0.849199
  560.000000    0.838728
  565.000000    0.822026
  570.000000    0.777203
  575.000000    0.754080
  580.000000    0.767490
  585.000000    0.747727
  590.000000    0.754466
  595.000000    0.760756
  600.000000    0.769388
  605.000000    0.786841
  610.000000    0.782960
  615.000000    0.769644
  620.000000    0.769649
  625.000000    0.788318
  630.000000    0.805049
  635.000000    0.814510
  640.000000    0.815495
  645.000000    0.816750
  650.000000    0.793782
  655.000000    0.775848
  660.000000    0.751750
  665.000000    0.731051
  670.000000    0.727355
  675.000000    0.692435
  680.000000    0.706191
  685.000000    0.738654
  690.000000    0.750569
  695.000000    0.766235
  700.000000    0.803992
  705.000000    0.818316
  710.000000    0.829457
  715.000000    0.839206
  720.000000    0.840045
  725.000000    0.833284
  730.000000    0.838421
  735.000000    0.841323
  740.000000    0.833578
  745.000000    0.817083
  750.000000    0.809766
  755.000000    0.801623
  760.000000    0.787399
  765.000000    0.781257
  770.000000    0.771726
  775.000000    0.761983
  780.000000    0.755182
  785.000000    0.768982
  790.000000    0.753455
  795.000000    0.749085
  800.000000    0.738467
  805.000000    0.747441
  810.000000    0.737855
  815.000000    0.754662
  820.000000    0.776371
  825.000000    0.794754
  830.000000    0.800779
  835.000000    0.794802
  840.000000    0.764888
  845.000000    0.749371
  850.000000    0.729465
  855.000000    0.746373
  860.000000    0.735961
  865.000000    0.740072
  870.000000    0.767332
  875.000000    0.758297
  880.000000    0.773543
  885.000000    0.805332
  890.000000    0.820698
  895.000000    0.851672
  900.000000    0.874261
  905.000000    0.878327
  910.000000    0.866451
  915.000000    0.861737
  920.000000    0.826371
  925.000000    0.774886
  930.000000    0.801951
  935.000000    0.813065
  940.000000    0.795913
  945.000000    0.794769
  950.000000    0.781374
  955.000000    0.776200
  960.000000    0.782888
  965.000000    0.790174
  970.000000    0.809345
  975.000000    0.814839
  980.000000    0.788080
  985.000000    0.765923
  990.000000    0.740979
  995.000000    0.741744
 1000.000000    0.754827
 1005.000000    0.753179
 1010.000000    0.707575
 1015.000000    0.705656
 1020.000000    0.764634
 1025.000000    0.806212
 1030.000000    0.818413
 1035.000000    0.798945
 1040.000000    0.794307
 1045.000000    0.788647
 1050.000000    0.816104
 1055.000000    0.819996
 1060.000000    0.822747
 1065.000000    0.810603
 1070.000000    0.798575
 1075.000000    0.776725
 1080.000000    0.734311
 1085.000000    0.724700
 1090.000000    0.731360
 1095.000000    0.737174
 1100.000000    0.751332
 1105.000000    0.759028
 1110.000000    0.779831
 1115.000000    0.833206
 1120.000000    0.844586
 1125.000000    0.805051
 1130.000000    0.822809
 1135.000000    0.808714
 1140.000000    0.789769
 1145.000000    0.781541
 1150.000000    0.774117
 1155.000000    0.749134
 1160.000000    0.711887
 1165.000000    0.669411
 1170.000000    0.682291
 1175.000000    0.724910
 1180.000000    0.728604
 1185.000000    0.715061
 1190.000000    0.686121
 1195.000000    0.712367
 1200.000000    0.717396
 1205.000000    0.754202
 1210.000000    0.769451
 1215.000000    0.789917
 1220.000000    0.808809
 1225.000000    0.821488
 1230.000000    0.832576
 1235.000000    0.841687
 1240.000000    0.856080
 1245.000000    0.876581
 1250.000000    0.854814
 1255.000000    0.827802
 1260.000000    0.843850
 1265.000000    0.864815
 1270.000000    0.874421
 1275.000000    0.854759
 1280.000000    0.845433
 1285.000000    0.844905
 1290.000000    0.830990
 1295.000000    0.819597
 1300.000000    0.817303
 1305.000000    0.828671
 1310.000000    0.810553
 1315.000000    0.808539
 1320.000000    0.806463
 1325.000000    0.795391
 1330.000000    0.790653
 1335.000000    0.798681
 1340.000000    0.785589
 1345.000000    0.775983
 1350.000000    0.754073
 1355.000000    0.718029
 1360.000000    0.669270
 1365.000000    0.691412
 1370.000000    0.713703
 1375.000000    0.732354
 1380.000000    0.743936
 1385.000000    0.744772
 1390.000000    0.776789
 1395.000000    0.782609
 1400.000000    0.801225
 1405.000000    0.780763
 1410.000000    0.755497
 1415.000000    0.729262
 1420.000000    0.742903
 1425.000000    0.762255
 1430.000000    0.760063
 1435.000000    0.724670
 1440.000000    0.727218
 1445.000000    0.743709
 1450.000000    0.758038
 1455.000000    0.763897
 1460.000000    0.793381
 1465.000000    0.828010
 1470.000000    0.850726
 1475.000000    0.866683
 1480.000000    0.883937
 1485.000000    0.849899
 1490.000000    0.830639
 1495.000000    0.819280
 1500.000000    0.808024
 1505.000000    0.792797
 1510.000000    0.754154
 1515.000000    0.726109
 1520.000000    0.686603
 1525.000000    0.660942
 1530.000000    0.678098
 1535.000000    0.686500
 1540.000000    0.731906
 1545.000000    0.733528
 1550.000000    0.738393
 1555.000000    0.730685
 1560.000000    0.740413
 1565.000000    0.744517
 1570.000000    0.764796
 1575.000000    0.746364
 1580.000000    0.733754
 1585.000000    0.726098
 1590.000000    0.728858
 1595.000000    0.729849
 1600.000000    0.738334
 1605.000000    0.759545
 1610.000000    0.791390
 1615.000000    0.792567
 1620.000000    0.797584
 1625.000000    0.810424
 1630.000000    0.823006
 1635.000000    0.848618
 1640.000000    0.843445
 1645.000000    0.843897
 1650.000000    0.848680
 1655.000000    0.836455
 1660.000000    0.830929
 1665.000000    0.839136
 1670.000000    0.828971
 1675.000000    0.833311
 1680.000000    0.835546
 1685.000000    0.812524
 1690.000000    0.820117
 1695.000000    0.822269
 1700.000000    0.804291
 1705.000000    0.793505
