#  pixel_depth  alphabetafraction   >  Analysis of alpha beta fraction
   57.000000    0.762632
   62.000000    0.764419
   67.000000    0.793466
   72.000000    0.847326
   77.000000    0.883522
   82.000000    0.883200
   87.000000    0.880488
   92.000000    0.896311
   97.000000    0.904875
  102.000000    0.914875
  107.000000    0.917695
  112.000000    0.920094
  117.000000    0.927708
  122.000000    0.917988
  127.000000    0.902294
  132.000000    0.876400
  137.000000    0.864371
  142.000000    0.856854
  147.000000    0.841261
  152.000000    0.815010
  157.000000    0.807304
  162.000000    0.802432
  167.000000    0.787426
  172.000000    0.783129
  177.000000    0.793547
  182.000000    0.759686
  187.000000    0.748675
  192.000000    0.732860
  197.000000    0.706286
  202.000000    0.674437
  207.000000    0.676235
  212.000000    0.700238
  217.000000    0.698587
  222.000000    0.691957
  227.000000    0.693247
  232.000000    0.703857
  237.000000    0.707563
  242.000000    0.694962
  247.000000    0.692807
  252.000000    0.694139
  257.000000    0.699165
  262.000000    0.670837
  267.000000    0.648149
  272.000000    0.635656
  277.000000    0.646787
  282.000000    0.661785
  287.000000    0.684785
  292.000000    0.681468
  297.000000    0.694220
  302.000000    0.708478
  307.000000    0.731042
  312.000000    0.765140
  317.000000    0.789757
  322.000000    0.802924
  327.000000    0.818410
  332.000000    0.795128
  337.000000    0.779517
  342.000000    0.784350
  347.000000    0.788944
  352.000000    0.797562
  357.000000    0.783325
  362.000000    0.770323
  367.000000    0.745275
  372.000000    0.747535
  377.000000    0.775397
  382.000000    0.753152
  387.000000    0.740964
  392.000000    0.753310
  397.000000    0.760833
  402.000000    0.744236
  407.000000    0.725835
  412.000000    0.710153
  417.000000    0.698263
  422.000000    0.696127
  427.000000    0.679953
  432.000000    0.675474
  437.000000    0.699758
  442.000000    0.704836
  447.000000    0.722826
  452.000000    0.721131
  457.000000    0.715057
  462.000000    0.722179
  467.000000    0.736029
  472.000000    0.751909
  477.000000    0.746447
  482.000000    0.740876
  487.000000    0.729337
  492.000000    0.737425
  497.000000    0.731653
  502.000000    0.716365
  507.000000    0.718545
  512.000000    0.701254
  517.000000    0.668543
  522.000000    0.687061
  527.000000    0.668096
  532.000000    0.679710
  537.000000    0.686917
  542.000000    0.665717
  547.000000    0.659913
  552.000000    0.651943
  557.000000    0.674721
  562.000000    0.668916
  567.000000    0.659977
  572.000000    0.703224
  577.000000    0.741273
  582.000000    0.722202
  587.000000    0.707797
  592.000000    0.695540
  597.000000    0.697840
  602.000000    0.709147
  607.000000    0.742129
  612.000000    0.778615
  617.000000    0.805080
  622.000000    0.804269
  627.000000    0.793206
  632.000000    0.782391
  637.000000    0.778382
  642.000000    0.782750
  647.000000    0.740303
  652.000000    0.755553
  657.000000    0.771828
  662.000000    0.784422
  667.000000    0.804652
  672.000000    0.802764
  677.000000    0.790489
  682.000000    0.794619
  687.000000    0.794497
  692.000000    0.788738
  697.000000    0.782557
  702.000000    0.778549
  707.000000    0.775309
  712.000000    0.757796
  717.000000    0.711742
  722.000000    0.672698
  727.000000    0.643983
  732.000000    0.647806
  737.000000    0.672791
  742.000000    0.687188
  747.000000    0.666553
  752.000000    0.660639
  757.000000    0.683219
  762.000000    0.724681
  767.000000    0.749138
  772.000000    0.767427
  777.000000    0.777884
  782.000000    0.749917
  787.000000    0.767424
  792.000000    0.759324
  797.000000    0.737731
  802.000000    0.733026
  807.000000    0.741090
  812.000000    0.753459
  817.000000    0.729645
  822.000000    0.719364
  827.000000    0.702260
  832.000000    0.688143
  837.000000    0.702930
  842.000000    0.703599
  847.000000    0.712135
  852.000000    0.741485
  857.000000    0.745594
  862.000000    0.721298
  867.000000    0.724220
  872.000000    0.723994
  877.000000    0.702850
  882.000000    0.701320
  887.000000    0.718549
  892.000000    0.704362
  897.000000    0.731176
  902.000000    0.743610
  907.000000    0.746648
  912.000000    0.758183
  917.000000    0.778734
  922.000000    0.812652
  927.000000    0.797397
  932.000000    0.785393
  937.000000    0.787977
  942.000000    0.813695
  947.000000    0.810120
  952.000000    0.772630
  957.000000    0.756401
  962.000000    0.744733
  967.000000    0.751137
  972.000000    0.775731
  977.000000    0.775666
  982.000000    0.806978
  987.000000    0.820078
  992.000000    0.809295
  997.000000    0.794343
 1002.000000    0.777144
 1007.000000    0.758044
 1012.000000    0.740406
 1017.000000    0.752594
 1022.000000    0.727103
 1027.000000    0.717970
 1032.000000    0.699166
 1037.000000    0.705722
 1042.000000    0.731357
 1047.000000    0.718771
 1052.000000    0.739371
 1057.000000    0.738125
 1062.000000    0.751805
 1067.000000    0.713503
 1072.000000    0.689951
 1077.000000    0.682136
 1082.000000    0.706797
 1087.000000    0.722711
 1092.000000    0.746770
 1097.000000    0.733392
 1102.000000    0.704088
 1107.000000    0.713862
 1112.000000    0.747520
 1117.000000    0.758046
 1122.000000    0.746499
 1127.000000    0.743377
 1132.000000    0.733792
 1137.000000    0.719320
 1142.000000    0.748108
 1147.000000    0.776568
 1152.000000    0.780474
 1157.000000    0.810285
 1162.000000    0.824884
 1167.000000    0.827046
 1172.000000    0.820873
 1177.000000    0.814961
 1182.000000    0.786376
 1187.000000    0.795725
 1192.000000    0.779205
 1197.000000    0.758708
 1202.000000    0.738099
 1207.000000    0.668705
 1212.000000    0.659735
 1217.000000    0.642117
 1222.000000    0.647990
 1227.000000    0.615194
 1232.000000    0.639451
 1237.000000    0.697056
 1242.000000    0.722421
 1247.000000    0.759540
 1252.000000    0.822108
 1257.000000    0.805833
 1262.000000    0.803607
 1267.000000    0.779271
 1272.000000    0.767008
 1277.000000    0.746674
 1282.000000    0.740025
 1287.000000    0.728308
 1292.000000    0.699398
 1297.000000    0.661201
 1302.000000    0.626241
 1307.000000    0.615600
 1312.000000    0.619763
 1317.000000    0.612379
 1322.000000    0.604740
 1327.000000    0.610472
 1332.000000    0.599264
 1337.000000    0.596100
 1342.000000    0.595064
 1347.000000    0.636750
 1352.000000    0.606585
 1357.000000    0.627622
 1362.000000    0.665726
 1367.000000    0.685252
 1372.000000    0.672331
 1377.000000    0.641009
 1382.000000    0.667345
 1387.000000    0.688132
 1392.000000    0.677802
 1397.000000    0.706510
 1402.000000    0.709629
 1407.000000    0.707206
 1412.000000    0.701298
 1417.000000    0.690839
 1422.000000    0.697491
 1427.000000    0.703355
 1432.000000    0.726323
 1437.000000    0.746186
 1442.000000    0.735795
 1447.000000    0.729719
 1452.000000    0.727429
 1457.000000    0.722182
 1462.000000    0.710311
 1467.000000    0.686906
 1472.000000    0.694229
 1477.000000    0.678481
 1482.000000    0.672943
 1487.000000    0.691255
 1492.000000    0.679718
 1497.000000    0.648912
 1502.000000    0.652369
 1507.000000    0.659322
 1512.000000    0.676358
 1517.000000    0.690128
 1522.000000    0.744231
 1527.000000    0.805723
 1532.000000    0.808056
 1537.000000    0.822913
 1542.000000    0.820973
 1547.000000    0.836600
 1552.000000    0.813322
 1557.000000    0.770124
 1562.000000    0.709284
 1567.000000    0.662008
 1572.000000    0.609857
 1577.000000    0.597577
 1582.000000    0.574278
 1587.000000    0.594233
 1592.000000    0.593713
 1597.000000    0.615214
 1602.000000    0.628466
 1607.000000    0.634074
 1612.000000    0.649757
 1617.000000    0.703596
 1622.000000    0.734642
 1627.000000    0.763059
 1632.000000    0.749462
 1637.000000    0.761401
 1642.000000    0.779580
 1647.000000    0.791730
 1652.000000    0.799721
 1657.000000    0.820335
 1662.000000    0.809732
 1667.000000    0.812231
 1672.000000    0.801373
 1677.000000    0.771307
 1682.000000    0.740422
 1687.000000    0.699010
 1692.000000    0.693648
 1697.000000    0.674366
 1702.000000    0.659854
 1707.000000    0.681267
 1712.000000    0.679663
 1717.000000    0.661021
 1722.000000    0.661751
 1727.000000    0.666465
 1732.000000    0.694865
 1737.000000    0.698837
 1742.000000    0.712873
 1747.000000    0.700390
 1752.000000    0.718175
 1757.000000    0.734767
 1762.000000    0.711576
 1767.000000    0.700263
 1772.000000    0.706270
 1777.000000    0.754224
 1782.000000    0.736357
 1787.000000    0.751072
 1792.000000    0.753165
 1797.000000    0.764415
 1802.000000    0.775143
 1807.000000    0.774452
 1812.000000    0.812741
 1817.000000    0.809706
 1822.000000    0.843099
 1827.000000    0.838553
 1832.000000    0.830199
 1837.000000    0.822102
 1842.000000    0.769652
 1847.000000    0.720614
 1852.000000    0.660698
 1857.000000    0.606170
 1862.000000    0.573546
 1867.000000    0.562406
 1872.000000    0.592575
