#  pixel_depth  alphabetafraction   >  Analysis of alpha beta fraction
   71.000000    0.700659
   76.000000    0.700174
   81.000000    0.713069
   86.000000    0.679623
   91.000000    0.663999
   96.000000    0.623296
  101.000000    0.646908
  106.000000    0.659528
  111.000000    0.699146
  116.000000    0.762957
  121.000000    0.799088
  126.000000    0.797039
  131.000000    0.803895
  136.000000    0.785649
  141.000000    0.771366
  146.000000    0.758028
  151.000000    0.789214
  156.000000    0.820336
  161.000000    0.810205
  166.000000    0.784895
  171.000000    0.777361
  176.000000    0.765351
  181.000000    0.774906
  186.000000    0.759641
  191.000000    0.737950
  196.000000    0.741814
  201.000000    0.738428
  206.000000    0.690269
  211.000000    0.633645
  216.000000    0.647260
  221.000000    0.660144
  226.000000    0.668798
  231.000000    0.678005
  236.000000    0.702576
  241.000000    0.721005
  246.000000    0.718182
  251.000000    0.726189
  256.000000    0.717067
  261.000000    0.669288
  266.000000    0.676906
  271.000000    0.714516
  276.000000    0.722457
  281.000000    0.707201
  286.000000    0.699166
  291.000000    0.662218
  296.000000    0.643256
  301.000000    0.638774
  306.000000    0.646163
  311.000000    0.633966
  316.000000    0.635381
  321.000000    0.621957
  326.000000    0.630656
  331.000000    0.631882
  336.000000    0.650565
  341.000000    0.620124
  346.000000    0.570692
  351.000000    0.595590
  356.000000    0.649641
  361.000000    0.681049
  366.000000    0.716788
  371.000000    0.759517
  376.000000    0.788581
  381.000000    0.784945
  386.000000    0.790874
  391.000000    0.799723
  396.000000    0.810597
  401.000000    0.805771
  406.000000    0.770674
  411.000000    0.748635
  416.000000    0.704796
  421.000000    0.689281
  426.000000    0.670940
  431.000000    0.696336
  436.000000    0.722411
  441.000000    0.732405
  446.000000    0.741504
  451.000000    0.762052
  456.000000    0.787130
  461.000000    0.781583
  466.000000    0.732758
  471.000000    0.652153
  476.000000    0.638635
  481.000000    0.679731
  486.000000    0.714006
  491.000000    0.716052
  496.000000    0.680916
  501.000000    0.682771
  506.000000    0.676759
  511.000000    0.676127
  516.000000    0.681727
  521.000000    0.695296
  526.000000    0.705812
  531.000000    0.743556
  536.000000    0.758789
  541.000000    0.750350
  546.000000    0.751839
  551.000000    0.761858
  556.000000    0.761328
  561.000000    0.744432
  566.000000    0.798504
  571.000000    0.829165
  576.000000    0.865297
  581.000000    0.887625
  586.000000    0.873416
  591.000000    0.866223
  596.000000    0.852840
  601.000000    0.818556
  606.000000    0.781518
  611.000000    0.754471
  616.000000    0.738532
  621.000000    0.718027
  626.000000    0.749129
  631.000000    0.760701
  636.000000    0.730589
  641.000000    0.731707
  646.000000    0.757909
  651.000000    0.734366
  656.000000    0.715127
  661.000000    0.701760
  666.000000    0.648852
  671.000000    0.609830
  676.000000    0.620190
  681.000000    0.636523
  686.000000    0.662452
  691.000000    0.647759
  696.000000    0.626963
  701.000000    0.615372
  706.000000    0.636989
  711.000000    0.676543
  716.000000    0.768768
  721.000000    0.801048
  726.000000    0.784094
  731.000000    0.791846
  736.000000    0.820174
  741.000000    0.826176
  746.000000    0.798018
  751.000000    0.750816
  756.000000    0.740060
  761.000000    0.766816
  766.000000    0.794743
  771.000000    0.815662
  776.000000    0.816800
  781.000000    0.797736
  786.000000    0.763004
  791.000000    0.767836
  796.000000    0.738504
  801.000000    0.726886
  806.000000    0.764736
  811.000000    0.757942
  816.000000    0.734720
  821.000000    0.770128
  826.000000    0.773832
  831.000000    0.784712
  836.000000    0.774893
  841.000000    0.763446
  846.000000    0.736505
  851.000000    0.720570
  856.000000    0.723813
  861.000000    0.768551
  866.000000    0.791131
  871.000000    0.782288
  876.000000    0.771077
  881.000000    0.762109
  886.000000    0.772855
  891.000000    0.718006
  896.000000    0.655915
  901.000000    0.621932
  906.000000    0.693643
  911.000000    0.721260
  916.000000    0.773295
  921.000000    0.805739
  926.000000    0.826034
  931.000000    0.807366
  936.000000    0.816862
  941.000000    0.804574
  946.000000    0.766631
  951.000000    0.749230
  956.000000    0.744190
  961.000000    0.729984
  966.000000    0.709167
  971.000000    0.680782
  976.000000    0.697152
  981.000000    0.683192
  986.000000    0.693696
  991.000000    0.724625
  996.000000    0.767729
 1001.000000    0.751875
 1006.000000    0.787773
 1011.000000    0.772780
 1016.000000    0.730595
 1021.000000    0.733879
 1026.000000    0.794782
 1031.000000    0.800758
 1036.000000    0.799084
 1041.000000    0.776309
 1046.000000    0.775404
 1051.000000    0.769037
 1056.000000    0.753213
 1061.000000    0.727506
 1066.000000    0.715831
 1071.000000    0.742323
 1076.000000    0.767578
 1081.000000    0.772818
 1086.000000    0.768889
 1091.000000    0.758803
 1096.000000    0.758979
 1101.000000    0.730279
 1106.000000    0.737299
 1111.000000    0.714742
 1116.000000    0.735025
 1121.000000    0.744392
 1126.000000    0.751179
 1131.000000    0.785978
 1136.000000    0.783857
 1141.000000    0.750541
 1146.000000    0.735348
 1151.000000    0.722430
 1156.000000    0.725892
 1161.000000    0.763169
 1166.000000    0.784865
 1171.000000    0.783048
 1176.000000    0.774634
 1181.000000    0.735667
 1186.000000    0.723246
 1191.000000    0.726371
 1196.000000    0.730164
 1201.000000    0.702965
 1206.000000    0.675457
 1211.000000    0.726670
 1216.000000    0.714424
 1221.000000    0.735408
 1226.000000    0.749772
 1231.000000    0.758425
 1236.000000    0.747678
 1241.000000    0.711186
 1246.000000    0.681390
 1251.000000    0.669443
 1256.000000    0.705690
 1261.000000    0.709801
 1266.000000    0.728203
 1271.000000    0.741599
 1276.000000    0.726127
 1281.000000    0.735684
 1286.000000    0.746615
 1291.000000    0.723474
 1296.000000    0.685923
 1301.000000    0.631490
 1306.000000    0.648303
 1311.000000    0.687496
 1316.000000    0.736335
 1321.000000    0.780753
 1326.000000    0.785857
 1331.000000    0.766388
 1336.000000    0.791132
 1341.000000    0.819660
 1346.000000    0.823807
 1351.000000    0.825798
 1356.000000    0.834412
 1361.000000    0.832484
 1366.000000    0.847496
 1371.000000    0.837638
 1376.000000    0.813045
 1381.000000    0.797419
 1386.000000    0.782524
 1391.000000    0.785593
 1396.000000    0.776594
 1401.000000    0.769732
 1406.000000    0.753159
 1411.000000    0.728977
 1416.000000    0.709892
 1421.000000    0.710877
 1426.000000    0.714419
 1431.000000    0.694804
 1436.000000    0.700739
 1441.000000    0.719872
 1446.000000    0.718899
 1451.000000    0.682389
 1456.000000    0.668027
 1461.000000    0.661203
 1466.000000    0.679517
 1471.000000    0.648562
 1476.000000    0.642112
 1481.000000    0.657438
 1486.000000    0.665733
 1491.000000    0.663915
 1496.000000    0.638819
 1501.000000    0.683140
 1506.000000    0.698745
 1511.000000    0.698904
 1516.000000    0.699816
 1521.000000    0.698892
 1526.000000    0.714298
 1531.000000    0.714291
 1536.000000    0.711306
 1541.000000    0.745932
 1546.000000    0.739044
 1551.000000    0.750913
 1556.000000    0.774805
 1561.000000    0.772161
 1566.000000    0.768090
 1571.000000    0.760033
 1576.000000    0.782863
 1581.000000    0.771923
 1586.000000    0.737922
 1591.000000    0.728965
 1596.000000    0.727840
 1601.000000    0.727041
 1606.000000    0.661882
 1611.000000    0.595468
 1616.000000    0.598946
 1621.000000    0.590026
 1626.000000    0.581266
 1631.000000    0.634855
 1636.000000    0.692091
 1641.000000    0.717876
 1646.000000    0.756558
 1651.000000    0.780954
 1656.000000    0.784055
 1661.000000    0.775703
 1666.000000    0.780582
 1671.000000    0.760022
 1676.000000    0.740265
 1681.000000    0.736110
 1686.000000    0.732786
 1691.000000    0.696077
 1696.000000    0.688614
 1701.000000    0.704090
 1706.000000    0.710796
 1711.000000    0.740882
 1716.000000    0.768476
 1721.000000    0.800176
 1726.000000    0.792106
 1731.000000    0.798043
 1736.000000    0.760624
 1741.000000    0.754060
 1746.000000    0.756884
 1751.000000    0.760422
 1756.000000    0.752217
 1761.000000    0.771031
 1766.000000    0.755769
 1771.000000    0.751479
 1776.000000    0.700638
 1781.000000    0.670754
 1786.000000    0.674382
 1791.000000    0.643107
 1796.000000    0.640138
 1801.000000    0.661363
 1806.000000    0.662858
 1811.000000    0.648961
 1816.000000    0.676410
 1821.000000    0.700285
 1826.000000    0.673866
 1831.000000    0.695576
 1836.000000    0.739620
 1841.000000    0.756368
 1846.000000    0.797518
 1851.000000    0.799268
 1856.000000    0.808975
 1861.000000    0.805498
 1866.000000    0.817012
 1871.000000    0.821004
 1876.000000    0.800054
 1881.000000    0.765389
 1886.000000    0.757844
