#  pixel_depth  alphabetafraction   >  Analysis of alpha beta fraction
   56.000000    0.771973
   61.000000    0.769869
   66.000000    0.763175
   71.000000    0.722114
   76.000000    0.718307
   81.000000    0.707636
   86.000000    0.685874
   91.000000    0.670594
   96.000000    0.671165
  101.000000    0.610184
  106.000000    0.588569
  111.000000    0.589758
  116.000000    0.608886
  121.000000    0.649522
  126.000000    0.672251
  131.000000    0.665850
  136.000000    0.671352
  141.000000    0.663146
  146.000000    0.628953
  151.000000    0.632427
  156.000000    0.635763
  161.000000    0.656817
  166.000000    0.694516
  171.000000    0.708149
  176.000000    0.713705
  181.000000    0.698110
  186.000000    0.682196
  191.000000    0.688772
  196.000000    0.669159
  201.000000    0.632817
  206.000000    0.620115
  211.000000    0.606512
  216.000000    0.592637
  221.000000    0.599499
  226.000000    0.620204
  231.000000    0.672992
  236.000000    0.728619
  241.000000    0.750799
  246.000000    0.753173
  251.000000    0.770652
  256.000000    0.779905
  261.000000    0.789112
  266.000000    0.776876
  271.000000    0.740494
  276.000000    0.715420
  281.000000    0.652234
  286.000000    0.634864
  291.000000    0.641082
  296.000000    0.661632
  301.000000    0.648191
  306.000000    0.658586
  311.000000    0.656123
  316.000000    0.682312
  321.000000    0.689849
  326.000000    0.678363
  331.000000    0.661588
  336.000000    0.639369
  341.000000    0.623801
  346.000000    0.649740
  351.000000    0.641278
  356.000000    0.661848
  361.000000    0.685997
  366.000000    0.743880
  371.000000    0.787439
  376.000000    0.785070
  381.000000    0.804260
  386.000000    0.826061
  391.000000    0.820554
  396.000000    0.807278
  401.000000    0.776648
  406.000000    0.720547
  411.000000    0.715020
  416.000000    0.712121
  421.000000    0.685518
  426.000000    0.644871
  431.000000    0.653271
  436.000000    0.637209
  441.000000    0.627365
  446.000000    0.634456
  451.000000    0.643801
  456.000000    0.655744
  461.000000    0.638744
  466.000000    0.650281
  471.000000    0.715339
  476.000000    0.740360
  481.000000    0.752516
  486.000000    0.755385
  491.000000    0.749029
  496.000000    0.764840
  501.000000    0.769968
  506.000000    0.748593
  511.000000    0.719072
  516.000000    0.684835
  521.000000    0.666355
  526.000000    0.663911
  531.000000    0.664512
  536.000000    0.641469
  541.000000    0.667764
  546.000000    0.706877
  551.000000    0.732709
  556.000000    0.694783
  561.000000    0.670858
  566.000000    0.652476
  571.000000    0.632883
  576.000000    0.612882
  581.000000    0.612766
  586.000000    0.611081
  591.000000    0.628389
  596.000000    0.652286
  601.000000    0.687008
  606.000000    0.702103
  611.000000    0.699339
  616.000000    0.711327
  621.000000    0.687546
  626.000000    0.668654
  631.000000    0.670413
  636.000000    0.658999
  641.000000    0.653358
  646.000000    0.654028
  651.000000    0.670798
  656.000000    0.682228
  661.000000    0.692400
  666.000000    0.704071
  671.000000    0.700271
  676.000000    0.697728
  681.000000    0.705407
  686.000000    0.696773
  691.000000    0.694052
  696.000000    0.697567
  701.000000    0.682121
  706.000000    0.663394
  711.000000    0.650313
  716.000000    0.664180
  721.000000    0.657377
  726.000000    0.626520
  731.000000    0.610097
  736.000000    0.587646
  741.000000    0.534228
  746.000000    0.508884
  751.000000    0.557612
  756.000000    0.608940
  761.000000    0.645803
  766.000000    0.687671
  771.000000    0.708570
  776.000000    0.721671
  781.000000    0.777820
  786.000000    0.795109
  791.000000    0.788788
  796.000000    0.800985
  801.000000    0.796358
  806.000000    0.773172
  811.000000    0.724893
  816.000000    0.689037
  821.000000    0.704603
  826.000000    0.709644
  831.000000    0.709506
  836.000000    0.708120
  841.000000    0.693301
  846.000000    0.681705
  851.000000    0.658496
  856.000000    0.639396
  861.000000    0.645461
  866.000000    0.665351
  871.000000    0.694527
  876.000000    0.719237
  881.000000    0.661177
  886.000000    0.628010
  891.000000    0.602439
  896.000000    0.642584
  901.000000    0.654161
  906.000000    0.677874
  911.000000    0.685624
  916.000000    0.708111
  921.000000    0.721458
  926.000000    0.716031
  931.000000    0.725626
  936.000000    0.739555
  941.000000    0.750072
  946.000000    0.753448
  951.000000    0.726218
  956.000000    0.696202
  961.000000    0.683393
  966.000000    0.673740
  971.000000    0.672959
  976.000000    0.654446
  981.000000    0.636934
  986.000000    0.628125
  991.000000    0.631864
  996.000000    0.636104
 1001.000000    0.654596
 1006.000000    0.658838
 1011.000000    0.666112
 1016.000000    0.666535
 1021.000000    0.654812
 1026.000000    0.668392
 1031.000000    0.681024
 1036.000000    0.680888
 1041.000000    0.667248
 1046.000000    0.642758
 1051.000000    0.624949
 1056.000000    0.638559
 1061.000000    0.609353
 1066.000000    0.588085
 1071.000000    0.570920
 1076.000000    0.578081
 1081.000000    0.610392
 1086.000000    0.606445
 1091.000000    0.604725
 1096.000000    0.618859
 1101.000000    0.629323
 1106.000000    0.630836
 1111.000000    0.648230
 1116.000000    0.657571
 1121.000000    0.667042
 1126.000000    0.673603
 1131.000000    0.695016
 1136.000000    0.697773
 1141.000000    0.705211
 1146.000000    0.708163
 1151.000000    0.680548
 1156.000000    0.653580
 1161.000000    0.658594
 1166.000000    0.655599
 1171.000000    0.605394
 1176.000000    0.603340
 1181.000000    0.629367
 1186.000000    0.632438
 1191.000000    0.604795
 1196.000000    0.607756
 1201.000000    0.642439
 1206.000000    0.637715
 1211.000000    0.687859
 1216.000000    0.751849
 1221.000000    0.774791
 1226.000000    0.773352
 1231.000000    0.779121
 1236.000000    0.779435
 1241.000000    0.727296
 1246.000000    0.692293
 1251.000000    0.667527
 1256.000000    0.656028
 1261.000000    0.618377
 1266.000000    0.590318
 1271.000000    0.573617
 1276.000000    0.552022
 1281.000000    0.587092
 1286.000000    0.582179
 1291.000000    0.592247
 1296.000000    0.621085
 1301.000000    0.645580
 1306.000000    0.698895
 1311.000000    0.731640
 1316.000000    0.755297
 1321.000000    0.766078
 1326.000000    0.768178
 1331.000000    0.746327
 1336.000000    0.745592
 1341.000000    0.749385
 1346.000000    0.739664
 1351.000000    0.717194
 1356.000000    0.701522
 1361.000000    0.670303
 1366.000000    0.705945
 1371.000000    0.696756
 1376.000000    0.700253
 1381.000000    0.652290
 1386.000000    0.650323
 1391.000000    0.676319
 1396.000000    0.664634
 1401.000000    0.691358
 1406.000000    0.714202
 1411.000000    0.694128
 1416.000000    0.690665
 1421.000000    0.701521
 1426.000000    0.701995
 1431.000000    0.694519
 1436.000000    0.690738
 1441.000000    0.695591
 1446.000000    0.691718
 1451.000000    0.703372
 1456.000000    0.685865
 1461.000000    0.712677
 1466.000000    0.691908
 1471.000000    0.659371
 1476.000000    0.680404
 1481.000000    0.671324
 1486.000000    0.672984
 1491.000000    0.651755
 1496.000000    0.645315
 1501.000000    0.649146
 1506.000000    0.657443
 1511.000000    0.606087
 1516.000000    0.613526
 1521.000000    0.608124
 1526.000000    0.603436
 1531.000000    0.620504
 1536.000000    0.633620
 1541.000000    0.634677
 1546.000000    0.613385
 1551.000000    0.620799
 1556.000000    0.617732
 1561.000000    0.589436
 1566.000000    0.572266
 1571.000000    0.637379
 1576.000000    0.662608
 1581.000000    0.687834
 1586.000000    0.691947
 1591.000000    0.656305
 1596.000000    0.676011
 1601.000000    0.725228
 1606.000000    0.769329
 1611.000000    0.755779
 1616.000000    0.707320
 1621.000000    0.728423
 1626.000000    0.720807
 1631.000000    0.704616
 1636.000000    0.690330
 1641.000000    0.675652
 1646.000000    0.668386
 1651.000000    0.653192
 1656.000000    0.660407
 1661.000000    0.693042
 1666.000000    0.661105
 1671.000000    0.633036
 1676.000000    0.629997
 1681.000000    0.648088
 1686.000000    0.679506
 1691.000000    0.716914
 1696.000000    0.707645
 1701.000000    0.705847
 1706.000000    0.681062
 1711.000000    0.683018
 1716.000000    0.649288
 1721.000000    0.625661
 1726.000000    0.612600
 1731.000000    0.612984
 1736.000000    0.601417
 1741.000000    0.607901
 1746.000000    0.615497
 1751.000000    0.644267
 1756.000000    0.675917
 1761.000000    0.705782
 1766.000000    0.687483
 1771.000000    0.692600
 1776.000000    0.697268
 1781.000000    0.712842
