#  pixel_depth  alphabetafraction   >  Analysis of alpha beta fraction
   63.000000    0.620546
   68.000000    0.610494
   73.000000    0.572354
   78.000000    0.554242
   83.000000    0.560277
   88.000000    0.578251
   93.000000    0.613950
   98.000000    0.658471
  103.000000    0.668409
  108.000000    0.672228
  113.000000    0.665962
  118.000000    0.643653
  123.000000    0.646990
  128.000000    0.634428
  133.000000    0.606169
  138.000000    0.582531
  143.000000    0.549963
  148.000000    0.536131
  153.000000    0.585357
  158.000000    0.612705
  163.000000    0.635101
  168.000000    0.648429
  173.000000    0.664119
  178.000000    0.688410
  183.000000    0.664989
  188.000000    0.649069
  193.000000    0.608345
  198.000000    0.609263
  203.000000    0.610522
  208.000000    0.657479
  213.000000    0.725726
  218.000000    0.725189
  223.000000    0.735642
  228.000000    0.708566
  233.000000    0.699067
  238.000000    0.690975
  243.000000    0.700709
  248.000000    0.713888
  253.000000    0.782509
  258.000000    0.805503
  263.000000    0.796439
  268.000000    0.800094
  273.000000    0.821612
  278.000000    0.824780
  283.000000    0.794849
  288.000000    0.769042
  293.000000    0.780145
  298.000000    0.750595
  303.000000    0.720105
  308.000000    0.688633
  313.000000    0.679482
  318.000000    0.662156
  323.000000    0.631365
  328.000000    0.627784
  333.000000    0.642384
  338.000000    0.641738
  343.000000    0.628852
  348.000000    0.660073
  353.000000    0.742467
  358.000000    0.789112
  363.000000    0.794330
  368.000000    0.790458
  373.000000    0.805284
  378.000000    0.800207
  383.000000    0.784147
  388.000000    0.756143
  393.000000    0.743450
  398.000000    0.734944
  403.000000    0.726908
  408.000000    0.691529
  413.000000    0.683091
  418.000000    0.634478
  423.000000    0.615744
  428.000000    0.636457
  433.000000    0.658770
  438.000000    0.680412
  443.000000    0.710852
  448.000000    0.715106
  453.000000    0.712251
  458.000000    0.739927
  463.000000    0.759167
  468.000000    0.765301
  473.000000    0.748462
  478.000000    0.735491
  483.000000    0.685815
  488.000000    0.652073
  493.000000    0.653451
  498.000000    0.648534
  503.000000    0.632517
  508.000000    0.617269
  513.000000    0.610415
  518.000000    0.606472
  523.000000    0.613387
  528.000000    0.622225
  533.000000    0.632669
  538.000000    0.599708
  543.000000    0.606930
  548.000000    0.630983
  553.000000    0.636974
  558.000000    0.654732
  563.000000    0.659954
  568.000000    0.665269
  573.000000    0.667402
  578.000000    0.671765
  583.000000    0.648665
  588.000000    0.637582
  593.000000    0.632092
  598.000000    0.628619
  603.000000    0.631153
  608.000000    0.637931
  613.000000    0.674861
  618.000000    0.683114
  623.000000    0.688792
  628.000000    0.733076
  633.000000    0.761217
  638.000000    0.783440
  643.000000    0.785927
  648.000000    0.798005
  653.000000    0.799678
  658.000000    0.780337
  663.000000    0.744469
  668.000000    0.709394
  673.000000    0.746672
  678.000000    0.739324
  683.000000    0.727314
  688.000000    0.671436
  693.000000    0.650771
  698.000000    0.676964
  703.000000    0.664758
  708.000000    0.640383
  713.000000    0.640516
  718.000000    0.664580
  723.000000    0.665862
  728.000000    0.682350
  733.000000    0.689889
  738.000000    0.643833
  743.000000    0.644684
  748.000000    0.675946
  753.000000    0.681531
  758.000000    0.687483
  763.000000    0.724276
  768.000000    0.741609
  773.000000    0.730023
  778.000000    0.689252
  783.000000    0.678456
  788.000000    0.688111
  793.000000    0.677149
  798.000000    0.710412
  803.000000    0.722635
  808.000000    0.716843
  813.000000    0.697208
  818.000000    0.678707
  823.000000    0.670724
  828.000000    0.665057
  833.000000    0.644386
  838.000000    0.628370
  843.000000    0.605969
  848.000000    0.600996
  853.000000    0.612547
  858.000000    0.615659
  863.000000    0.634743
  868.000000    0.638252
  873.000000    0.669171
  878.000000    0.684075
  883.000000    0.689327
  888.000000    0.710815
  893.000000    0.697532
  898.000000    0.678679
  903.000000    0.659351
  908.000000    0.656686
  913.000000    0.680074
  918.000000    0.723890
  923.000000    0.736051
  928.000000    0.734126
  933.000000    0.704875
  938.000000    0.666034
  943.000000    0.667744
  948.000000    0.668896
  953.000000    0.653041
  958.000000    0.646886
  963.000000    0.639205
  968.000000    0.668442
  973.000000    0.686907
  978.000000    0.681303
  983.000000    0.689454
  988.000000    0.721300
  993.000000    0.724033
  998.000000    0.745146
 1003.000000    0.748371
 1008.000000    0.745671
 1013.000000    0.738978
 1018.000000    0.707331
 1023.000000    0.664307
 1028.000000    0.616062
 1033.000000    0.606231
 1038.000000    0.610664
 1043.000000    0.619177
 1048.000000    0.653921
 1053.000000    0.696107
 1058.000000    0.730340
 1063.000000    0.729672
 1068.000000    0.725701
 1073.000000    0.714438
 1078.000000    0.724896
 1083.000000    0.724373
 1088.000000    0.745843
 1093.000000    0.791229
 1098.000000    0.828392
 1103.000000    0.849925
 1108.000000    0.850513
 1113.000000    0.811486
 1118.000000    0.742454
 1123.000000    0.704972
 1128.000000    0.672267
 1133.000000    0.632757
 1138.000000    0.622852
 1143.000000    0.660930
 1148.000000    0.671532
 1153.000000    0.670185
 1158.000000    0.652403
 1163.000000    0.640222
 1168.000000    0.637118
 1173.000000    0.672179
 1178.000000    0.680336
 1183.000000    0.685556
 1188.000000    0.697943
 1193.000000    0.702811
 1198.000000    0.658987
 1203.000000    0.623543
 1208.000000    0.604432
 1213.000000    0.595879
 1218.000000    0.565622
 1223.000000    0.573104
 1228.000000    0.609863
 1233.000000    0.639964
 1238.000000    0.669359
 1243.000000    0.644635
 1248.000000    0.629094
 1253.000000    0.621294
 1258.000000    0.625422
 1263.000000    0.597073
 1268.000000    0.582574
 1273.000000    0.580796
 1278.000000    0.588002
 1283.000000    0.610026
 1288.000000    0.624446
 1293.000000    0.632591
 1298.000000    0.651365
 1303.000000    0.667462
 1308.000000    0.709262
 1313.000000    0.745845
 1318.000000    0.779541
 1323.000000    0.783084
 1328.000000    0.757606
 1333.000000    0.707976
 1338.000000    0.689846
 1343.000000    0.673281
 1348.000000    0.667105
 1353.000000    0.653179
 1358.000000    0.668323
 1363.000000    0.625244
 1368.000000    0.633093
 1373.000000    0.668843
 1378.000000    0.659469
 1383.000000    0.650360
 1388.000000    0.665374
 1393.000000    0.689210
 1398.000000    0.697636
 1403.000000    0.706784
 1408.000000    0.712630
 1413.000000    0.740263
 1418.000000    0.733047
 1423.000000    0.730632
 1428.000000    0.722951
 1433.000000    0.723697
 1438.000000    0.705374
 1443.000000    0.689492
 1448.000000    0.679153
 1453.000000    0.692276
 1458.000000    0.679147
 1463.000000    0.679252
 1468.000000    0.671517
 1473.000000    0.670642
 1478.000000    0.668952
 1483.000000    0.679587
 1488.000000    0.685850
 1493.000000    0.708865
 1498.000000    0.717077
 1503.000000    0.738119
 1508.000000    0.731541
 1513.000000    0.746317
 1518.000000    0.750481
 1523.000000    0.726230
 1528.000000    0.723448
 1533.000000    0.721411
 1538.000000    0.707556
 1543.000000    0.715814
 1548.000000    0.697870
 1553.000000    0.664611
 1558.000000    0.673589
 1563.000000    0.675078
 1568.000000    0.678349
 1573.000000    0.693055
 1578.000000    0.680932
 1583.000000    0.665834
 1588.000000    0.649589
 1593.000000    0.630047
 1598.000000    0.630737
 1603.000000    0.649107
 1608.000000    0.622829
 1613.000000    0.598441
 1618.000000    0.619623
 1623.000000    0.640401
 1628.000000    0.639291
 1633.000000    0.646299
 1638.000000    0.655011
 1643.000000    0.659762
 1648.000000    0.705379
 1653.000000    0.733789
 1658.000000    0.731502
 1663.000000    0.743286
 1668.000000    0.762261
 1673.000000    0.760548
 1678.000000    0.792894
 1683.000000    0.795928
 1688.000000    0.794681
 1693.000000    0.783961
