#  pixel_depth  alphabetafraction   >  Analysis of alpha beta fraction
   72.000000    0.705701
   77.000000    0.691206
   82.000000    0.671832
   87.000000    0.650023
   92.000000    0.657025
   97.000000    0.644299
  102.000000    0.654924
  107.000000    0.623012
  112.000000    0.599029
  117.000000    0.601205
  122.000000    0.604833
  127.000000    0.631024
  132.000000    0.622698
  137.000000    0.618249
  142.000000    0.637544
  147.000000    0.625845
  152.000000    0.637184
  157.000000    0.632709
  162.000000    0.637796
  167.000000    0.645402
  172.000000    0.658352
  177.000000    0.634509
  182.000000    0.635852
  187.000000    0.650546
  192.000000    0.631857
  197.000000    0.607174
  202.000000    0.591911
  207.000000    0.575964
  212.000000    0.573960
  217.000000    0.573376
  222.000000    0.558570
  227.000000    0.564551
  232.000000    0.556700
  237.000000    0.537186
  242.000000    0.523967
  247.000000    0.548570
  252.000000    0.547550
  257.000000    0.569172
  262.000000    0.595530
  267.000000    0.634593
  272.000000    0.665381
  277.000000    0.686121
  282.000000    0.686093
  287.000000    0.676960
  292.000000    0.684530
  297.000000    0.686966
  302.000000    0.687027
  307.000000    0.692213
  312.000000    0.657555
  317.000000    0.620409
  322.000000    0.619384
  327.000000    0.635520
  332.000000    0.643095
  337.000000    0.650481
  342.000000    0.649892
  347.000000    0.645974
  352.000000    0.661296
  357.000000    0.656964
  362.000000    0.633154
  367.000000    0.607534
  372.000000    0.589818
  377.000000    0.553819
  382.000000    0.525981
  387.000000    0.542205
  392.000000    0.525861
  397.000000    0.526586
  402.000000    0.540470
  407.000000    0.569014
  412.000000    0.613689
  417.000000    0.621949
  422.000000    0.633975
  427.000000    0.629683
  432.000000    0.614408
  437.000000    0.619693
  442.000000    0.635204
  447.000000    0.631163
  452.000000    0.652464
  457.000000    0.632511
  462.000000    0.632688
  467.000000    0.637863
  472.000000    0.647576
  477.000000    0.626760
  482.000000    0.633247
  487.000000    0.658775
  492.000000    0.665168
  497.000000    0.694030
  502.000000    0.704622
  507.000000    0.697842
  512.000000    0.684782
  517.000000    0.690529
  522.000000    0.688681
  527.000000    0.694990
  532.000000    0.711891
  537.000000    0.694566
  542.000000    0.693162
  547.000000    0.660321
  552.000000    0.645141
  557.000000    0.590182
  562.000000    0.580291
  567.000000    0.579386
  572.000000    0.600896
  577.000000    0.611407
  582.000000    0.626877
  587.000000    0.616840
  592.000000    0.607333
  597.000000    0.596208
  602.000000    0.598965
  607.000000    0.601085
  612.000000    0.617098
  617.000000    0.603227
  622.000000    0.622165
  627.000000    0.641483
  632.000000    0.644541
  637.000000    0.621195
  642.000000    0.610516
  647.000000    0.578773
  652.000000    0.581107
  657.000000    0.590463
  662.000000    0.600161
  667.000000    0.613762
  672.000000    0.635590
  677.000000    0.660675
  682.000000    0.687312
  687.000000    0.702675
  692.000000    0.723285
  697.000000    0.743559
  702.000000    0.754891
  707.000000    0.756486
  712.000000    0.760708
  717.000000    0.771376
  722.000000    0.773777
  727.000000    0.756872
  732.000000    0.728977
  737.000000    0.708069
  742.000000    0.673429
  747.000000    0.668807
  752.000000    0.685065
  757.000000    0.693709
  762.000000    0.708083
  767.000000    0.718405
  772.000000    0.736809
  777.000000    0.717236
  782.000000    0.708390
  787.000000    0.687818
  792.000000    0.670217
  797.000000    0.651744
  802.000000    0.597592
  807.000000    0.574214
  812.000000    0.548199
  817.000000    0.535956
  822.000000    0.543341
  827.000000    0.548253
  832.000000    0.547196
  837.000000    0.546598
  842.000000    0.566499
  847.000000    0.565419
  852.000000    0.581965
  857.000000    0.582226
  862.000000    0.573122
  867.000000    0.541731
  872.000000    0.544167
  877.000000    0.545142
  882.000000    0.539419
  887.000000    0.556795
  892.000000    0.528365
  897.000000    0.522573
  902.000000    0.557422
  907.000000    0.596633
  912.000000    0.611973
  917.000000    0.644273
  922.000000    0.685010
  927.000000    0.715419
  932.000000    0.741388
  937.000000    0.746829
  942.000000    0.723955
  947.000000    0.715519
  952.000000    0.686831
  957.000000    0.690068
  962.000000    0.680404
  967.000000    0.664272
  972.000000    0.661720
  977.000000    0.670139
  982.000000    0.668424
  987.000000    0.677895
  992.000000    0.694417
  997.000000    0.722469
 1002.000000    0.699835
 1007.000000    0.670141
 1012.000000    0.666170
 1017.000000    0.630370
 1022.000000    0.610364
 1027.000000    0.607549
 1032.000000    0.650054
 1037.000000    0.643610
 1042.000000    0.649130
 1047.000000    0.668403
 1052.000000    0.676493
 1057.000000    0.668804
 1062.000000    0.675220
 1067.000000    0.675247
 1072.000000    0.691449
 1077.000000    0.699572
 1082.000000    0.691333
 1087.000000    0.687495
 1092.000000    0.670184
 1097.000000    0.691782
 1102.000000    0.712944
 1107.000000    0.750019
 1112.000000    0.755046
 1117.000000    0.734273
 1122.000000    0.722311
 1127.000000    0.718575
 1132.000000    0.708338
 1137.000000    0.703074
 1142.000000    0.702581
 1147.000000    0.651637
 1152.000000    0.608789
 1157.000000    0.592905
 1162.000000    0.612984
 1167.000000    0.622830
 1172.000000    0.643357
 1177.000000    0.664034
 1182.000000    0.686393
 1187.000000    0.676939
 1192.000000    0.657532
 1197.000000    0.650309
 1202.000000    0.617964
 1207.000000    0.602191
 1212.000000    0.621369
 1217.000000    0.657612
 1222.000000    0.642817
 1227.000000    0.629689
 1232.000000    0.616836
 1237.000000    0.615834
 1242.000000    0.620316
 1247.000000    0.631723
 1252.000000    0.636646
 1257.000000    0.613504
 1262.000000    0.609687
 1267.000000    0.622811
 1272.000000    0.644532
 1277.000000    0.641794
 1282.000000    0.653419
 1287.000000    0.662451
 1292.000000    0.665032
 1297.000000    0.641962
 1302.000000    0.638756
 1307.000000    0.619161
 1312.000000    0.592371
 1317.000000    0.593520
 1322.000000    0.575088
 1327.000000    0.587906
 1332.000000    0.589582
 1337.000000    0.607656
 1342.000000    0.626645
 1347.000000    0.644215
 1352.000000    0.656488
 1357.000000    0.676719
 1362.000000    0.697688
 1367.000000    0.718917
 1372.000000    0.703254
 1377.000000    0.663318
 1382.000000    0.618776
 1387.000000    0.593282
 1392.000000    0.575396
 1397.000000    0.547941
 1402.000000    0.523394
 1407.000000    0.504007
 1412.000000    0.503342
 1417.000000    0.504324
 1422.000000    0.499085
 1427.000000    0.503846
 1432.000000    0.515210
 1437.000000    0.537258
 1442.000000    0.558268
 1447.000000    0.590806
 1452.000000    0.595882
 1457.000000    0.569091
 1462.000000    0.580102
 1467.000000    0.592696
 1472.000000    0.573209
 1477.000000    0.548738
 1482.000000    0.552004
 1487.000000    0.611473
 1492.000000    0.655299
 1497.000000    0.651575
 1502.000000    0.610727
 1507.000000    0.549215
 1512.000000    0.526631
 1517.000000    0.533413
 1522.000000    0.552041
 1527.000000    0.560860
 1532.000000    0.558266
 1537.000000    0.568672
 1542.000000    0.583637
 1547.000000    0.589324
 1552.000000    0.564539
 1557.000000    0.583130
 1562.000000    0.603785
 1567.000000    0.643597
 1572.000000    0.655360
 1577.000000    0.641128
 1582.000000    0.624172
 1587.000000    0.617709
 1592.000000    0.618855
 1597.000000    0.605667
 1602.000000    0.594290
 1607.000000    0.607989
 1612.000000    0.606586
 1617.000000    0.603824
 1622.000000    0.633268
 1627.000000    0.666600
 1632.000000    0.657471
 1637.000000    0.653147
 1642.000000    0.624809
 1647.000000    0.626647
 1652.000000    0.641084
 1657.000000    0.615198
 1662.000000    0.594044
 1667.000000    0.569187
 1672.000000    0.547562
 1677.000000    0.539393
 1682.000000    0.530109
 1687.000000    0.546340
 1692.000000    0.579544
 1697.000000    0.618606
 1702.000000    0.638839
 1707.000000    0.642260
 1712.000000    0.668438
 1717.000000    0.673149
 1722.000000    0.671879
 1727.000000    0.698038
 1732.000000    0.701525
 1737.000000    0.723119
 1742.000000    0.703401
 1747.000000    0.705007
 1752.000000    0.701045
 1757.000000    0.686883
