#  pixel_depth  alphabetafraction   >  Analysis of alpha beta fraction
   66.000000    0.565695
   71.000000    0.555626
   76.000000    0.595359
   81.000000    0.604269
   86.000000    0.588628
   91.000000    0.578540
   96.000000    0.583834
  101.000000    0.593688
  106.000000    0.583142
  111.000000    0.580700
  116.000000    0.574150
  121.000000    0.521270
  126.000000    0.522768
  131.000000    0.493983
  136.000000    0.476345
  141.000000    0.488591
  146.000000    0.504485
  151.000000    0.522573
  156.000000    0.516651
  161.000000    0.505858
  166.000000    0.513016
  171.000000    0.525557
  176.000000    0.536892
  181.000000    0.540032
  186.000000    0.522921
  191.000000    0.537536
  196.000000    0.543409
  201.000000    0.532546
  206.000000    0.571330
  211.000000    0.578734
  216.000000    0.562437
  221.000000    0.588518
  226.000000    0.617763
  231.000000    0.627159
  236.000000    0.591050
  241.000000    0.596303
  246.000000    0.590418
  251.000000    0.601379
  256.000000    0.610634
  261.000000    0.615356
  266.000000    0.643550
  271.000000    0.683432
  276.000000    0.700694
  281.000000    0.684837
  286.000000    0.677274
  291.000000    0.693665
  296.000000    0.688554
  301.000000    0.660863
  306.000000    0.648484
  311.000000    0.614153
  316.000000    0.579767
  321.000000    0.566663
  326.000000    0.563856
  331.000000    0.597054
  336.000000    0.592464
  341.000000    0.558229
  346.000000    0.518127
  351.000000    0.509063
  356.000000    0.506217
  361.000000    0.515565
  366.000000    0.523026
  371.000000    0.555503
  376.000000    0.573433
  381.000000    0.575805
  386.000000    0.576447
  391.000000    0.558291
  396.000000    0.568946
  401.000000    0.584237
  406.000000    0.599532
  411.000000    0.615177
  416.000000    0.633916
  421.000000    0.636983
  426.000000    0.618780
  431.000000    0.611837
  436.000000    0.612371
  441.000000    0.607942
  446.000000    0.606277
  451.000000    0.599241
  456.000000    0.579182
  461.000000    0.561495
  466.000000    0.559772
  471.000000    0.569273
  476.000000    0.576157
  481.000000    0.583170
  486.000000    0.586229
  491.000000    0.567046
  496.000000    0.554812
  501.000000    0.537914
  506.000000    0.489094
  511.000000    0.448678
  516.000000    0.463618
  521.000000    0.506652
  526.000000    0.534908
  531.000000    0.544770
  536.000000    0.586824
  541.000000    0.584238
  546.000000    0.587257
  551.000000    0.585633
  556.000000    0.575247
  561.000000    0.612577
  566.000000    0.624532
  571.000000    0.623800
  576.000000    0.605748
  581.000000    0.628464
  586.000000    0.656466
  591.000000    0.677466
  596.000000    0.672114
  601.000000    0.643543
  606.000000    0.598783
  611.000000    0.561767
  616.000000    0.515578
  621.000000    0.523459
  626.000000    0.535185
  631.000000    0.541073
  636.000000    0.557532
  641.000000    0.608451
  646.000000    0.607524
  651.000000    0.623184
  656.000000    0.665226
  661.000000    0.696235
  666.000000    0.715662
  671.000000    0.719449
  676.000000    0.748436
  681.000000    0.744671
  686.000000    0.715364
  691.000000    0.676734
  696.000000    0.658191
  701.000000    0.631853
  706.000000    0.612848
  711.000000    0.602130
  716.000000    0.580445
  721.000000    0.590384
  726.000000    0.604014
  731.000000    0.584699
  736.000000    0.534719
  741.000000    0.543516
  746.000000    0.570219
  751.000000    0.582897
  756.000000    0.558485
  761.000000    0.562562
  766.000000    0.566614
  771.000000    0.581442
  776.000000    0.615442
  781.000000    0.646484
  786.000000    0.681821
  791.000000    0.696417
  796.000000    0.712234
  801.000000    0.734737
  806.000000    0.710270
  811.000000    0.695922
  816.000000    0.684883
  821.000000    0.661018
  826.000000    0.633257
  831.000000    0.631599
  836.000000    0.598171
  841.000000    0.586257
  846.000000    0.603521
  851.000000    0.602402
  856.000000    0.597139
  861.000000    0.603794
  866.000000    0.613070
  871.000000    0.654879
  876.000000    0.671544
  881.000000    0.653963
  886.000000    0.628618
  891.000000    0.585838
  896.000000    0.601046
  901.000000    0.606084
  906.000000    0.604628
  911.000000    0.578193
  916.000000    0.583293
  921.000000    0.583140
  926.000000    0.597060
  931.000000    0.589095
  936.000000    0.551046
  941.000000    0.541501
  946.000000    0.554722
  951.000000    0.580356
  956.000000    0.603003
  961.000000    0.621467
  966.000000    0.609569
  971.000000    0.600919
  976.000000    0.585678
  981.000000    0.570663
  986.000000    0.561608
  991.000000    0.572747
  996.000000    0.550022
 1001.000000    0.527677
 1006.000000    0.525180
 1011.000000    0.538613
 1016.000000    0.566031
 1021.000000    0.566811
 1026.000000    0.562334
 1031.000000    0.528370
 1036.000000    0.512745
 1041.000000    0.508837
 1046.000000    0.516228
 1051.000000    0.550041
 1056.000000    0.566437
 1061.000000    0.578858
 1066.000000    0.572490
 1071.000000    0.568571
 1076.000000    0.594079
 1081.000000    0.600179
 1086.000000    0.594861
 1091.000000    0.601067
 1096.000000    0.619935
 1101.000000    0.626233
 1106.000000    0.607391
 1111.000000    0.597648
 1116.000000    0.594974
 1121.000000    0.593150
 1126.000000    0.586174
 1131.000000    0.605325
 1136.000000    0.576043
 1141.000000    0.551258
 1146.000000    0.551547
 1151.000000    0.582150
 1156.000000    0.603186
 1161.000000    0.623860
 1166.000000    0.623940
 1171.000000    0.615736
 1176.000000    0.611434
 1181.000000    0.641351
 1186.000000    0.678272
 1191.000000    0.693471
 1196.000000    0.683155
 1201.000000    0.655149
 1206.000000    0.650756
 1211.000000    0.656099
 1216.000000    0.649280
 1221.000000    0.654783
 1226.000000    0.638767
 1231.000000    0.636500
 1236.000000    0.631735
 1241.000000    0.618534
 1246.000000    0.572645
 1251.000000    0.559453
 1256.000000    0.549873
 1261.000000    0.555951
 1266.000000    0.555868
 1271.000000    0.573957
 1276.000000    0.578328
 1281.000000    0.626090
 1286.000000    0.665803
 1291.000000    0.674006
 1296.000000    0.678435
 1301.000000    0.680166
 1306.000000    0.680277
 1311.000000    0.657804
 1316.000000    0.658717
 1321.000000    0.691622
 1326.000000    0.703508
 1331.000000    0.694756
 1336.000000    0.692381
 1341.000000    0.660077
 1346.000000    0.653767
 1351.000000    0.657287
 1356.000000    0.640401
 1361.000000    0.640951
 1366.000000    0.643203
 1371.000000    0.644189
 1376.000000    0.641775
 1381.000000    0.631296
 1386.000000    0.637411
 1391.000000    0.618887
 1396.000000    0.587073
 1401.000000    0.569235
 1406.000000    0.541176
 1411.000000    0.515914
 1416.000000    0.514745
 1421.000000    0.488985
 1426.000000    0.508960
 1431.000000    0.528107
 1436.000000    0.529840
 1441.000000    0.540544
 1446.000000    0.547678
 1451.000000    0.543561
 1456.000000    0.537201
 1461.000000    0.519048
 1466.000000    0.556517
 1471.000000    0.608819
 1476.000000    0.637197
 1481.000000    0.662086
 1486.000000    0.664401
 1491.000000    0.689736
 1496.000000    0.697259
 1501.000000    0.706945
 1506.000000    0.695989
 1511.000000    0.682322
 1516.000000    0.672907
 1521.000000    0.648488
 1526.000000    0.598220
 1531.000000    0.554642
 1536.000000    0.564060
 1541.000000    0.549531
 1546.000000    0.566705
 1551.000000    0.608531
 1556.000000    0.666723
 1561.000000    0.683722
 1566.000000    0.681713
 1571.000000    0.662451
 1576.000000    0.655492
 1581.000000    0.625576
 1586.000000    0.636097
 1591.000000    0.660302
 1596.000000    0.659704
 1601.000000    0.655976
 1606.000000    0.639170
 1611.000000    0.588671
 1616.000000    0.578955
 1621.000000    0.558287
 1626.000000    0.584355
 1631.000000    0.614520
 1636.000000    0.648081
 1641.000000    0.672536
 1646.000000    0.727649
 1651.000000    0.700508
 1656.000000    0.690115
 1661.000000    0.668157
 1666.000000    0.652065
 1671.000000    0.634974
 1676.000000    0.632806
 1681.000000    0.627926
 1686.000000    0.622167
 1691.000000    0.600305
 1696.000000    0.582354
 1701.000000    0.583310
 1706.000000    0.560860
 1711.000000    0.570558
 1716.000000    0.575481
 1721.000000    0.575495
 1726.000000    0.579331
 1731.000000    0.591411
 1736.000000    0.596975
 1741.000000    0.598278
 1746.000000    0.579157
 1751.000000    0.584774
 1756.000000    0.616554
 1761.000000    0.621808
 1766.000000    0.640679
 1771.000000    0.648692
