#  pixel_depth  alphabetafraction   >  Analysis of alpha beta fraction
   69.000000    0.684372
   74.000000    0.672075
   79.000000    0.641133
   84.000000    0.629424
   89.000000    0.648904
   94.000000    0.650968
   99.000000    0.650850
  104.000000    0.664898
  109.000000    0.641368
  114.000000    0.625352
  119.000000    0.642869
  124.000000    0.653333
  129.000000    0.610699
  134.000000    0.578599
  139.000000    0.579625
  144.000000    0.558784
  149.000000    0.526020
  154.000000    0.537533
  159.000000    0.547159
  164.000000    0.599848
  169.000000    0.631957
  174.000000    0.637678
  179.000000    0.624092
  184.000000    0.588361
  189.000000    0.580093
  194.000000    0.571974
  199.000000    0.560097
  204.000000    0.585312
  209.000000    0.571650
  214.000000    0.546405
  219.000000    0.525828
  224.000000    0.524425
  229.000000    0.521622
  234.000000    0.582951
  239.000000    0.618740
  244.000000    0.624930
  249.000000    0.633372
  254.000000    0.614694
  259.000000    0.632074
  264.000000    0.639804
  269.000000    0.635352
  274.000000    0.642659
  279.000000    0.650330
  284.000000    0.661080
  289.000000    0.680451
  294.000000    0.672168
  299.000000    0.681488
  304.000000    0.676002
  309.000000    0.677152
  314.000000    0.666660
  319.000000    0.675811
  324.000000    0.648730
  329.000000    0.618770
  334.000000    0.623969
  339.000000    0.678924
  344.000000    0.684189
  349.000000    0.649970
  354.000000    0.660839
  359.000000    0.622862
  364.000000    0.557788
  369.000000    0.533943
  374.000000    0.535288
  379.000000    0.525807
  384.000000    0.534083
  389.000000    0.534486
  394.000000    0.542428
  399.000000    0.568763
  404.000000    0.607621
  409.000000    0.612477
  414.000000    0.605469
  419.000000    0.608399
  424.000000    0.599001
  429.000000    0.591725
  434.000000    0.613679
  439.000000    0.609783
  444.000000    0.611789
  449.000000    0.622822
  454.000000    0.634103
  459.000000    0.653804
  464.000000    0.653011
  469.000000    0.661180
  474.000000    0.691209
  479.000000    0.686821
  484.000000    0.692303
  489.000000    0.683879
  494.000000    0.707545
  499.000000    0.724504
  504.000000    0.722920
  509.000000    0.697609
  514.000000    0.659631
  519.000000    0.633977
  524.000000    0.608732
  529.000000    0.605942
  534.000000    0.612255
  539.000000    0.649499
  544.000000    0.687269
  549.000000    0.718208
  554.000000    0.721971
  559.000000    0.746711
  564.000000    0.766863
  569.000000    0.735062
  574.000000    0.704782
  579.000000    0.720026
  584.000000    0.716951
  589.000000    0.680619
  594.000000    0.654397
  599.000000    0.646622
  604.000000    0.640946
  609.000000    0.647516
  614.000000    0.665231
  619.000000    0.654995
  624.000000    0.655625
  629.000000    0.664461
  634.000000    0.678274
  639.000000    0.682600
  644.000000    0.690907
  649.000000    0.721340
  654.000000    0.755608
  659.000000    0.754155
  664.000000    0.727357
  669.000000    0.718954
  674.000000    0.729911
  679.000000    0.717882
  684.000000    0.711864
  689.000000    0.688579
  694.000000    0.695834
  699.000000    0.686512
  704.000000    0.654217
  709.000000    0.667109
  714.000000    0.613344
  719.000000    0.595685
  724.000000    0.636587
  729.000000    0.687194
  734.000000    0.678309
  739.000000    0.685960
  744.000000    0.713659
  749.000000    0.697229
  754.000000    0.707259
  759.000000    0.710049
  764.000000    0.730589
  769.000000    0.782110
  774.000000    0.809092
  779.000000    0.818285
  784.000000    0.822988
  789.000000    0.811839
  794.000000    0.807835
  799.000000    0.782632
  804.000000    0.729863
  809.000000    0.722110
  814.000000    0.729778
  819.000000    0.719006
  824.000000    0.731364
  829.000000    0.784623
  834.000000    0.765834
  839.000000    0.745574
  844.000000    0.753610
  849.000000    0.753175
  854.000000    0.744254
  859.000000    0.764011
  864.000000    0.763693
  869.000000    0.771216
  874.000000    0.763078
  879.000000    0.730536
  884.000000    0.721540
  889.000000    0.703422
  894.000000    0.684859
  899.000000    0.703766
  904.000000    0.693249
  909.000000    0.688686
  914.000000    0.668461
  919.000000    0.639937
  924.000000    0.674368
  929.000000    0.726226
  934.000000    0.755507
  939.000000    0.763887
  944.000000    0.753553
  949.000000    0.741582
  954.000000    0.750654
  959.000000    0.727345
  964.000000    0.693193
  969.000000    0.683295
  974.000000    0.683421
  979.000000    0.680486
  984.000000    0.681427
  989.000000    0.692901
  994.000000    0.706642
  999.000000    0.739254
 1004.000000    0.789892
 1009.000000    0.812092
 1014.000000    0.795939
 1019.000000    0.777706
 1024.000000    0.766979
 1029.000000    0.758026
 1034.000000    0.738773
 1039.000000    0.704720
 1044.000000    0.720965
 1049.000000    0.747429
 1054.000000    0.741001
 1059.000000    0.719810
 1064.000000    0.720507
 1069.000000    0.746558
 1074.000000    0.742661
 1079.000000    0.733839
 1084.000000    0.721919
 1089.000000    0.717139
 1094.000000    0.709162
 1099.000000    0.707442
 1104.000000    0.755197
 1109.000000    0.768247
 1114.000000    0.750225
 1119.000000    0.733405
 1124.000000    0.695421
 1129.000000    0.685445
 1134.000000    0.699522
 1139.000000    0.707320
 1144.000000    0.738233
 1149.000000    0.732196
 1154.000000    0.727585
 1159.000000    0.709721
 1164.000000    0.706489
 1169.000000    0.716321
 1174.000000    0.730807
 1179.000000    0.753563
 1184.000000    0.758862
 1189.000000    0.768151
 1194.000000    0.773752
 1199.000000    0.770207
 1204.000000    0.735583
 1209.000000    0.693749
 1214.000000    0.685674
 1219.000000    0.690373
 1224.000000    0.664136
 1229.000000    0.651954
 1234.000000    0.659652
 1239.000000    0.669688
 1244.000000    0.665667
 1249.000000    0.698775
 1254.000000    0.695366
 1259.000000    0.688607
 1264.000000    0.696459
 1269.000000    0.702414
 1274.000000    0.701747
 1279.000000    0.707259
 1284.000000    0.727635
 1289.000000    0.727542
 1294.000000    0.723116
 1299.000000    0.757558
 1304.000000    0.780574
 1309.000000    0.790664
 1314.000000    0.773699
 1319.000000    0.771328
 1324.000000    0.766455
 1329.000000    0.737500
 1334.000000    0.719101
 1339.000000    0.727764
 1344.000000    0.739864
 1349.000000    0.745252
 1354.000000    0.760805
 1359.000000    0.768347
 1364.000000    0.733724
 1369.000000    0.722027
 1374.000000    0.726091
 1379.000000    0.723252
 1384.000000    0.721311
 1389.000000    0.723390
 1394.000000    0.702074
 1399.000000    0.668045
 1404.000000    0.650214
 1409.000000    0.666625
 1414.000000    0.676564
 1419.000000    0.685336
 1424.000000    0.694117
 1429.000000    0.687118
 1434.000000    0.710462
 1439.000000    0.685390
 1444.000000    0.704567
 1449.000000    0.716635
 1454.000000    0.736358
 1459.000000    0.742140
 1464.000000    0.741410
 1469.000000    0.751167
 1474.000000    0.740126
 1479.000000    0.753903
 1484.000000    0.738327
 1489.000000    0.722322
 1494.000000    0.741063
 1499.000000    0.731658
 1504.000000    0.745098
 1509.000000    0.722634
 1514.000000    0.753391
 1519.000000    0.759863
 1524.000000    0.750892
 1529.000000    0.732706
 1534.000000    0.730659
 1539.000000    0.718817
 1544.000000    0.715103
 1549.000000    0.716819
 1554.000000    0.729500
 1559.000000    0.732758
 1564.000000    0.728938
 1569.000000    0.724402
 1574.000000    0.719397
 1579.000000    0.712511
 1584.000000    0.721540
 1589.000000    0.694528
 1594.000000    0.703716
 1599.000000    0.709827
 1604.000000    0.709474
 1609.000000    0.724889
 1614.000000    0.726496
 1619.000000    0.714875
 1624.000000    0.717748
 1629.000000    0.700446
 1634.000000    0.673697
 1639.000000    0.668336
 1644.000000    0.665750
 1649.000000    0.639954
 1654.000000    0.664406
 1659.000000    0.695193
 1664.000000    0.722019
 1669.000000    0.722182
 1674.000000    0.698886
 1679.000000    0.713963
 1684.000000    0.701777
 1689.000000    0.680190
 1694.000000    0.628200
 1699.000000    0.595910
 1704.000000    0.635244
 1709.000000    0.652489
 1714.000000    0.659907
 1719.000000    0.667893
 1724.000000    0.650799
 1729.000000    0.646028
 1734.000000    0.669250
 1739.000000    0.645575
 1744.000000    0.685021
 1749.000000    0.697431
 1754.000000    0.673253
 1759.000000    0.628375
 1764.000000    0.633882
 1769.000000    0.635459
 1774.000000    0.645426
 1779.000000    0.679528
 1784.000000    0.699337
 1789.000000    0.720324
 1794.000000    0.754546
 1799.000000    0.786104
 1804.000000    0.760510
 1809.000000    0.736332
 1814.000000    0.695591
 1819.000000    0.671232
 1824.000000    0.708862
 1829.000000    0.739224
 1834.000000    0.744438
 1839.000000    0.760407
 1844.000000    0.768610
 1849.000000    0.765822
 1854.000000    0.754695
