#  pixel_depth  alphabetafraction   >  Analysis of alpha beta fraction
   49.000000    0.675344
   54.000000    0.665932
   59.000000    0.688855
   64.000000    0.673478
   69.000000    0.637801
   74.000000    0.645642
   79.000000    0.644041
   84.000000    0.615647
   89.000000    0.608379
   94.000000    0.614853
   99.000000    0.600228
  104.000000    0.567326
  109.000000    0.536678
  114.000000    0.574994
  119.000000    0.634142
  124.000000    0.695207
  129.000000    0.724814
  134.000000    0.726968
  139.000000    0.717335
  144.000000    0.683705
  149.000000    0.668431
  154.000000    0.648835
  159.000000    0.622138
  164.000000    0.595017
  169.000000    0.594074
  174.000000    0.579998
  179.000000    0.577151
  184.000000    0.581306
  189.000000    0.598361
  194.000000    0.635257
  199.000000    0.642270
  204.000000    0.661206
  209.000000    0.653740
  214.000000    0.629342
  219.000000    0.613486
  224.000000    0.597289
  229.000000    0.588062
  234.000000    0.606805
  239.000000    0.634014
  244.000000    0.620506
  249.000000    0.631659
  254.000000    0.622679
  259.000000    0.642992
  264.000000    0.668415
  269.000000    0.689091
  274.000000    0.679065
  279.000000    0.648688
  284.000000    0.668577
  289.000000    0.664134
  294.000000    0.677139
  299.000000    0.704371
  304.000000    0.708532
  309.000000    0.709814
  314.000000    0.699056
  319.000000    0.685244
  324.000000    0.671286
  329.000000    0.646044
  334.000000    0.629626
  339.000000    0.633502
  344.000000    0.646241
  349.000000    0.679662
  354.000000    0.711297
  359.000000    0.708086
  364.000000    0.682074
  369.000000    0.658048
  374.000000    0.618558
  379.000000    0.613256
  384.000000    0.596163
  389.000000    0.609810
  394.000000    0.620134
  399.000000    0.622045
  404.000000    0.589541
  409.000000    0.581493
  414.000000    0.569107
  419.000000    0.594024
  424.000000    0.622855
  429.000000    0.616898
  434.000000    0.639703
  439.000000    0.698402
  444.000000    0.741959
  449.000000    0.762327
  454.000000    0.761572
  459.000000    0.753193
  464.000000    0.749346
  469.000000    0.741595
  474.000000    0.712377
  479.000000    0.700473
  484.000000    0.723422
  489.000000    0.715382
  494.000000    0.704023
  499.000000    0.654630
  504.000000    0.596726
  509.000000    0.512980
  514.000000    0.464060
  519.000000    0.480365
  524.000000    0.480463
  529.000000    0.483798
  534.000000    0.481626
  539.000000    0.514062
  544.000000    0.532403
  549.000000    0.575611
  554.000000    0.615982
  559.000000    0.617589
  564.000000    0.638439
  569.000000    0.662117
  574.000000    0.681330
  579.000000    0.669534
  584.000000    0.663543
  589.000000    0.669774
  594.000000    0.686784
  599.000000    0.667734
  604.000000    0.660883
  609.000000    0.668113
  614.000000    0.679193
  619.000000    0.687468
  624.000000    0.667067
  629.000000    0.627810
  634.000000    0.578701
  639.000000    0.560330
  644.000000    0.566022
  649.000000    0.560873
  654.000000    0.568857
  659.000000    0.598732
  664.000000    0.637037
  669.000000    0.652381
  674.000000    0.678591
  679.000000    0.693419
  684.000000    0.680302
  689.000000    0.668329
  694.000000    0.702956
  699.000000    0.729124
  704.000000    0.728322
  709.000000    0.718695
  714.000000    0.709162
  719.000000    0.731982
  724.000000    0.721273
  729.000000    0.692273
  734.000000    0.679612
  739.000000    0.704544
  744.000000    0.706377
  749.000000    0.701085
  754.000000    0.696905
  759.000000    0.690405
  764.000000    0.663072
  769.000000    0.674579
  774.000000    0.680296
  779.000000    0.696127
  784.000000    0.685046
  789.000000    0.663275
  794.000000    0.654096
  799.000000    0.638276
  804.000000    0.645383
  809.000000    0.628597
  814.000000    0.619578
  819.000000    0.616563
  824.000000    0.624605
  829.000000    0.641211
  834.000000    0.634492
  839.000000    0.668752
  844.000000    0.710878
  849.000000    0.730785
  854.000000    0.703829
  859.000000    0.688342
  864.000000    0.676062
  869.000000    0.672962
  874.000000    0.678975
  879.000000    0.680056
  884.000000    0.667949
  889.000000    0.649405
  894.000000    0.659756
  899.000000    0.637525
  904.000000    0.655976
  909.000000    0.655065
  914.000000    0.660963
  919.000000    0.656879
  924.000000    0.643980
  929.000000    0.647468
  934.000000    0.640829
  939.000000    0.645002
  944.000000    0.653963
  949.000000    0.667580
  954.000000    0.680271
  959.000000    0.699429
  964.000000    0.681461
  969.000000    0.654924
  974.000000    0.635577
  979.000000    0.609691
  984.000000    0.619278
  989.000000    0.626949
  994.000000    0.632687
  999.000000    0.627643
 1004.000000    0.623799
 1009.000000    0.622809
 1014.000000    0.633494
 1019.000000    0.633828
 1024.000000    0.622649
 1029.000000    0.625940
 1034.000000    0.638972
 1039.000000    0.647470
 1044.000000    0.637489
 1049.000000    0.651658
 1054.000000    0.664534
 1059.000000    0.655725
 1064.000000    0.623018
 1069.000000    0.637360
 1074.000000    0.684581
 1079.000000    0.720117
 1084.000000    0.735877
 1089.000000    0.755520
 1094.000000    0.758030
 1099.000000    0.734708
 1104.000000    0.690597
 1109.000000    0.641932
 1114.000000    0.604202
 1119.000000    0.618423
 1124.000000    0.614038
 1129.000000    0.604470
 1134.000000    0.631025
 1139.000000    0.627539
 1144.000000    0.628124
 1149.000000    0.621871
 1154.000000    0.613087
 1159.000000    0.634912
 1164.000000    0.666741
 1169.000000    0.683662
 1174.000000    0.716488
 1179.000000    0.714431
 1184.000000    0.737619
 1189.000000    0.718375
 1194.000000    0.738619
 1199.000000    0.766034
 1204.000000    0.752253
 1209.000000    0.749289
 1214.000000    0.731299
 1219.000000    0.707096
 1224.000000    0.687534
 1229.000000    0.704655
 1234.000000    0.723120
 1239.000000    0.704189
 1244.000000    0.693281
 1249.000000    0.683644
 1254.000000    0.703171
 1259.000000    0.712612
 1264.000000    0.739945
 1269.000000    0.749813
 1274.000000    0.736656
 1279.000000    0.745545
 1284.000000    0.743091
 1289.000000    0.738791
 1294.000000    0.701964
 1299.000000    0.655182
 1304.000000    0.635966
 1309.000000    0.652621
 1314.000000    0.665302
 1319.000000    0.659215
 1324.000000    0.636143
 1329.000000    0.638630
 1334.000000    0.614544
 1339.000000    0.640329
 1344.000000    0.674774
 1349.000000    0.678086
 1354.000000    0.713518
 1359.000000    0.721640
 1364.000000    0.718163
 1369.000000    0.724798
 1374.000000    0.751798
 1379.000000    0.750187
 1384.000000    0.732885
 1389.000000    0.719318
 1394.000000    0.670402
 1399.000000    0.654175
 1404.000000    0.685638
 1409.000000    0.691216
 1414.000000    0.681366
 1419.000000    0.692027
 1424.000000    0.685734
 1429.000000    0.684012
 1434.000000    0.680742
 1439.000000    0.684691
 1444.000000    0.648119
 1449.000000    0.630557
 1454.000000    0.621597
 1459.000000    0.570427
 1464.000000    0.551604
 1469.000000    0.577128
 1474.000000    0.596485
 1479.000000    0.619884
 1484.000000    0.638829
 1489.000000    0.652107
 1494.000000    0.669677
 1499.000000    0.718457
 1504.000000    0.729657
 1509.000000    0.697426
 1514.000000    0.700428
 1519.000000    0.718684
 1524.000000    0.713612
 1529.000000    0.711002
 1534.000000    0.708881
 1539.000000    0.696996
 1544.000000    0.684477
 1549.000000    0.666778
 1554.000000    0.674817
 1559.000000    0.678312
 1564.000000    0.661199
 1569.000000    0.650168
 1574.000000    0.642711
 1579.000000    0.621001
 1584.000000    0.618907
 1589.000000    0.620920
 1594.000000    0.657017
 1599.000000    0.671067
 1604.000000    0.676287
 1609.000000    0.681972
 1614.000000    0.700088
 1619.000000    0.694965
 1624.000000    0.713564
 1629.000000    0.743073
 1634.000000    0.766531
 1639.000000    0.768263
 1644.000000    0.757371
 1649.000000    0.727275
 1654.000000    0.689174
 1659.000000    0.714525
 1664.000000    0.738686
 1669.000000    0.743680
 1674.000000    0.728684
 1679.000000    0.721469
 1684.000000    0.735891
 1689.000000    0.724360
 1694.000000    0.711496
 1699.000000    0.712163
 1704.000000    0.695559
 1709.000000    0.664402
 1714.000000    0.649744
 1719.000000    0.624558
 1724.000000    0.577582
 1729.000000    0.558907
 1734.000000    0.547917
 1739.000000    0.551442
 1744.000000    0.573580
 1749.000000    0.601782
 1754.000000    0.644644
