#  pixel_depth  alphabetafraction   >  Analysis of alpha beta fraction
   50.000000    0.718832
   55.000000    0.721377
   60.000000    0.725244
   65.000000    0.713724
   70.000000    0.675647
   75.000000    0.670644
   80.000000    0.719883
   85.000000    0.726097
   90.000000    0.689313
   95.000000    0.643733
  100.000000    0.638705
  105.000000    0.655280
  110.000000    0.633015
  115.000000    0.610762
  120.000000    0.666868
  125.000000    0.694156
  130.000000    0.708167
  135.000000    0.722701
  140.000000    0.724513
  145.000000    0.758804
  150.000000    0.781411
  155.000000    0.789235
  160.000000    0.781525
  165.000000    0.764760
  170.000000    0.714952
  175.000000    0.688714
  180.000000    0.663606
  185.000000    0.637026
  190.000000    0.661552
  195.000000    0.655421
  200.000000    0.631792
  205.000000    0.605716
  210.000000    0.589674
  215.000000    0.592052
  220.000000    0.608409
  225.000000    0.621158
  230.000000    0.639462
  235.000000    0.655075
  240.000000    0.658328
  245.000000    0.658619
  250.000000    0.656481
  255.000000    0.687083
  260.000000    0.681922
  265.000000    0.671261
  270.000000    0.675233
  275.000000    0.670128
  280.000000    0.642626
  285.000000    0.648512
  290.000000    0.679902
  295.000000    0.680321
  300.000000    0.693252
  305.000000    0.681959
  310.000000    0.709507
  315.000000    0.723301
  320.000000    0.741300
  325.000000    0.733494
  330.000000    0.713068
  335.000000    0.700912
  340.000000    0.671979
  345.000000    0.647093
  350.000000    0.605106
  355.000000    0.581224
  360.000000    0.589951
  365.000000    0.623177
  370.000000    0.684796
  375.000000    0.743156
  380.000000    0.766761
  385.000000    0.774029
  390.000000    0.773152
  395.000000    0.738517
  400.000000    0.720320
  405.000000    0.706989
  410.000000    0.692288
  415.000000    0.684791
  420.000000    0.685240
  425.000000    0.654063
  430.000000    0.686718
  435.000000    0.704654
  440.000000    0.720468
  445.000000    0.728088
  450.000000    0.714703
  455.000000    0.705763
  460.000000    0.697058
  465.000000    0.669919
  470.000000    0.619314
  475.000000    0.577001
  480.000000    0.541859
  485.000000    0.507242
  490.000000    0.499988
  495.000000    0.540807
  500.000000    0.615912
  505.000000    0.615629
  510.000000    0.620525
  515.000000    0.638475
  520.000000    0.616595
  525.000000    0.625389
  530.000000    0.663702
  535.000000    0.659959
  540.000000    0.647281
  545.000000    0.643936
  550.000000    0.645034
  555.000000    0.657582
  560.000000    0.674835
  565.000000    0.691950
  570.000000    0.687979
  575.000000    0.691757
  580.000000    0.735932
  585.000000    0.741571
  590.000000    0.752432
  595.000000    0.748889
  600.000000    0.727110
  605.000000    0.724705
  610.000000    0.653326
  615.000000    0.633977
  620.000000    0.652592
  625.000000    0.663228
  630.000000    0.666099
  635.000000    0.660373
  640.000000    0.682399
  645.000000    0.700476
  650.000000    0.707707
  655.000000    0.711318
  660.000000    0.680042
  665.000000    0.692019
  670.000000    0.711591
  675.000000    0.691434
  680.000000    0.698642
  685.000000    0.735598
  690.000000    0.717552
  695.000000    0.706078
  700.000000    0.701422
  705.000000    0.679655
  710.000000    0.657071
  715.000000    0.642633
  720.000000    0.643473
  725.000000    0.679948
  730.000000    0.675066
  735.000000    0.695933
  740.000000    0.726048
  745.000000    0.750273
  750.000000    0.777883
  755.000000    0.787886
  760.000000    0.782491
  765.000000    0.764037
  770.000000    0.747215
  775.000000    0.730942
  780.000000    0.715413
  785.000000    0.669120
  790.000000    0.613731
  795.000000    0.582972
  800.000000    0.591975
  805.000000    0.597530
  810.000000    0.613819
  815.000000    0.636883
  820.000000    0.664986
  825.000000    0.689470
  830.000000    0.687242
  835.000000    0.703945
  840.000000    0.707403
  845.000000    0.653613
  850.000000    0.628778
  855.000000    0.602845
  860.000000    0.596343
  865.000000    0.603592
  870.000000    0.628586
  875.000000    0.668357
  880.000000    0.668480
  885.000000    0.644625
  890.000000    0.621092
  895.000000    0.613412
  900.000000    0.586574
  905.000000    0.591162
  910.000000    0.627442
  915.000000    0.664001
  920.000000    0.673954
  925.000000    0.708393
  930.000000    0.714143
  935.000000    0.717763
  940.000000    0.725797
  945.000000    0.734668
  950.000000    0.712134
  955.000000    0.666106
  960.000000    0.639031
  965.000000    0.613184
  970.000000    0.607367
  975.000000    0.589831
  980.000000    0.557943
  985.000000    0.570760
  990.000000    0.572442
  995.000000    0.596938
 1000.000000    0.611001
 1005.000000    0.612849
 1010.000000    0.639862
 1015.000000    0.656277
 1020.000000    0.662603
 1025.000000    0.639011
 1030.000000    0.601883
 1035.000000    0.586408
 1040.000000    0.581862
 1045.000000    0.608584
 1050.000000    0.631689
 1055.000000    0.650405
 1060.000000    0.689074
 1065.000000    0.704186
 1070.000000    0.715600
 1075.000000    0.721810
 1080.000000    0.724731
 1085.000000    0.750796
 1090.000000    0.786551
 1095.000000    0.789324
 1100.000000    0.787130
 1105.000000    0.783075
 1110.000000    0.777820
 1115.000000    0.758993
 1120.000000    0.747457
 1125.000000    0.760915
 1130.000000    0.749704
 1135.000000    0.744671
 1140.000000    0.727957
 1145.000000    0.745925
 1150.000000    0.766258
 1155.000000    0.737883
 1160.000000    0.664585
 1165.000000    0.622377
 1170.000000    0.610926
 1175.000000    0.632171
 1180.000000    0.629695
 1185.000000    0.647543
 1190.000000    0.681090
 1195.000000    0.712858
 1200.000000    0.725438
 1205.000000    0.732769
 1210.000000    0.715557
 1215.000000    0.715932
 1220.000000    0.704171
 1225.000000    0.725005
 1230.000000    0.728508
 1235.000000    0.707495
 1240.000000    0.690596
 1245.000000    0.696919
 1250.000000    0.704586
 1255.000000    0.722129
 1260.000000    0.733157
 1265.000000    0.743195
 1270.000000    0.729941
 1275.000000    0.710561
 1280.000000    0.698810
 1285.000000    0.688954
 1290.000000    0.681514
 1295.000000    0.648801
 1300.000000    0.628611
 1305.000000    0.603092
 1310.000000    0.628172
 1315.000000    0.650126
 1320.000000    0.661010
 1325.000000    0.691317
 1330.000000    0.720008
 1335.000000    0.704132
 1340.000000    0.708344
 1345.000000    0.720746
 1350.000000    0.739365
 1355.000000    0.759684
 1360.000000    0.779413
 1365.000000    0.785440
 1370.000000    0.780794
 1375.000000    0.782848
 1380.000000    0.767512
 1385.000000    0.755253
 1390.000000    0.762048
 1395.000000    0.758333
 1400.000000    0.755127
 1405.000000    0.741169
 1410.000000    0.735003
 1415.000000    0.714968
 1420.000000    0.665176
 1425.000000    0.648172
 1430.000000    0.636547
 1435.000000    0.660399
 1440.000000    0.695919
 1445.000000    0.709667
 1450.000000    0.717098
 1455.000000    0.715814
 1460.000000    0.735646
 1465.000000    0.725897
 1470.000000    0.725034
 1475.000000    0.716385
 1480.000000    0.696399
 1485.000000    0.689229
 1490.000000    0.694912
 1495.000000    0.655779
 1500.000000    0.597139
 1505.000000    0.571733
 1510.000000    0.551162
 1515.000000    0.572451
 1520.000000    0.628253
 1525.000000    0.653837
 1530.000000    0.677422
 1535.000000    0.701051
 1540.000000    0.751390
 1545.000000    0.780272
 1550.000000    0.784831
 1555.000000    0.777268
 1560.000000    0.775667
 1565.000000    0.742691
 1570.000000    0.732331
 1575.000000    0.738741
 1580.000000    0.727986
 1585.000000    0.693470
 1590.000000    0.652023
 1595.000000    0.638851
 1600.000000    0.636366
 1605.000000    0.671594
 1610.000000    0.626545
 1615.000000    0.590353
 1620.000000    0.593290
 1625.000000    0.608467
 1630.000000    0.625151
 1635.000000    0.623966
 1640.000000    0.632713
 1645.000000    0.631541
 1650.000000    0.622827
 1655.000000    0.654651
 1660.000000    0.667172
 1665.000000    0.675181
 1670.000000    0.696832
 1675.000000    0.734459
 1680.000000    0.752404
 1685.000000    0.741440
