#  pixel_depth  alphabetafraction   >  Analysis of alpha beta fraction
   60.000000    0.787756
   65.000000    0.802566
   70.000000    0.821309
   75.000000    0.791257
   80.000000    0.789637
   85.000000    0.772245
   90.000000    0.752771
   95.000000    0.720855
  100.000000    0.703971
  105.000000    0.678763
  110.000000    0.698172
  115.000000    0.679519
  120.000000    0.685026
  125.000000    0.704715
  130.000000    0.718866
  135.000000    0.718424
  140.000000    0.741420
  145.000000    0.721567
  150.000000    0.722037
  155.000000    0.720359
  160.000000    0.717746
  165.000000    0.717260
  170.000000    0.672003
  175.000000    0.659273
  180.000000    0.689943
  185.000000    0.693353
  190.000000    0.671039
  195.000000    0.697888
  200.000000    0.667091
  205.000000    0.658923
  210.000000    0.656840
  215.000000    0.687886
  220.000000    0.682995
  225.000000    0.689852
  230.000000    0.642082
  235.000000    0.633357
  240.000000    0.682652
  245.000000    0.706016
  250.000000    0.723286
  255.000000    0.731645
  260.000000    0.735549
  265.000000    0.745864
  270.000000    0.750087
  275.000000    0.727991
  280.000000    0.712611
  285.000000    0.726933
  290.000000    0.707899
  295.000000    0.703193
  300.000000    0.692239
  305.000000    0.727049
  310.000000    0.764028
  315.000000    0.780183
  320.000000    0.782171
  325.000000    0.780875
  330.000000    0.749438
  335.000000    0.755284
  340.000000    0.763977
  345.000000    0.749593
  350.000000    0.757438
  355.000000    0.759130
  360.000000    0.758657
  365.000000    0.730164
  370.000000    0.717184
  375.000000    0.708946
  380.000000    0.717912
  385.000000    0.716070
  390.000000    0.690686
  395.000000    0.653860
  400.000000    0.635189
  405.000000    0.615670
  410.000000    0.647809
  415.000000    0.682867
  420.000000    0.695719
  425.000000    0.710513
  430.000000    0.711252
  435.000000    0.723411
  440.000000    0.757080
  445.000000    0.782298
  450.000000    0.773978
  455.000000    0.764852
  460.000000    0.751782
  465.000000    0.747536
  470.000000    0.767030
  475.000000    0.757749
  480.000000    0.750558
  485.000000    0.746234
  490.000000    0.707981
  495.000000    0.691165
  500.000000    0.683460
  505.000000    0.683168
  510.000000    0.668537
  515.000000    0.633789
  520.000000    0.645654
  525.000000    0.683142
  530.000000    0.726773
  535.000000    0.755793
  540.000000    0.767331
  545.000000    0.775535
  550.000000    0.781071
  555.000000    0.780526
  560.000000    0.756636
  565.000000    0.731866
  570.000000    0.723086
  575.000000    0.734879
  580.000000    0.731610
  585.000000    0.724777
  590.000000    0.741155
  595.000000    0.721537
  600.000000    0.723702
  605.000000    0.702194
  610.000000    0.662324
  615.000000    0.637137
  620.000000    0.636946
  625.000000    0.645756
  630.000000    0.679649
  635.000000    0.712345
  640.000000    0.737885
  645.000000    0.749514
  650.000000    0.764399
  655.000000    0.770063
  660.000000    0.777905
  665.000000    0.797538
  670.000000    0.794988
  675.000000    0.772199
  680.000000    0.754701
  685.000000    0.768162
  690.000000    0.761738
  695.000000    0.780162
  700.000000    0.745823
  705.000000    0.686595
  710.000000    0.692873
  715.000000    0.698544
  720.000000    0.735366
  725.000000    0.733630
  730.000000    0.757023
  735.000000    0.790964
  740.000000    0.807915
  745.000000    0.815925
  750.000000    0.818583
  755.000000    0.811510
  760.000000    0.798788
  765.000000    0.796825
  770.000000    0.790750
  775.000000    0.833416
  780.000000    0.812737
  785.000000    0.796162
  790.000000    0.772036
  795.000000    0.749813
  800.000000    0.714535
  805.000000    0.709059
  810.000000    0.696975
  815.000000    0.709345
  820.000000    0.703741
  825.000000    0.680450
  830.000000    0.667261
  835.000000    0.660785
  840.000000    0.663361
  845.000000    0.675008
  850.000000    0.684282
  855.000000    0.708482
  860.000000    0.719250
  865.000000    0.767024
  870.000000    0.784126
  875.000000    0.782994
  880.000000    0.807539
  885.000000    0.777673
  890.000000    0.748304
  895.000000    0.757927
  900.000000    0.774365
  905.000000    0.775802
  910.000000    0.776663
  915.000000    0.773520
  920.000000    0.756928
  925.000000    0.729124
  930.000000    0.719688
  935.000000    0.699166
  940.000000    0.680189
  945.000000    0.676098
  950.000000    0.674438
  955.000000    0.694360
  960.000000    0.700785
  965.000000    0.736724
  970.000000    0.741139
  975.000000    0.722158
  980.000000    0.772331
  985.000000    0.804693
  990.000000    0.791358
  995.000000    0.783193
 1000.000000    0.813825
 1005.000000    0.820005
 1010.000000    0.819304
 1015.000000    0.828960
 1020.000000    0.805758
 1025.000000    0.780270
 1030.000000    0.744530
 1035.000000    0.744522
 1040.000000    0.756129
 1045.000000    0.725379
 1050.000000    0.714583
 1055.000000    0.733020
 1060.000000    0.746911
 1065.000000    0.760558
 1070.000000    0.790997
 1075.000000    0.807200
 1080.000000    0.789553
 1085.000000    0.794607
 1090.000000    0.766843
 1095.000000    0.762479
 1100.000000    0.731150
 1105.000000    0.697972
 1110.000000    0.686311
 1115.000000    0.693061
 1120.000000    0.693452
 1125.000000    0.729061
 1130.000000    0.769113
 1135.000000    0.833956
 1140.000000    0.843328
 1145.000000    0.830554
 1150.000000    0.792662
 1155.000000    0.756379
 1160.000000    0.743568
 1165.000000    0.783561
 1170.000000    0.789367
 1175.000000    0.788481
 1180.000000    0.763338
 1185.000000    0.727436
 1190.000000    0.734825
 1195.000000    0.733743
 1200.000000    0.731325
 1205.000000    0.708360
 1210.000000    0.726802
 1215.000000    0.747752
 1220.000000    0.729847
 1225.000000    0.723208
 1230.000000    0.707322
 1235.000000    0.710307
 1240.000000    0.794594
 1245.000000    0.804384
 1250.000000    0.806489
 1255.000000    0.784581
 1260.000000    0.739076
 1265.000000    0.745928
 1270.000000    0.734470
 1275.000000    0.769674
 1280.000000    0.782697
 1285.000000    0.775138
 1290.000000    0.768477
 1295.000000    0.758478
 1300.000000    0.747015
 1305.000000    0.762427
 1310.000000    0.788665
 1315.000000    0.802878
 1320.000000    0.806705
 1325.000000    0.794443
 1330.000000    0.767911
 1335.000000    0.745054
 1340.000000    0.734128
 1345.000000    0.723459
 1350.000000    0.720556
 1355.000000    0.753839
 1360.000000    0.725233
 1365.000000    0.729714
 1370.000000    0.729516
 1375.000000    0.735159
 1380.000000    0.751016
 1385.000000    0.732527
 1390.000000    0.742390
 1395.000000    0.728030
 1400.000000    0.743187
 1405.000000    0.773557
 1410.000000    0.808898
 1415.000000    0.817225
 1420.000000    0.817923
 1425.000000    0.820052
 1430.000000    0.839413
 1435.000000    0.844691
 1440.000000    0.803458
 1445.000000    0.794658
 1450.000000    0.811010
 1455.000000    0.824018
 1460.000000    0.813402
 1465.000000    0.798100
 1470.000000    0.776232
 1475.000000    0.754498
 1480.000000    0.750475
 1485.000000    0.766590
 1490.000000    0.766810
 1495.000000    0.766187
 1500.000000    0.768318
 1505.000000    0.783068
 1510.000000    0.755966
 1515.000000    0.737948
 1520.000000    0.788537
 1525.000000    0.801853
 1530.000000    0.798328
 1535.000000    0.781097
 1540.000000    0.767906
 1545.000000    0.713027
 1550.000000    0.740307
 1555.000000    0.780344
 1560.000000    0.774064
 1565.000000    0.778167
 1570.000000    0.810025
 1575.000000    0.820350
 1580.000000    0.823700
 1585.000000    0.821812
 1590.000000    0.794876
 1595.000000    0.742555
 1600.000000    0.741577
 1605.000000    0.729278
 1610.000000    0.776617
 1615.000000    0.779080
 1620.000000    0.780005
 1625.000000    0.775525
 1630.000000    0.765145
 1635.000000    0.761514
 1640.000000    0.761869
 1645.000000    0.773843
 1650.000000    0.784589
 1655.000000    0.804367
 1660.000000    0.819419
 1665.000000    0.815024
 1670.000000    0.817244
 1675.000000    0.828824
 1680.000000    0.821544
 1685.000000    0.815408
 1690.000000    0.828198
 1695.000000    0.818378
 1700.000000    0.800088
 1705.000000    0.797149
 1710.000000    0.817770
 1715.000000    0.820885
 1720.000000    0.842619
 1725.000000    0.858301
 1730.000000    0.843081
 1735.000000    0.846073
 1740.000000    0.851607
 1745.000000    0.824381
 1750.000000    0.809908
 1755.000000    0.799598
 1760.000000    0.810602
 1765.000000    0.832482
 1770.000000    0.849310
