#  pixel_depth  alphabetafraction   >  Analysis of alpha beta fraction
  105.000000    0.681685
  110.000000    0.683385
  115.000000    0.682240
  120.000000    0.672540
  125.000000    0.691633
  130.000000    0.717091
  135.000000    0.717412
  140.000000    0.719191
  145.000000    0.722272
  150.000000    0.720044
  155.000000    0.701911
  160.000000    0.677097
  165.000000    0.657215
  170.000000    0.649948
  175.000000    0.660911
  180.000000    0.643472
  185.000000    0.621529
  190.000000    0.615501
  195.000000    0.633636
  200.000000    0.638888
  205.000000    0.647235
  210.000000    0.643734
  215.000000    0.652216
  220.000000    0.659355
  225.000000    0.663252
  230.000000    0.671851
  235.000000    0.681359
  240.000000    0.662371
  245.000000    0.606319
  250.000000    0.566982
  255.000000    0.546949
  260.000000    0.541666
  265.000000    0.547640
  270.000000    0.525568
  275.000000    0.498633
  280.000000    0.512252
  285.000000    0.577238
  290.000000    0.626248
  295.000000    0.634207
  300.000000    0.639988
  305.000000    0.629266
  310.000000    0.625988
  315.000000    0.618091
  320.000000    0.605956
  325.000000    0.608942
  330.000000    0.574305
  335.000000    0.560791
  340.000000    0.563107
  345.000000    0.594227
  350.000000    0.596739
  355.000000    0.568133
  360.000000    0.570223
  365.000000    0.575493
  370.000000    0.592285
  375.000000    0.597415
  380.000000    0.613358
  385.000000    0.638593
  390.000000    0.702798
  395.000000    0.751184
  400.000000    0.753355
  405.000000    0.726985
  410.000000    0.692957
  415.000000    0.683194
  420.000000    0.668770
  425.000000    0.662015
  430.000000    0.660760
  435.000000    0.669484
  440.000000    0.678153
  445.000000    0.685280
  450.000000    0.691776
  455.000000    0.714709
  460.000000    0.710551
  465.000000    0.708319
  470.000000    0.699866
  475.000000    0.677785
  480.000000    0.657326
  485.000000    0.661062
  490.000000    0.653646
  495.000000    0.671264
  500.000000    0.678685
  505.000000    0.696198
  510.000000    0.696006
  515.000000    0.672226
  520.000000    0.644647
  525.000000    0.638738
  530.000000    0.626665
  535.000000    0.592282
  540.000000    0.584739
  545.000000    0.579595
  550.000000    0.593510
  555.000000    0.663622
  560.000000    0.685454
  565.000000    0.689194
  570.000000    0.697359
  575.000000    0.691325
  580.000000    0.697823
  585.000000    0.718492
  590.000000    0.726717
  595.000000    0.723807
  600.000000    0.714243
  605.000000    0.702967
  610.000000    0.677217
  615.000000    0.688520
  620.000000    0.680906
  625.000000    0.666715
  630.000000    0.623589
  635.000000    0.580514
  640.000000    0.552841
  645.000000    0.542074
  650.000000    0.527894
  655.000000    0.507533
  660.000000    0.493334
  665.000000    0.493437
  670.000000    0.527752
  675.000000    0.571173
  680.000000    0.613948
  685.000000    0.636818
  690.000000    0.651770
  695.000000    0.642122
  700.000000    0.689356
  705.000000    0.717817
  710.000000    0.717094
  715.000000    0.731100
  720.000000    0.726712
  725.000000    0.728078
  730.000000    0.748502
  735.000000    0.733323
  740.000000    0.709779
  745.000000    0.663839
  750.000000    0.644342
  755.000000    0.643960
  760.000000    0.625872
  765.000000    0.635363
  770.000000    0.628961
  775.000000    0.617024
  780.000000    0.634074
  785.000000    0.637390
  790.000000    0.615040
  795.000000    0.624793
  800.000000    0.650415
  805.000000    0.674809
  810.000000    0.691921
  815.000000    0.715805
  820.000000    0.731536
  825.000000    0.723482
  830.000000    0.689930
  835.000000    0.710576
  840.000000    0.714617
  845.000000    0.723811
  850.000000    0.717128
  855.000000    0.684849
  860.000000    0.682169
  865.000000    0.655529
  870.000000    0.618877
  875.000000    0.580826
  880.000000    0.561665
  885.000000    0.533251
  890.000000    0.507652
  895.000000    0.489916
  900.000000    0.495393
  905.000000    0.498699
  910.000000    0.492124
  915.000000    0.489582
  920.000000    0.507786
  925.000000    0.525142
  930.000000    0.579761
  935.000000    0.628653
  940.000000    0.661259
  945.000000    0.692174
  950.000000    0.722169
  955.000000    0.719468
  960.000000    0.732143
  965.000000    0.730293
  970.000000    0.728237
  975.000000    0.729946
  980.000000    0.731867
  985.000000    0.707252
  990.000000    0.687853
  995.000000    0.671553
 1000.000000    0.639632
 1005.000000    0.639521
 1010.000000    0.673520
 1015.000000    0.699248
 1020.000000    0.691055
 1025.000000    0.679200
 1030.000000    0.658241
 1035.000000    0.653390
 1040.000000    0.643955
 1045.000000    0.638189
 1050.000000    0.652496
 1055.000000    0.660876
 1060.000000    0.660148
 1065.000000    0.653544
 1070.000000    0.649995
 1075.000000    0.648067
 1080.000000    0.611200
 1085.000000    0.605905
 1090.000000    0.617230
 1095.000000    0.673796
 1100.000000    0.675679
 1105.000000    0.673554
 1110.000000    0.674749
 1115.000000    0.719105
 1120.000000    0.755335
 1125.000000    0.767497
 1130.000000    0.778598
 1135.000000    0.790350
 1140.000000    0.797673
 1145.000000    0.797499
 1150.000000    0.777051
 1155.000000    0.755109
 1160.000000    0.719283
 1165.000000    0.687905
 1170.000000    0.648630
 1175.000000    0.627129
 1180.000000    0.648580
 1185.000000    0.655817
 1190.000000    0.686055
 1195.000000    0.675408
 1200.000000    0.626496
 1205.000000    0.591794
 1210.000000    0.587054
 1215.000000    0.615161
 1220.000000    0.632106
 1225.000000    0.643323
 1230.000000    0.667905
 1235.000000    0.680786
 1240.000000    0.677756
 1245.000000    0.659428
 1250.000000    0.645689
 1255.000000    0.641845
 1260.000000    0.611151
 1265.000000    0.584242
 1270.000000    0.588084
 1275.000000    0.544093
 1280.000000    0.533898
 1285.000000    0.546990
 1290.000000    0.599925
 1295.000000    0.642214
 1300.000000    0.687741
 1305.000000    0.717117
 1310.000000    0.743721
 1315.000000    0.782077
 1320.000000    0.796537
 1325.000000    0.790510
 1330.000000    0.783640
 1335.000000    0.780963
 1340.000000    0.766757
 1345.000000    0.784188
 1350.000000    0.777159
 1355.000000    0.771894
 1360.000000    0.771512
 1365.000000    0.769797
 1370.000000    0.767000
 1375.000000    0.749966
 1380.000000    0.738831
 1385.000000    0.720306
 1390.000000    0.689175
 1395.000000    0.686921
 1400.000000    0.665117
 1405.000000    0.640646
 1410.000000    0.689159
 1415.000000    0.730492
 1420.000000    0.774841
 1425.000000    0.773750
 1430.000000    0.784188
 1435.000000    0.796294
 1440.000000    0.814732
 1445.000000    0.809612
 1450.000000    0.794144
 1455.000000    0.788241
 1460.000000    0.764307
 1465.000000    0.772022
 1470.000000    0.757184
 1475.000000    0.752141
 1480.000000    0.769155
 1485.000000    0.795478
 1490.000000    0.809575
 1495.000000    0.798680
 1500.000000    0.770105
 1505.000000    0.750364
 1510.000000    0.736174
 1515.000000    0.718740
 1520.000000    0.676420
 1525.000000    0.664440
 1530.000000    0.648756
 1535.000000    0.639189
 1540.000000    0.639480
 1545.000000    0.623287
 1550.000000    0.610333
 1555.000000    0.596093
 1560.000000    0.598440
 1565.000000    0.627128
 1570.000000    0.664485
 1575.000000    0.714912
 1580.000000    0.728811
 1585.000000    0.760439
 1590.000000    0.784806
 1595.000000    0.775836
 1600.000000    0.789113
 1605.000000    0.813828
 1610.000000    0.807353
 1615.000000    0.760388
 1620.000000    0.741455
 1625.000000    0.710249
 1630.000000    0.710646
 1635.000000    0.740398
 1640.000000    0.783990
 1645.000000    0.789729
 1650.000000    0.783752
 1655.000000    0.748574
 1660.000000    0.747334
 1665.000000    0.781667
 1670.000000    0.777150
 1675.000000    0.740501
 1680.000000    0.694365
 1685.000000    0.696151
 1690.000000    0.695260
 1695.000000    0.676119
 1700.000000    0.661619
 1705.000000    0.677916
 1710.000000    0.676791
 1715.000000    0.666097
 1720.000000    0.672048
 1725.000000    0.692497
 1730.000000    0.719067
 1735.000000    0.749356
 1740.000000    0.792545
 1745.000000    0.815243
 1750.000000    0.819404
 1755.000000    0.795608
 1760.000000    0.762881
 1765.000000    0.733328
 1770.000000    0.696401
 1775.000000    0.691586
 1780.000000    0.666266
 1785.000000    0.657578
 1790.000000    0.660768
 1795.000000    0.646981
 1800.000000    0.651552
 1805.000000    0.653005
 1810.000000    0.645016
 1815.000000    0.646898
 1820.000000    0.660707
 1825.000000    0.690187
 1830.000000    0.714188
 1835.000000    0.743917
 1840.000000    0.781514
 1845.000000    0.828006
 1850.000000    0.861145
 1855.000000    0.871314
 1860.000000    0.876594
 1865.000000    0.872549
 1870.000000    0.847080
 1875.000000    0.812218
 1880.000000    0.796040
