#  pixel_depth  alphabetafraction   >  Analysis of alpha beta fraction
   44.000000    0.506448
   49.000000    0.507014
   54.000000    0.576405
   59.000000    0.585328
   64.000000    0.636288
   69.000000    0.650860
   74.000000    0.683018
   79.000000    0.698277
   84.000000    0.737880
   89.000000    0.721708
   94.000000    0.722923
   99.000000    0.742669
  104.000000    0.762346
  109.000000    0.745663
  114.000000    0.773641
  119.000000    0.773288
  124.000000    0.754930
  129.000000    0.741456
  134.000000    0.730366
  139.000000    0.734767
  144.000000    0.733224
  149.000000    0.711045
  154.000000    0.696039
  159.000000    0.686318
  164.000000    0.665576
  169.000000    0.635622
  174.000000    0.614566
  179.000000    0.611978
  184.000000    0.608268
  189.000000    0.596211
  194.000000    0.565733
  199.000000    0.601645
  204.000000    0.617268
  209.000000    0.607906
  214.000000    0.617422
  219.000000    0.674760
  224.000000    0.705957
  229.000000    0.689492
  234.000000    0.707060
  239.000000    0.711026
  244.000000    0.736589
  249.000000    0.738277
  254.000000    0.733300
  259.000000    0.719842
  264.000000    0.733609
  269.000000    0.766696
  274.000000    0.752764
  279.000000    0.749855
  284.000000    0.733876
  289.000000    0.738265
  294.000000    0.764403
  299.000000    0.772769
  304.000000    0.757129
  309.000000    0.750896
  314.000000    0.721105
  319.000000    0.713032
  324.000000    0.703699
  329.000000    0.666071
  334.000000    0.614801
  339.000000    0.640513
  344.000000    0.642896
  349.000000    0.647394
  354.000000    0.671042
  359.000000    0.712062
  364.000000    0.705545
  369.000000    0.696699
  374.000000    0.752246
  379.000000    0.756096
  384.000000    0.749638
  389.000000    0.729672
  394.000000    0.703407
  399.000000    0.697962
  404.000000    0.713515
  409.000000    0.714130
  414.000000    0.731358
  419.000000    0.736640
  424.000000    0.728857
  429.000000    0.698649
  434.000000    0.644464
  439.000000    0.633841
  444.000000    0.645808
  449.000000    0.688665
  454.000000    0.714042
  459.000000    0.749702
  464.000000    0.760644
  469.000000    0.727193
  474.000000    0.726009
  479.000000    0.720434
  484.000000    0.679312
  489.000000    0.673708
  494.000000    0.692557
  499.000000    0.668730
  504.000000    0.645286
  509.000000    0.658345
  514.000000    0.677098
  519.000000    0.686835
  524.000000    0.705917
  529.000000    0.724309
  534.000000    0.730557
  539.000000    0.733022
  544.000000    0.743917
  549.000000    0.725876
  554.000000    0.714590
  559.000000    0.711271
  564.000000    0.684623
  569.000000    0.681447
  574.000000    0.687390
  579.000000    0.679690
  584.000000    0.655830
  589.000000    0.629539
  594.000000    0.624775
  599.000000    0.618914
  604.000000    0.590919
  609.000000    0.553205
  614.000000    0.522563
  619.000000    0.524745
  624.000000    0.549015
  629.000000    0.575067
  634.000000    0.605678
  639.000000    0.630020
  644.000000    0.671442
  649.000000    0.644167
  654.000000    0.646488
  659.000000    0.622505
  664.000000    0.620305
  669.000000    0.629300
  674.000000    0.615597
  679.000000    0.607006
  684.000000    0.585528
  689.000000    0.578258
  694.000000    0.592771
  699.000000    0.617277
  704.000000    0.631632
  709.000000    0.624249
  714.000000    0.658825
  719.000000    0.663767
  724.000000    0.669148
  729.000000    0.693733
  734.000000    0.702251
  739.000000    0.675952
  744.000000    0.647866
  749.000000    0.651231
  754.000000    0.632969
  759.000000    0.635597
  764.000000    0.628911
  769.000000    0.624396
  774.000000    0.627699
  779.000000    0.640334
  784.000000    0.663299
  789.000000    0.674128
  794.000000    0.664027
  799.000000    0.683795
  804.000000    0.668045
  809.000000    0.641531
  814.000000    0.606330
  819.000000    0.590928
  824.000000    0.585055
  829.000000    0.610488
  834.000000    0.634648
  839.000000    0.668206
  844.000000    0.699037
  849.000000    0.741558
  854.000000    0.751184
  859.000000    0.746100
  864.000000    0.755912
  869.000000    0.748279
  874.000000    0.709424
  879.000000    0.697076
  884.000000    0.674509
  889.000000    0.663365
  894.000000    0.682253
  899.000000    0.663947
  904.000000    0.647250
  909.000000    0.630257
  914.000000    0.626525
  919.000000    0.629333
  924.000000    0.644333
  929.000000    0.659874
  934.000000    0.688560
  939.000000    0.680000
  944.000000    0.653262
  949.000000    0.656045
  954.000000    0.675175
  959.000000    0.671893
  964.000000    0.673600
  969.000000    0.667899
  974.000000    0.682168
  979.000000    0.679208
  984.000000    0.692863
  989.000000    0.663348
  994.000000    0.632257
  999.000000    0.624267
 1004.000000    0.628553
 1009.000000    0.633740
 1014.000000    0.637941
 1019.000000    0.675952
 1024.000000    0.726714
 1029.000000    0.735906
 1034.000000    0.731664
 1039.000000    0.715910
 1044.000000    0.717081
 1049.000000    0.726972
 1054.000000    0.714130
 1059.000000    0.718955
 1064.000000    0.724349
 1069.000000    0.723205
 1074.000000    0.713885
 1079.000000    0.706112
 1084.000000    0.692622
 1089.000000    0.703100
 1094.000000    0.748527
 1099.000000    0.789335
 1104.000000    0.760473
 1109.000000    0.724525
 1114.000000    0.649781
 1119.000000    0.637280
 1124.000000    0.663060
 1129.000000    0.695444
 1134.000000    0.714295
 1139.000000    0.690339
 1144.000000    0.675853
 1149.000000    0.695551
 1154.000000    0.714306
 1159.000000    0.721121
 1164.000000    0.702444
 1169.000000    0.689227
 1174.000000    0.720414
 1179.000000    0.754145
 1184.000000    0.745160
 1189.000000    0.713125
 1194.000000    0.709940
 1199.000000    0.725978
 1204.000000    0.754622
 1209.000000    0.758145
 1214.000000    0.763211
 1219.000000    0.752403
 1224.000000    0.733353
 1229.000000    0.704611
 1234.000000    0.697018
 1239.000000    0.721342
 1244.000000    0.732694
 1249.000000    0.730426
 1254.000000    0.722271
 1259.000000    0.709466
 1264.000000    0.705070
 1269.000000    0.694652
 1274.000000    0.685326
 1279.000000    0.668333
 1284.000000    0.644185
 1289.000000    0.622377
 1294.000000    0.604296
 1299.000000    0.593456
 1304.000000    0.618140
 1309.000000    0.643659
 1314.000000    0.664468
 1319.000000    0.666321
 1324.000000    0.656528
 1329.000000    0.664329
 1334.000000    0.666929
 1339.000000    0.683537
 1344.000000    0.682799
 1349.000000    0.655969
 1354.000000    0.619910
 1359.000000    0.621287
 1364.000000    0.625181
 1369.000000    0.633071
 1374.000000    0.643561
 1379.000000    0.682147
 1384.000000    0.701440
 1389.000000    0.711544
 1394.000000    0.707425
 1399.000000    0.714087
 1404.000000    0.700117
 1409.000000    0.676591
 1414.000000    0.696054
 1419.000000    0.708961
 1424.000000    0.717365
 1429.000000    0.730836
 1434.000000    0.746525
 1439.000000    0.756810
 1444.000000    0.760109
 1449.000000    0.740996
 1454.000000    0.700734
 1459.000000    0.666275
 1464.000000    0.645199
 1469.000000    0.657195
 1474.000000    0.666292
 1479.000000    0.682041
 1484.000000    0.720843
 1489.000000    0.760385
 1494.000000    0.769521
 1499.000000    0.759348
 1504.000000    0.760649
 1509.000000    0.800654
 1514.000000    0.817259
 1519.000000    0.814652
 1524.000000    0.797623
 1529.000000    0.792399
 1534.000000    0.780814
 1539.000000    0.738585
 1544.000000    0.708405
 1549.000000    0.715499
 1554.000000    0.692655
 1559.000000    0.671561
 1564.000000    0.650146
 1569.000000    0.610450
 1574.000000    0.587793
 1579.000000    0.581061
 1584.000000    0.624549
 1589.000000    0.655074
 1594.000000    0.674793
 1599.000000    0.676841
 1604.000000    0.686992
 1609.000000    0.718843
 1614.000000    0.744310
 1619.000000    0.743419
 1624.000000    0.717057
 1629.000000    0.695693
 1634.000000    0.673667
 1639.000000    0.632130
 1644.000000    0.633118
 1649.000000    0.634029
 1654.000000    0.688903
 1659.000000    0.735795
 1664.000000    0.738077
 1669.000000    0.747964
 1674.000000    0.732716
 1679.000000    0.713741
 1684.000000    0.719832
 1689.000000    0.726735
 1694.000000    0.707337
 1699.000000    0.689678
 1704.000000    0.678801
 1709.000000    0.681987
 1714.000000    0.684437
 1719.000000    0.657158
 1724.000000    0.672923
 1729.000000    0.685560
 1734.000000    0.711375
 1739.000000    0.699927
 1744.000000    0.680965
 1749.000000    0.664051
 1754.000000    0.663718
 1759.000000    0.708111
 1764.000000    0.772305
 1769.000000    0.781767
 1774.000000    0.813418
 1779.000000    0.827810
 1784.000000    0.809504
 1789.000000    0.819180
