#  pixel_depth  alphabetafraction   >  Analysis of alpha beta fraction
  226.000000    0.759316
  231.000000    0.767144
  236.000000    0.763740
  241.000000    0.736809
  246.000000    0.709751
  251.000000    0.714892
  256.000000    0.716225
  261.000000    0.722711
  266.000000    0.719529
  271.000000    0.716418
  276.000000    0.700513
  281.000000    0.714246
  286.000000    0.736906
  291.000000    0.745231
  296.000000    0.749120
  301.000000    0.742794
  306.000000    0.724951
  311.000000    0.724172
  316.000000    0.735030
  321.000000    0.767111
  326.000000    0.767185
  331.000000    0.750798
  336.000000    0.751024
  341.000000    0.752458
  346.000000    0.726428
  351.000000    0.716667
  356.000000    0.726305
  361.000000    0.728758
  366.000000    0.734660
  371.000000    0.738030
  376.000000    0.711519
  381.000000    0.698107
  386.000000    0.726656
  391.000000    0.788417
  396.000000    0.819074
  401.000000    0.819200
  406.000000    0.813640
  411.000000    0.809449
  416.000000    0.788168
  421.000000    0.795119
  426.000000    0.780255
  431.000000    0.769305
  436.000000    0.758565
  441.000000    0.757584
  446.000000    0.770341
  451.000000    0.766871
  456.000000    0.776722
  461.000000    0.793657
  466.000000    0.785435
  471.000000    0.795757
  476.000000    0.795910
  481.000000    0.806973
  486.000000    0.810060
  491.000000    0.835239
  496.000000    0.832760
  501.000000    0.787926
  506.000000    0.781623
  511.000000    0.775926
  516.000000    0.737229
  521.000000    0.721696
  526.000000    0.709545
  531.000000    0.704244
  536.000000    0.724086
  541.000000    0.743020
  546.000000    0.723773
  551.000000    0.714231
  556.000000    0.701903
  561.000000    0.692838
  566.000000    0.700046
  571.000000    0.705471
  576.000000    0.700111
  581.000000    0.678452
  586.000000    0.693427
  591.000000    0.682112
  596.000000    0.706484
  601.000000    0.741337
  606.000000    0.748928
  611.000000    0.762298
  616.000000    0.775379
  621.000000    0.770472
  626.000000    0.793178
  631.000000    0.799787
  636.000000    0.789023
  641.000000    0.743958
  646.000000    0.740253
  651.000000    0.769823
  656.000000    0.774121
  661.000000    0.770337
  666.000000    0.766518
  671.000000    0.752558
  676.000000    0.739545
  681.000000    0.736087
  686.000000    0.732120
  691.000000    0.745780
  696.000000    0.749319
  701.000000    0.735133
  706.000000    0.720568
  711.000000    0.752540
  716.000000    0.752410
  721.000000    0.749641
  726.000000    0.751109
  731.000000    0.775800
  736.000000    0.781887
  741.000000    0.767755
  746.000000    0.775047
  751.000000    0.773749
  756.000000    0.772712
  761.000000    0.783868
  766.000000    0.782123
  771.000000    0.777851
  776.000000    0.761873
  781.000000    0.747406
  786.000000    0.739391
  791.000000    0.745673
  796.000000    0.768896
  801.000000    0.794359
  806.000000    0.789731
  811.000000    0.816343
  816.000000    0.826249
  821.000000    0.834588
  826.000000    0.846637
  831.000000    0.835972
  836.000000    0.816631
  841.000000    0.799091
  846.000000    0.793133
  851.000000    0.783303
  856.000000    0.779909
  861.000000    0.781541
  866.000000    0.778990
  871.000000    0.763048
  876.000000    0.793358
  881.000000    0.787465
  886.000000    0.817667
  891.000000    0.832961
  896.000000    0.827576
  901.000000    0.804136
  906.000000    0.793050
  911.000000    0.783323
  916.000000    0.749242
  921.000000    0.718029
  926.000000    0.677197
  931.000000    0.667884
  936.000000    0.675854
  941.000000    0.701291
  946.000000    0.715585
  951.000000    0.719830
  956.000000    0.744080
  961.000000    0.729471
  966.000000    0.741224
  971.000000    0.767575
  976.000000    0.803426
  981.000000    0.799151
  986.000000    0.805877
  991.000000    0.828891
  996.000000    0.827625
 1001.000000    0.819008
 1006.000000    0.823117
 1011.000000    0.807341
 1016.000000    0.810610
 1021.000000    0.809154
 1026.000000    0.804827
 1031.000000    0.782106
 1036.000000    0.788206
 1041.000000    0.792494
 1046.000000    0.785486
 1051.000000    0.797353
 1056.000000    0.839222
 1061.000000    0.857046
 1066.000000    0.860789
 1071.000000    0.877550
 1076.000000    0.885302
 1081.000000    0.870861
 1086.000000    0.855366
 1091.000000    0.856374
 1096.000000    0.846781
 1101.000000    0.849279
 1106.000000    0.844748
 1111.000000    0.841470
 1116.000000    0.800534
 1121.000000    0.781268
 1126.000000    0.773546
 1131.000000    0.757033
 1136.000000    0.751959
 1141.000000    0.763985
 1146.000000    0.758663
 1151.000000    0.744676
 1156.000000    0.727069
 1161.000000    0.710402
 1166.000000    0.723154
 1171.000000    0.731126
 1176.000000    0.757955
 1181.000000    0.747832
 1186.000000    0.729204
 1191.000000    0.726229
 1196.000000    0.698637
 1201.000000    0.705226
 1206.000000    0.700828
 1211.000000    0.667928
 1216.000000    0.657988
 1221.000000    0.684163
 1226.000000    0.704143
 1231.000000    0.697343
 1236.000000    0.699736
 1241.000000    0.670179
 1246.000000    0.656599
 1251.000000    0.640620
 1256.000000    0.648330
 1261.000000    0.658370
 1266.000000    0.690055
 1271.000000    0.710906
 1276.000000    0.750530
 1281.000000    0.775729
 1286.000000    0.770527
 1291.000000    0.768357
 1296.000000    0.770313
 1301.000000    0.765643
 1306.000000    0.765188
 1311.000000    0.792212
 1316.000000    0.803102
 1321.000000    0.812194
 1326.000000    0.813671
 1331.000000    0.794293
 1336.000000    0.748523
 1341.000000    0.736491
 1346.000000    0.724858
 1351.000000    0.717633
 1356.000000    0.702373
 1361.000000    0.734706
 1366.000000    0.722249
 1371.000000    0.729071
 1376.000000    0.733772
 1381.000000    0.740293
 1386.000000    0.765408
 1391.000000    0.795392
 1396.000000    0.800597
 1401.000000    0.795302
 1406.000000    0.808958
 1411.000000    0.815849
 1416.000000    0.814625
 1421.000000    0.773073
 1426.000000    0.768065
 1431.000000    0.737062
 1436.000000    0.740362
 1441.000000    0.731356
 1446.000000    0.718405
 1451.000000    0.721704
 1456.000000    0.709584
 1461.000000    0.698987
 1466.000000    0.728747
 1471.000000    0.746473
 1476.000000    0.759759
 1481.000000    0.747261
 1486.000000    0.749974
 1491.000000    0.753974
 1496.000000    0.754873
 1501.000000    0.745093
 1506.000000    0.741596
 1511.000000    0.773364
 1516.000000    0.759663
 1521.000000    0.751211
 1526.000000    0.753908
 1531.000000    0.748380
 1536.000000    0.728133
 1541.000000    0.737171
 1546.000000    0.729862
 1551.000000    0.760561
 1556.000000    0.784937
 1561.000000    0.798827
 1566.000000    0.792029
 1571.000000    0.778518
 1576.000000    0.761723
 1581.000000    0.717513
 1586.000000    0.674216
 1591.000000    0.651991
 1596.000000    0.637017
 1601.000000    0.632746
 1606.000000    0.648689
 1611.000000    0.676304
 1616.000000    0.698610
 1621.000000    0.742633
 1626.000000    0.791185
 1631.000000    0.813097
 1636.000000    0.818004
 1641.000000    0.828753
 1646.000000    0.832573
 1651.000000    0.823408
 1656.000000    0.819205
 1661.000000    0.806506
 1666.000000    0.777043
 1671.000000    0.765117
 1676.000000    0.737168
 1681.000000    0.715074
 1686.000000    0.727965
 1691.000000    0.717115
 1696.000000    0.712259
 1701.000000    0.728287
 1706.000000    0.750929
 1711.000000    0.748389
 1716.000000    0.747937
 1721.000000    0.740480
 1726.000000    0.767363
 1731.000000    0.777025
 1736.000000    0.802842
 1741.000000    0.792403
 1746.000000    0.806134
 1751.000000    0.819009
 1756.000000    0.832046
 1761.000000    0.834664
 1766.000000    0.843214
 1771.000000    0.843364
 1776.000000    0.822560
 1781.000000    0.811458
 1786.000000    0.812329
 1791.000000    0.814236
 1796.000000    0.812790
 1801.000000    0.790486
 1806.000000    0.789025
 1811.000000    0.796168
 1816.000000    0.802616
 1821.000000    0.771203
 1826.000000    0.771899
 1831.000000    0.784922
 1836.000000    0.754531
 1841.000000    0.746460
 1846.000000    0.744821
 1851.000000    0.744703
 1856.000000    0.750068
 1861.000000    0.759550
 1866.000000    0.776812
 1871.000000    0.797038
 1876.000000    0.800801
 1881.000000    0.800195
 1886.000000    0.789128
 1891.000000    0.752452
 1896.000000    0.727563
 1901.000000    0.743304
 1906.000000    0.753653
 1911.000000    0.767798
 1916.000000    0.801520
 1921.000000    0.821604
 1926.000000    0.836577
 1931.000000    0.860518
 1936.000000    0.882597
 1941.000000    0.884386
