#  pixel_depth  alphabetafraction   >  Analysis of alpha beta fraction
   90.000000    0.729249
   95.000000    0.741521
  100.000000    0.759618
  105.000000    0.762944
  110.000000    0.777695
  115.000000    0.793832
  120.000000    0.821108
  125.000000    0.823845
  130.000000    0.820179
  135.000000    0.821901
  140.000000    0.819795
  145.000000    0.834820
  150.000000    0.827663
  155.000000    0.818840
  160.000000    0.822399
  165.000000    0.830374
  170.000000    0.804903
  175.000000    0.784625
  180.000000    0.770084
  185.000000    0.767314
  190.000000    0.763509
  195.000000    0.771553
  200.000000    0.768957
  205.000000    0.772623
  210.000000    0.768014
  215.000000    0.736332
  220.000000    0.728888
  225.000000    0.738756
  230.000000    0.767564
  235.000000    0.774395
  240.000000    0.777174
  245.000000    0.790648
  250.000000    0.828227
  255.000000    0.842479
  260.000000    0.838547
  265.000000    0.825822
  270.000000    0.847839
  275.000000    0.855490
  280.000000    0.846778
  285.000000    0.848067
  290.000000    0.837652
  295.000000    0.827991
  300.000000    0.805494
  305.000000    0.793068
  310.000000    0.796835
  315.000000    0.800871
  320.000000    0.796243
  325.000000    0.818561
  330.000000    0.825841
  335.000000    0.813773
  340.000000    0.808637
  345.000000    0.788231
  350.000000    0.786425
  355.000000    0.801434
  360.000000    0.824769
  365.000000    0.828564
  370.000000    0.812465
  375.000000    0.802306
  380.000000    0.774819
  385.000000    0.776577
  390.000000    0.767916
  395.000000    0.780059
  400.000000    0.751955
  405.000000    0.747296
  410.000000    0.753231
  415.000000    0.735890
  420.000000    0.730499
  425.000000    0.734592
  430.000000    0.729717
  435.000000    0.753093
  440.000000    0.760765
  445.000000    0.770695
  450.000000    0.772720
  455.000000    0.795939
  460.000000    0.825945
  465.000000    0.822193
  470.000000    0.832181
  475.000000    0.842173
  480.000000    0.855541
  485.000000    0.862441
  490.000000    0.835070
  495.000000    0.830592
  500.000000    0.799142
  505.000000    0.772989
  510.000000    0.759819
  515.000000    0.775956
  520.000000    0.823612
  525.000000    0.833078
  530.000000    0.845186
  535.000000    0.841706
  540.000000    0.814406
  545.000000    0.843599
  550.000000    0.869306
  555.000000    0.884065
  560.000000    0.896115
  565.000000    0.866005
  570.000000    0.859053
  575.000000    0.857786
  580.000000    0.877434
  585.000000    0.875574
  590.000000    0.871173
  595.000000    0.872804
  600.000000    0.875847
  605.000000    0.859522
  610.000000    0.854376
  615.000000    0.854504
  620.000000    0.840603
  625.000000    0.814945
  630.000000    0.784895
  635.000000    0.777197
  640.000000    0.771863
  645.000000    0.786235
  650.000000    0.802555
  655.000000    0.818491
  660.000000    0.811100
  665.000000    0.808019
  670.000000    0.832445
  675.000000    0.827753
  680.000000    0.847561
  685.000000    0.860662
  690.000000    0.855163
  695.000000    0.870017
  700.000000    0.831107
  705.000000    0.817806
  710.000000    0.810071
  715.000000    0.776286
  720.000000    0.748760
  725.000000    0.745667
  730.000000    0.737652
  735.000000    0.737997
  740.000000    0.739113
  745.000000    0.736093
  750.000000    0.752886
  755.000000    0.793415
  760.000000    0.802546
  765.000000    0.789746
  770.000000    0.800837
  775.000000    0.794204
  780.000000    0.791008
  785.000000    0.784451
  790.000000    0.785410
  795.000000    0.785761
  800.000000    0.773708
  805.000000    0.775195
  810.000000    0.737270
  815.000000    0.748924
  820.000000    0.752718
  825.000000    0.745148
  830.000000    0.738507
  835.000000    0.716993
  840.000000    0.717897
  845.000000    0.745360
  850.000000    0.772490
  855.000000    0.799683
  860.000000    0.794043
  865.000000    0.806548
  870.000000    0.816442
  875.000000    0.808989
  880.000000    0.802905
  885.000000    0.801827
  890.000000    0.809449
  895.000000    0.805450
  900.000000    0.791545
  905.000000    0.777094
  910.000000    0.786151
  915.000000    0.802791
  920.000000    0.800807
  925.000000    0.780123
  930.000000    0.753406
  935.000000    0.772907
  940.000000    0.794124
  945.000000    0.799677
  950.000000    0.775301
  955.000000    0.798877
  960.000000    0.767975
  965.000000    0.732568
  970.000000    0.710303
  975.000000    0.677240
  980.000000    0.683511
  985.000000    0.703773
  990.000000    0.709829
  995.000000    0.725475
 1000.000000    0.730025
 1005.000000    0.751984
 1010.000000    0.765184
 1015.000000    0.768300
 1020.000000    0.773030
 1025.000000    0.740314
 1030.000000    0.746533
 1035.000000    0.753135
 1040.000000    0.760356
 1045.000000    0.786459
 1050.000000    0.792619
 1055.000000    0.814020
 1060.000000    0.829368
 1065.000000    0.847603
 1070.000000    0.842840
 1075.000000    0.832521
 1080.000000    0.812244
 1085.000000    0.808389
 1090.000000    0.788831
 1095.000000    0.796359
 1100.000000    0.814122
 1105.000000    0.787123
 1110.000000    0.747030
 1115.000000    0.727845
 1120.000000    0.721316
 1125.000000    0.727373
 1130.000000    0.759330
 1135.000000    0.772537
 1140.000000    0.778276
 1145.000000    0.763458
 1150.000000    0.758487
 1155.000000    0.743320
 1160.000000    0.755951
 1165.000000    0.737379
 1170.000000    0.743602
 1175.000000    0.754606
 1180.000000    0.761880
 1185.000000    0.780173
 1190.000000    0.809386
 1195.000000    0.789549
 1200.000000    0.771862
 1205.000000    0.774558
 1210.000000    0.783147
 1215.000000    0.776674
 1220.000000    0.762101
 1225.000000    0.778033
 1230.000000    0.809374
 1235.000000    0.844375
 1240.000000    0.836973
 1245.000000    0.826973
 1250.000000    0.815029
 1255.000000    0.785559
 1260.000000    0.790317
 1265.000000    0.798291
 1270.000000    0.809154
 1275.000000    0.797089
 1280.000000    0.798642
 1285.000000    0.792410
 1290.000000    0.779785
 1295.000000    0.762185
 1300.000000    0.749575
 1305.000000    0.750841
 1310.000000    0.750331
 1315.000000    0.746180
 1320.000000    0.739683
 1325.000000    0.721122
 1330.000000    0.705384
 1335.000000    0.750757
 1340.000000    0.766561
 1345.000000    0.735370
 1350.000000    0.736414
 1355.000000    0.735251
 1360.000000    0.724504
 1365.000000    0.733963
 1370.000000    0.748281
 1375.000000    0.750411
 1380.000000    0.785944
 1385.000000    0.806286
 1390.000000    0.830228
 1395.000000    0.833888
 1400.000000    0.816663
 1405.000000    0.807898
 1410.000000    0.779601
 1415.000000    0.728520
 1420.000000    0.711428
 1425.000000    0.706825
 1430.000000    0.706534
 1435.000000    0.712641
 1440.000000    0.709189
 1445.000000    0.700940
 1450.000000    0.724079
 1455.000000    0.751648
 1460.000000    0.761930
 1465.000000    0.761702
 1470.000000    0.776629
 1475.000000    0.803368
 1480.000000    0.811034
 1485.000000    0.808986
 1490.000000    0.817389
 1495.000000    0.790972
 1500.000000    0.799641
 1505.000000    0.773624
 1510.000000    0.759269
 1515.000000    0.758638
 1520.000000    0.745523
 1525.000000    0.720890
 1530.000000    0.687825
 1535.000000    0.666469
 1540.000000    0.675068
 1545.000000    0.672296
 1550.000000    0.680915
 1555.000000    0.657742
 1560.000000    0.634590
 1565.000000    0.638912
 1570.000000    0.651173
 1575.000000    0.693440
 1580.000000    0.689526
 1585.000000    0.677732
 1590.000000    0.663406
 1595.000000    0.671807
 1600.000000    0.704300
 1605.000000    0.737954
 1610.000000    0.773315
 1615.000000    0.781429
 1620.000000    0.792291
 1625.000000    0.797270
 1630.000000    0.815603
 1635.000000    0.823662
 1640.000000    0.786107
 1645.000000    0.798522
 1650.000000    0.803088
 1655.000000    0.772808
 1660.000000    0.761623
 1665.000000    0.733651
 1670.000000    0.730123
 1675.000000    0.749270
 1680.000000    0.769557
 1685.000000    0.784602
 1690.000000    0.777506
 1695.000000    0.785214
 1700.000000    0.800362
 1705.000000    0.827277
 1710.000000    0.841948
 1715.000000    0.821616
 1720.000000    0.817220
 1725.000000    0.808654
 1730.000000    0.800119
 1735.000000    0.783938
 1740.000000    0.770353
 1745.000000    0.769822
 1750.000000    0.771271
 1755.000000    0.772787
 1760.000000    0.788282
 1765.000000    0.766569
 1770.000000    0.752705
 1775.000000    0.730636
 1780.000000    0.704485
 1785.000000    0.685911
 1790.000000    0.681755
 1795.000000    0.665617
 1800.000000    0.666762
 1805.000000    0.661324
 1810.000000    0.663083
 1815.000000    0.689804
 1820.000000    0.726971
 1825.000000    0.744026
 1830.000000    0.745429
 1835.000000    0.763335
 1840.000000    0.760765
 1845.000000    0.727982
 1850.000000    0.698602
 1855.000000    0.638362
 1860.000000    0.656023
 1865.000000    0.719200
 1870.000000    0.749465
 1875.000000    0.783419
 1880.000000    0.786562
 1885.000000    0.776703
 1890.000000    0.777316
 1895.000000    0.737809
