#  pixel_depth  alphabetafraction   >  Analysis of alpha beta fraction
   25.000000    0.918352
   30.000000    0.937158
   35.000000    0.944567
   40.000000    0.955176
   45.000000    0.969831
   50.000000    0.973755
   55.000000    0.967063
   60.000000    0.966845
   65.000000    0.966138
   70.000000    0.962446
   75.000000    0.957194
   80.000000    0.961502
   85.000000    0.965875
   90.000000    0.966112
   95.000000    0.977718
  100.000000    0.974619
  105.000000    0.951912
  110.000000    0.941406
  115.000000    0.953623
  120.000000    0.944693
  125.000000    0.933850
  130.000000    0.920187
  135.000000    0.934871
  140.000000    0.945423
  145.000000    0.948208
  150.000000    0.954295
  155.000000    0.961772
  160.000000    0.932525
  165.000000    0.928695
  170.000000    0.918463
  175.000000    0.927967
  180.000000    0.940749
  185.000000    0.929680
  190.000000    0.902187
  195.000000    0.908783
  200.000000    0.915864
  205.000000    0.923485
  210.000000    0.924239
  215.000000    0.925723
  220.000000    0.933071
  225.000000    0.940603
  230.000000    0.918729
  235.000000    0.900154
  240.000000    0.904793
  245.000000    0.901274
  250.000000    0.898951
  255.000000    0.894662
  260.000000    0.898335
  265.000000    0.894823
  270.000000    0.904975
  275.000000    0.920255
  280.000000    0.927163
  285.000000    0.913608
  290.000000    0.908480
  295.000000    0.931439
  300.000000    0.943195
  305.000000    0.959850
  310.000000    0.958672
  315.000000    0.934596
  320.000000    0.924078
  325.000000    0.899277
  330.000000    0.870973
  335.000000    0.859166
  340.000000    0.862831
  345.000000    0.867384
  350.000000    0.874731
  355.000000    0.863779
  360.000000    0.853534
  365.000000    0.854131
  370.000000    0.847872
  375.000000    0.838529
  380.000000    0.829472
  385.000000    0.826392
  390.000000    0.849627
  395.000000    0.861857
  400.000000    0.853635
  405.000000    0.851402
  410.000000    0.857772
  415.000000    0.865960
  420.000000    0.862321
  425.000000    0.855385
  430.000000    0.861432
  435.000000    0.852786
  440.000000    0.860769
  445.000000    0.847959
  450.000000    0.841910
  455.000000    0.842842
  460.000000    0.847402
  465.000000    0.834681
  470.000000    0.826515
  475.000000    0.801805
  480.000000    0.838304
  485.000000    0.852794
  490.000000    0.858399
  495.000000    0.880516
  500.000000    0.895977
  505.000000    0.893995
  510.000000    0.874839
  515.000000    0.857220
  520.000000    0.860606
  525.000000    0.852148
  530.000000    0.819399
  535.000000    0.796538
  540.000000    0.804885
  545.000000    0.824936
  550.000000    0.823343
  555.000000    0.844945
  560.000000    0.840876
  565.000000    0.828340
  570.000000    0.842810
  575.000000    0.831479
  580.000000    0.820574
  585.000000    0.807567
  590.000000    0.804628
  595.000000    0.791063
  600.000000    0.782656
  605.000000    0.780450
  610.000000    0.778400
  615.000000    0.765880
  620.000000    0.732984
  625.000000    0.736921
  630.000000    0.801245
  635.000000    0.838364
  640.000000    0.857848
  645.000000    0.885857
  650.000000    0.907233
  655.000000    0.915804
  660.000000    0.924174
  665.000000    0.930128
  670.000000    0.938936
  675.000000    0.932471
  680.000000    0.924383
  685.000000    0.904968
  690.000000    0.864635
  695.000000    0.843159
  700.000000    0.809001
  705.000000    0.776855
  710.000000    0.750725
  715.000000    0.731732
  720.000000    0.711468
  725.000000    0.751784
  730.000000    0.807790
  735.000000    0.828127
  740.000000    0.841304
  745.000000    0.853789
  750.000000    0.868214
  755.000000    0.873990
  760.000000    0.879262
  765.000000    0.875119
  770.000000    0.871552
  775.000000    0.834921
  780.000000    0.810421
  785.000000    0.789072
  790.000000    0.747341
  795.000000    0.753645
  800.000000    0.774219
  805.000000    0.776612
  810.000000    0.817194
  815.000000    0.855877
  820.000000    0.845267
  825.000000    0.831772
  830.000000    0.789353
  835.000000    0.765382
  840.000000    0.758407
  845.000000    0.747884
  850.000000    0.749075
  855.000000    0.764740
  860.000000    0.772384
  865.000000    0.777934
  870.000000    0.793499
  875.000000    0.837725
  880.000000    0.851053
  885.000000    0.845419
  890.000000    0.834605
  895.000000    0.837840
  900.000000    0.819734
  905.000000    0.801713
  910.000000    0.769634
  915.000000    0.765009
  920.000000    0.755231
  925.000000    0.759896
  930.000000    0.752553
  935.000000    0.737146
  940.000000    0.717837
  945.000000    0.714625
  950.000000    0.737972
  955.000000    0.761126
  960.000000    0.770832
  965.000000    0.764621
  970.000000    0.717033
  975.000000    0.709832
  980.000000    0.711407
  985.000000    0.699331
  990.000000    0.699684
  995.000000    0.691595
 1000.000000    0.717834
 1005.000000    0.739264
 1010.000000    0.754196
 1015.000000    0.757790
 1020.000000    0.765245
 1025.000000    0.766444
 1030.000000    0.773235
 1035.000000    0.796058
 1040.000000    0.804699
 1045.000000    0.827342
 1050.000000    0.815288
 1055.000000    0.798583
 1060.000000    0.798462
 1065.000000    0.791745
 1070.000000    0.776357
 1075.000000    0.761365
 1080.000000    0.742207
 1085.000000    0.727535
 1090.000000    0.741921
 1095.000000    0.782610
 1100.000000    0.788133
 1105.000000    0.798934
 1110.000000    0.817400
 1115.000000    0.792266
 1120.000000    0.770487
 1125.000000    0.768083
 1130.000000    0.761515
 1135.000000    0.783614
 1140.000000    0.809089
 1145.000000    0.825983
 1150.000000    0.816550
 1155.000000    0.798502
 1160.000000    0.783081
 1165.000000    0.759764
 1170.000000    0.749709
 1175.000000    0.737701
 1180.000000    0.737457
 1185.000000    0.769947
 1190.000000    0.790667
 1195.000000    0.741999
 1200.000000    0.749715
 1205.000000    0.770030
 1210.000000    0.766487
 1215.000000    0.777934
 1220.000000    0.786157
 1225.000000    0.770069
 1230.000000    0.783911
 1235.000000    0.813874
 1240.000000    0.846777
 1245.000000    0.823007
 1250.000000    0.775488
 1255.000000    0.756630
 1260.000000    0.736116
 1265.000000    0.728962
 1270.000000    0.722630
 1275.000000    0.698675
 1280.000000    0.695344
 1285.000000    0.675509
 1290.000000    0.649477
 1295.000000    0.676696
 1300.000000    0.686992
 1305.000000    0.707874
 1310.000000    0.720132
 1315.000000    0.735684
 1320.000000    0.756424
 1325.000000    0.779012
 1330.000000    0.795300
 1335.000000    0.808164
 1340.000000    0.796711
 1345.000000    0.781750
 1350.000000    0.757872
 1355.000000    0.734876
 1360.000000    0.684322
 1365.000000    0.649866
 1370.000000    0.638939
 1375.000000    0.639892
 1380.000000    0.654391
 1385.000000    0.658058
 1390.000000    0.707514
 1395.000000    0.738540
 1400.000000    0.754128
 1405.000000    0.762766
 1410.000000    0.757710
 1415.000000    0.726643
 1420.000000    0.706470
 1425.000000    0.721816
 1430.000000    0.750370
 1435.000000    0.760551
 1440.000000    0.735084
 1445.000000    0.711684
 1450.000000    0.697571
 1455.000000    0.701793
 1460.000000    0.693611
 1465.000000    0.715010
 1470.000000    0.748065
 1475.000000    0.764624
 1480.000000    0.759174
 1485.000000    0.760528
 1490.000000    0.758366
 1495.000000    0.745131
 1500.000000    0.750252
 1505.000000    0.759257
 1510.000000    0.776554
 1515.000000    0.769555
 1520.000000    0.764164
 1525.000000    0.764149
 1530.000000    0.761047
 1535.000000    0.743279
 1540.000000    0.759919
 1545.000000    0.766189
 1550.000000    0.792531
 1555.000000    0.783303
 1560.000000    0.768958
 1565.000000    0.763439
 1570.000000    0.753687
 1575.000000    0.735243
 1580.000000    0.715362
 1585.000000    0.697265
 1590.000000    0.677721
 1595.000000    0.640732
 1600.000000    0.604944
 1605.000000    0.594522
 1610.000000    0.605196
 1615.000000    0.625650
 1620.000000    0.612820
 1625.000000    0.598873
 1630.000000    0.593917
 1635.000000    0.613670
 1640.000000    0.653874
 1645.000000    0.700264
 1650.000000    0.717904
 1655.000000    0.739382
 1660.000000    0.755431
 1665.000000    0.750238
 1670.000000    0.747448
 1675.000000    0.743758
 1680.000000    0.757796
 1685.000000    0.742630
 1690.000000    0.745927
 1695.000000    0.749453
 1700.000000    0.758447
 1705.000000    0.758217
 1710.000000    0.761518
 1715.000000    0.716612
 1720.000000    0.724321
 1725.000000    0.750592
 1730.000000    0.762842
 1735.000000    0.769135
 1740.000000    0.755581
 1745.000000    0.756776
 1750.000000    0.758687
 1755.000000    0.770108
 1760.000000    0.780173
 1765.000000    0.785910
 1770.000000    0.770729
