#  pixel_depth  alphabetafraction   >  Analysis of alpha beta fraction
   54.000000    0.725900
   59.000000    0.719174
   64.000000    0.734770
   69.000000    0.738188
   74.000000    0.722390
   79.000000    0.710087
   84.000000    0.727312
   89.000000    0.732210
   94.000000    0.735177
   99.000000    0.735718
  104.000000    0.731860
  109.000000    0.726292
  114.000000    0.720883
  119.000000    0.703502
  124.000000    0.695728
  129.000000    0.679967
  134.000000    0.684080
  139.000000    0.673992
  144.000000    0.696081
  149.000000    0.675728
  154.000000    0.671933
  159.000000    0.676650
  164.000000    0.680283
  169.000000    0.724857
  174.000000    0.785486
  179.000000    0.790759
  184.000000    0.792412
  189.000000    0.800224
  194.000000    0.800386
  199.000000    0.808744
  204.000000    0.829051
  209.000000    0.864685
  214.000000    0.864894
  219.000000    0.841339
  224.000000    0.814678
  229.000000    0.805925
  234.000000    0.761746
  239.000000    0.714616
  244.000000    0.686834
  249.000000    0.642273
  254.000000    0.596833
  259.000000    0.599862
  264.000000    0.605872
  269.000000    0.621503
  274.000000    0.664102
  279.000000    0.690736
  284.000000    0.703635
  289.000000    0.705356
  294.000000    0.711927
  299.000000    0.717348
  304.000000    0.721793
  309.000000    0.752829
  314.000000    0.779913
  319.000000    0.753255
  324.000000    0.762714
  329.000000    0.772925
  334.000000    0.754769
  339.000000    0.786129
  344.000000    0.779186
  349.000000    0.800378
  354.000000    0.794694
  359.000000    0.777267
  364.000000    0.816626
  369.000000    0.830751
  374.000000    0.826854
  379.000000    0.836218
  384.000000    0.849414
  389.000000    0.857074
  394.000000    0.856999
  399.000000    0.852180
  404.000000    0.829354
  409.000000    0.819914
  414.000000    0.790383
  419.000000    0.753784
  424.000000    0.747100
  429.000000    0.722435
  434.000000    0.692910
  439.000000    0.670600
  444.000000    0.683132
  449.000000    0.711746
  454.000000    0.729881
  459.000000    0.726114
  464.000000    0.754422
  469.000000    0.771089
  474.000000    0.762001
  479.000000    0.766517
  484.000000    0.774889
  489.000000    0.755476
  494.000000    0.746892
  499.000000    0.746369
  504.000000    0.756712
  509.000000    0.758800
  514.000000    0.727581
  519.000000    0.727382
  524.000000    0.736909
  529.000000    0.748152
  534.000000    0.766390
  539.000000    0.788611
  544.000000    0.811638
  549.000000    0.810869
  554.000000    0.824093
  559.000000    0.835845
  564.000000    0.837811
  569.000000    0.822849
  574.000000    0.799969
  579.000000    0.757619
  584.000000    0.779622
  589.000000    0.758308
  594.000000    0.753345
  599.000000    0.778723
  604.000000    0.766965
  609.000000    0.734031
  614.000000    0.713499
  619.000000    0.707655
  624.000000    0.693070
  629.000000    0.700285
  634.000000    0.701004
  639.000000    0.712095
  644.000000    0.732335
  649.000000    0.727744
  654.000000    0.722263
  659.000000    0.720370
  664.000000    0.748737
  669.000000    0.765081
  674.000000    0.768845
  679.000000    0.766946
  684.000000    0.739039
  689.000000    0.721827
  694.000000    0.705933
  699.000000    0.708289
  704.000000    0.727183
  709.000000    0.725319
  714.000000    0.749652
  719.000000    0.770668
  724.000000    0.759163
  729.000000    0.730587
  734.000000    0.671804
  739.000000    0.637807
  744.000000    0.628479
  749.000000    0.631854
  754.000000    0.599737
  759.000000    0.626433
  764.000000    0.651406
  769.000000    0.641139
  774.000000    0.614223
  779.000000    0.629297
  784.000000    0.682394
  789.000000    0.718257
  794.000000    0.746936
  799.000000    0.759327
  804.000000    0.752504
  809.000000    0.781729
  814.000000    0.782692
  819.000000    0.799817
  824.000000    0.816164
  829.000000    0.816280
  834.000000    0.816505
  839.000000    0.823876
  844.000000    0.841010
  849.000000    0.846223
  854.000000    0.831819
  859.000000    0.809489
  864.000000    0.808239
  869.000000    0.792016
  874.000000    0.762755
  879.000000    0.756028
  884.000000    0.758800
  889.000000    0.763169
  894.000000    0.749444
  899.000000    0.719684
  904.000000    0.705092
  909.000000    0.695142
  914.000000    0.668980
  919.000000    0.652170
  924.000000    0.618040
  929.000000    0.674683
  934.000000    0.699455
  939.000000    0.728539
  944.000000    0.723748
  949.000000    0.723342
  954.000000    0.736028
  959.000000    0.723938
  964.000000    0.715988
  969.000000    0.691278
  974.000000    0.693347
  979.000000    0.711140
  984.000000    0.744205
  989.000000    0.777254
  994.000000    0.786510
  999.000000    0.773300
 1004.000000    0.762495
 1009.000000    0.768662
 1014.000000    0.769466
 1019.000000    0.795544
 1024.000000    0.789170
 1029.000000    0.775182
 1034.000000    0.758927
 1039.000000    0.742845
 1044.000000    0.693014
 1049.000000    0.694292
 1054.000000    0.724845
 1059.000000    0.734455
 1064.000000    0.743101
 1069.000000    0.732457
 1074.000000    0.718196
 1079.000000    0.705310
 1084.000000    0.725115
 1089.000000    0.709324
 1094.000000    0.714446
 1099.000000    0.694050
 1104.000000    0.716503
 1109.000000    0.733653
 1114.000000    0.735942
 1119.000000    0.788453
 1124.000000    0.799925
 1129.000000    0.795383
 1134.000000    0.776157
 1139.000000    0.774645
 1144.000000    0.748779
 1149.000000    0.746696
 1154.000000    0.742912
 1159.000000    0.719371
 1164.000000    0.706637
 1169.000000    0.709926
 1174.000000    0.723192
 1179.000000    0.751683
 1184.000000    0.744907
 1189.000000    0.724332
 1194.000000    0.686648
 1199.000000    0.654428
 1204.000000    0.639152
 1209.000000    0.609611
 1214.000000    0.606695
 1219.000000    0.572913
 1224.000000    0.593443
 1229.000000    0.584129
 1234.000000    0.588081
 1239.000000    0.640623
 1244.000000    0.696388
 1249.000000    0.715857
 1254.000000    0.724526
 1259.000000    0.787861
 1264.000000    0.801205
 1269.000000    0.734710
 1274.000000    0.723397
 1279.000000    0.716123
 1284.000000    0.698444
 1289.000000    0.681629
 1294.000000    0.679802
 1299.000000    0.748248
 1304.000000    0.781797
 1309.000000    0.789169
 1314.000000    0.825473
 1319.000000    0.841750
 1324.000000    0.855264
 1329.000000    0.859920
 1334.000000    0.834638
 1339.000000    0.801324
 1344.000000    0.795466
 1349.000000    0.757643
 1354.000000    0.723015
 1359.000000    0.705280
 1364.000000    0.655719
 1369.000000    0.596944
 1374.000000    0.576548
 1379.000000    0.572788
 1384.000000    0.610835
 1389.000000    0.654856
 1394.000000    0.709780
 1399.000000    0.759223
 1404.000000    0.792741
 1409.000000    0.781429
 1414.000000    0.791972
 1419.000000    0.799138
 1424.000000    0.789130
 1429.000000    0.782530
 1434.000000    0.776694
 1439.000000    0.751686
 1444.000000    0.738861
 1449.000000    0.738101
 1454.000000    0.710925
 1459.000000    0.698543
 1464.000000    0.691175
 1469.000000    0.672755
 1474.000000    0.697557
 1479.000000    0.681146
 1484.000000    0.643571
 1489.000000    0.647627
 1494.000000    0.669911
 1499.000000    0.662723
 1504.000000    0.650651
 1509.000000    0.652618
 1514.000000    0.658829
 1519.000000    0.693846
 1524.000000    0.744115
 1529.000000    0.774370
 1534.000000    0.769065
 1539.000000    0.767074
 1544.000000    0.754690
 1549.000000    0.739593
 1554.000000    0.735401
 1559.000000    0.731610
 1564.000000    0.724062
 1569.000000    0.706391
 1574.000000    0.676386
 1579.000000    0.641560
 1584.000000    0.596666
 1589.000000    0.537139
 1594.000000    0.555098
 1599.000000    0.586173
 1604.000000    0.619503
 1609.000000    0.625725
 1614.000000    0.662707
 1619.000000    0.701738
 1624.000000    0.672100
 1629.000000    0.673457
 1634.000000    0.692319
 1639.000000    0.763781
 1644.000000    0.806253
 1649.000000    0.814050
 1654.000000    0.805696
 1659.000000    0.812589
 1664.000000    0.826015
 1669.000000    0.833082
 1674.000000    0.837674
 1679.000000    0.829751
 1684.000000    0.820405
 1689.000000    0.802065
 1694.000000    0.777647
 1699.000000    0.780219
 1704.000000    0.802371
 1709.000000    0.787526
 1714.000000    0.759921
 1719.000000    0.696847
 1724.000000    0.684937
 1729.000000    0.684795
 1734.000000    0.679143
 1739.000000    0.676981
 1744.000000    0.701278
 1749.000000    0.702083
 1754.000000    0.694524
 1759.000000    0.685920
 1764.000000    0.677912
 1769.000000    0.706227
 1774.000000    0.729861
 1779.000000    0.692136
 1784.000000    0.687749
 1789.000000    0.694337
 1794.000000    0.726848
 1799.000000    0.754792
 1804.000000    0.750075
 1809.000000    0.773927
 1814.000000    0.819593
 1819.000000    0.854897
 1824.000000    0.824477
 1829.000000    0.790231
 1834.000000    0.777366
 1839.000000    0.766479
 1844.000000    0.744801
 1849.000000    0.724101
 1854.000000    0.694023
 1859.000000    0.689242
 1864.000000    0.702016
 1869.000000    0.703347
 1874.000000    0.716916
 1879.000000    0.704342
 1884.000000    0.660550
 1889.000000    0.661294
 1894.000000    0.701020
 1899.000000    0.713158
 1904.000000    0.723975
