#  pixel_depth  alphabetafraction   >  Analysis of alpha beta fraction
   39.000000    0.646686
   44.000000    0.704276
   49.000000    0.739740
   54.000000    0.745576
   59.000000    0.737873
   64.000000    0.737617
   69.000000    0.758195
   74.000000    0.760315
   79.000000    0.773956
   84.000000    0.772869
   89.000000    0.765805
   94.000000    0.764133
   99.000000    0.756934
  104.000000    0.705771
  109.000000    0.700644
  114.000000    0.717081
  119.000000    0.725634
  124.000000    0.727970
  129.000000    0.759694
  134.000000    0.792648
  139.000000    0.791315
  144.000000    0.789195
  149.000000    0.787984
  154.000000    0.789603
  159.000000    0.774940
  164.000000    0.763593
  169.000000    0.772250
  174.000000    0.778580
  179.000000    0.770338
  184.000000    0.764110
  189.000000    0.780653
  194.000000    0.800027
  199.000000    0.782999
  204.000000    0.761242
  209.000000    0.745358
  214.000000    0.731134
  219.000000    0.721274
  224.000000    0.742756
  229.000000    0.759809
  234.000000    0.741756
  239.000000    0.720530
  244.000000    0.703559
  249.000000    0.717134
  254.000000    0.713094
  259.000000    0.703003
  264.000000    0.684324
  269.000000    0.682700
  274.000000    0.669451
  279.000000    0.666423
  284.000000    0.660730
  289.000000    0.662271
  294.000000    0.668250
  299.000000    0.663632
  304.000000    0.678064
  309.000000    0.703602
  314.000000    0.723566
  319.000000    0.735839
  324.000000    0.723852
  329.000000    0.716259
  334.000000    0.711454
  339.000000    0.710254
  344.000000    0.716216
  349.000000    0.740236
  354.000000    0.750782
  359.000000    0.748076
  364.000000    0.761742
  369.000000    0.733057
  374.000000    0.673411
  379.000000    0.661276
  384.000000    0.670366
  389.000000    0.669317
  394.000000    0.697685
  399.000000    0.726170
  404.000000    0.721198
  409.000000    0.724336
  414.000000    0.718824
  419.000000    0.713695
  424.000000    0.706412
  429.000000    0.706472
  434.000000    0.709180
  439.000000    0.679532
  444.000000    0.638162
  449.000000    0.624901
  454.000000    0.646245
  459.000000    0.680047
  464.000000    0.681595
  469.000000    0.674777
  474.000000    0.668632
  479.000000    0.684495
  484.000000    0.698261
  489.000000    0.715272
  494.000000    0.721590
  499.000000    0.709502
  504.000000    0.718708
  509.000000    0.732516
  514.000000    0.729957
  519.000000    0.747821
  524.000000    0.754153
  529.000000    0.729109
  534.000000    0.728436
  539.000000    0.730510
  544.000000    0.741837
  549.000000    0.730278
  554.000000    0.752774
  559.000000    0.763353
  564.000000    0.773359
  569.000000    0.754555
  574.000000    0.766102
  579.000000    0.757978
  584.000000    0.757114
  589.000000    0.751051
  594.000000    0.722441
  599.000000    0.723622
  604.000000    0.752382
  609.000000    0.790142
  614.000000    0.797201
  619.000000    0.779848
  624.000000    0.753217
  629.000000    0.733170
  634.000000    0.733906
  639.000000    0.738951
  644.000000    0.731727
  649.000000    0.695351
  654.000000    0.650874
  659.000000    0.631849
  664.000000    0.593767
  669.000000    0.591460
  674.000000    0.607379
  679.000000    0.617489
  684.000000    0.642677
  689.000000    0.651451
  694.000000    0.645657
  699.000000    0.680769
  704.000000    0.662501
  709.000000    0.645430
  714.000000    0.654276
  719.000000    0.646060
  724.000000    0.640215
  729.000000    0.609797
  734.000000    0.600970
  739.000000    0.622328
  744.000000    0.626890
  749.000000    0.633381
  754.000000    0.638229
  759.000000    0.645651
  764.000000    0.671791
  769.000000    0.687571
  774.000000    0.712088
  779.000000    0.708861
  784.000000    0.697334
  789.000000    0.671128
  794.000000    0.685122
  799.000000    0.698292
  804.000000    0.689291
  809.000000    0.691513
  814.000000    0.681499
  819.000000    0.682665
  824.000000    0.667297
  829.000000    0.673769
  834.000000    0.685199
  839.000000    0.692759
  844.000000    0.710693
  849.000000    0.755834
  854.000000    0.755546
  859.000000    0.756247
  864.000000    0.758686
  869.000000    0.772739
  874.000000    0.762218
  879.000000    0.748690
  884.000000    0.746758
  889.000000    0.731030
  894.000000    0.720494
  899.000000    0.688687
  904.000000    0.683182
  909.000000    0.677373
  914.000000    0.671548
  919.000000    0.665958
  924.000000    0.668328
  929.000000    0.666510
  934.000000    0.671382
  939.000000    0.674691
  944.000000    0.676039
  949.000000    0.684817
  954.000000    0.702063
  959.000000    0.693804
  964.000000    0.682058
  969.000000    0.697210
  974.000000    0.667488
  979.000000    0.654519
  984.000000    0.663214
  989.000000    0.672038
  994.000000    0.692480
  999.000000    0.714543
 1004.000000    0.730848
 1009.000000    0.746699
 1014.000000    0.738997
 1019.000000    0.745033
 1024.000000    0.716940
 1029.000000    0.702652
 1034.000000    0.725844
 1039.000000    0.728887
 1044.000000    0.733275
 1049.000000    0.737366
 1054.000000    0.759088
 1059.000000    0.782674
 1064.000000    0.789698
 1069.000000    0.792950
 1074.000000    0.792392
 1079.000000    0.777117
 1084.000000    0.752161
 1089.000000    0.745955
 1094.000000    0.726924
 1099.000000    0.709356
 1104.000000    0.690739
 1109.000000    0.687438
 1114.000000    0.692585
 1119.000000    0.729440
 1124.000000    0.768797
 1129.000000    0.780390
 1134.000000    0.796479
 1139.000000    0.800644
 1144.000000    0.788857
 1149.000000    0.784712
 1154.000000    0.769264
 1159.000000    0.760776
 1164.000000    0.753797
 1169.000000    0.763590
 1174.000000    0.766738
 1179.000000    0.783114
 1184.000000    0.768771
 1189.000000    0.747598
 1194.000000    0.740308
 1199.000000    0.736814
 1204.000000    0.729173
 1209.000000    0.704052
 1214.000000    0.699382
 1219.000000    0.672612
 1224.000000    0.653242
 1229.000000    0.596442
 1234.000000    0.618725
 1239.000000    0.652570
 1244.000000    0.683796
 1249.000000    0.717004
 1254.000000    0.771681
 1259.000000    0.802389
 1264.000000    0.807687
 1269.000000    0.813050
 1274.000000    0.818046
 1279.000000    0.823973
 1284.000000    0.848123
 1289.000000    0.844702
 1294.000000    0.828716
 1299.000000    0.833192
 1304.000000    0.814764
 1309.000000    0.807470
 1314.000000    0.806173
 1319.000000    0.789592
 1324.000000    0.775822
 1329.000000    0.736072
 1334.000000    0.724418
 1339.000000    0.714147
 1344.000000    0.709600
 1349.000000    0.682197
 1354.000000    0.661446
 1359.000000    0.633186
 1364.000000    0.614479
 1369.000000    0.610047
 1374.000000    0.628889
 1379.000000    0.666947
 1384.000000    0.665228
 1389.000000    0.679746
 1394.000000    0.705364
 1399.000000    0.751895
 1404.000000    0.752767
 1409.000000    0.715189
 1414.000000    0.699325
 1419.000000    0.690059
 1424.000000    0.710968
 1429.000000    0.726249
 1434.000000    0.739560
 1439.000000    0.756832
 1444.000000    0.781080
 1449.000000    0.769440
 1454.000000    0.764241
 1459.000000    0.758943
 1464.000000    0.753169
 1469.000000    0.775092
 1474.000000    0.773555
 1479.000000    0.774548
 1484.000000    0.774293
 1489.000000    0.780628
 1494.000000    0.778412
 1499.000000    0.766817
 1504.000000    0.774764
 1509.000000    0.798015
 1514.000000    0.806807
 1519.000000    0.818926
 1524.000000    0.811560
 1529.000000    0.791905
 1534.000000    0.774670
 1539.000000    0.754563
 1544.000000    0.748044
 1549.000000    0.766122
 1554.000000    0.772402
 1559.000000    0.768822
 1564.000000    0.761483
 1569.000000    0.714085
 1574.000000    0.686323
 1579.000000    0.680853
 1584.000000    0.695590
 1589.000000    0.658599
 1594.000000    0.651526
 1599.000000    0.654763
 1604.000000    0.661511
 1609.000000    0.695577
 1614.000000    0.695964
 1619.000000    0.695927
 1624.000000    0.730279
 1629.000000    0.762102
 1634.000000    0.785582
 1639.000000    0.806553
 1644.000000    0.810447
 1649.000000    0.795706
 1654.000000    0.774967
 1659.000000    0.765357
 1664.000000    0.773565
 1669.000000    0.773473
 1674.000000    0.775252
 1679.000000    0.758502
 1684.000000    0.729652
 1689.000000    0.694628
 1694.000000    0.686574
 1699.000000    0.710716
 1704.000000    0.724948
 1709.000000    0.729557
 1714.000000    0.732095
 1719.000000    0.725749
 1724.000000    0.732337
 1729.000000    0.712272
 1734.000000    0.724908
 1739.000000    0.739933
 1744.000000    0.745291
 1749.000000    0.751480
 1754.000000    0.767743
 1759.000000    0.739429
 1764.000000    0.712915
 1769.000000    0.703825
 1774.000000    0.723823
 1779.000000    0.700888
 1784.000000    0.672591
 1789.000000    0.650614
 1794.000000    0.646731
 1799.000000    0.650307
 1804.000000    0.657376
 1809.000000    0.697980
 1814.000000    0.697862
 1819.000000    0.732599
 1824.000000    0.771430
 1829.000000    0.763087
 1834.000000    0.758962
 1839.000000    0.747670
