#  pixel_depth  alphabetafraction   >  Analysis of alpha beta fraction
   57.000000    0.667824
   62.000000    0.659380
   67.000000    0.650292
   72.000000    0.657757
   77.000000    0.633458
   82.000000    0.611983
   87.000000    0.622715
   92.000000    0.647680
   97.000000    0.651555
  102.000000    0.664355
  107.000000    0.650512
  112.000000    0.645698
  117.000000    0.652646
  122.000000    0.672240
  127.000000    0.702492
  132.000000    0.720437
  137.000000    0.711968
  142.000000    0.735277
  147.000000    0.738036
  152.000000    0.730179
  157.000000    0.719593
  162.000000    0.712509
  167.000000    0.701309
  172.000000    0.678598
  177.000000    0.664934
  182.000000    0.654376
  187.000000    0.636619
  192.000000    0.644542
  197.000000    0.611108
  202.000000    0.552358
  207.000000    0.539661
  212.000000    0.539660
  217.000000    0.557532
  222.000000    0.599200
  227.000000    0.636498
  232.000000    0.680949
  237.000000    0.709657
  242.000000    0.705473
  247.000000    0.717560
  252.000000    0.746094
  257.000000    0.786448
  262.000000    0.798988
  267.000000    0.805687
  272.000000    0.827883
  277.000000    0.835476
  282.000000    0.839932
  287.000000    0.833860
  292.000000    0.809693
  297.000000    0.789031
  302.000000    0.776420
  307.000000    0.775575
  312.000000    0.767361
  317.000000    0.727250
  322.000000    0.708498
  327.000000    0.683493
  332.000000    0.690537
  337.000000    0.690732
  342.000000    0.687521
  347.000000    0.679574
  352.000000    0.644447
  357.000000    0.621553
  362.000000    0.613748
  367.000000    0.630704
  372.000000    0.649758
  377.000000    0.649383
  382.000000    0.652180
  387.000000    0.677320
  392.000000    0.688013
  397.000000    0.691089
  402.000000    0.698768
  407.000000    0.710600
  412.000000    0.703003
  417.000000    0.692400
  422.000000    0.698414
  427.000000    0.701137
  432.000000    0.693045
  437.000000    0.666793
  442.000000    0.666208
  447.000000    0.666751
  452.000000    0.658399
  457.000000    0.652656
  462.000000    0.649619
  467.000000    0.636494
  472.000000    0.604546
  477.000000    0.595902
  482.000000    0.579246
  487.000000    0.544559
  492.000000    0.513577
  497.000000    0.493285
  502.000000    0.477306
  507.000000    0.475641
  512.000000    0.481523
  517.000000    0.486380
  522.000000    0.501944
  527.000000    0.562988
  532.000000    0.612758
  537.000000    0.604472
  542.000000    0.629139
  547.000000    0.669765
  552.000000    0.685796
  557.000000    0.705723
  562.000000    0.715012
  567.000000    0.702864
  572.000000    0.710575
  577.000000    0.714286
  582.000000    0.716462
  587.000000    0.718065
  592.000000    0.715349
  597.000000    0.716225
  602.000000    0.685847
  607.000000    0.669161
  612.000000    0.659447
  617.000000    0.661092
  622.000000    0.677259
  627.000000    0.691080
  632.000000    0.688916
  637.000000    0.686380
  642.000000    0.689056
  647.000000    0.679956
  652.000000    0.677022
  657.000000    0.662207
  662.000000    0.695239
  667.000000    0.702275
  672.000000    0.718463
  677.000000    0.711142
  682.000000    0.716693
  687.000000    0.731027
  692.000000    0.703352
  697.000000    0.679172
  702.000000    0.644490
  707.000000    0.617415
  712.000000    0.624193
  717.000000    0.630324
  722.000000    0.628050
  727.000000    0.612665
  732.000000    0.621277
  737.000000    0.650262
  742.000000    0.688909
  747.000000    0.698758
  752.000000    0.678386
  757.000000    0.676295
  762.000000    0.663257
  767.000000    0.658761
  772.000000    0.650374
  777.000000    0.660674
  782.000000    0.677032
  787.000000    0.687277
  792.000000    0.700659
  797.000000    0.707830
  802.000000    0.719416
  807.000000    0.736044
  812.000000    0.760648
  817.000000    0.749110
  822.000000    0.732299
  827.000000    0.743744
  832.000000    0.762174
  837.000000    0.793598
  842.000000    0.793276
  847.000000    0.767563
  852.000000    0.757718
  857.000000    0.756746
  862.000000    0.748177
  867.000000    0.766898
  872.000000    0.765412
  877.000000    0.761858
  882.000000    0.776163
  887.000000    0.772765
  892.000000    0.768410
  897.000000    0.756333
  902.000000    0.748561
  907.000000    0.761502
  912.000000    0.736636
  917.000000    0.726487
  922.000000    0.729342
  927.000000    0.732856
  932.000000    0.749405
  937.000000    0.736277
  942.000000    0.743429
  947.000000    0.748509
  952.000000    0.723792
  957.000000    0.707138
  962.000000    0.692869
  967.000000    0.696446
  972.000000    0.691327
  977.000000    0.685237
  982.000000    0.691011
  987.000000    0.691892
  992.000000    0.689840
  997.000000    0.623678
 1002.000000    0.599924
 1007.000000    0.596074
 1012.000000    0.584666
 1017.000000    0.597263
 1022.000000    0.606758
 1027.000000    0.625836
 1032.000000    0.643950
 1037.000000    0.627875
 1042.000000    0.622875
 1047.000000    0.622000
 1052.000000    0.571872
 1057.000000    0.543168
 1062.000000    0.595207
 1067.000000    0.641268
 1072.000000    0.679940
 1077.000000    0.705939
 1082.000000    0.719952
 1087.000000    0.735839
 1092.000000    0.771949
 1097.000000    0.815651
 1102.000000    0.830198
 1107.000000    0.801707
 1112.000000    0.798087
 1117.000000    0.775577
 1122.000000    0.744977
 1127.000000    0.738781
 1132.000000    0.713556
 1137.000000    0.711501
 1142.000000    0.709293
 1147.000000    0.693748
 1152.000000    0.703020
 1157.000000    0.705351
 1162.000000    0.700130
 1167.000000    0.693101
 1172.000000    0.674657
 1177.000000    0.678463
 1182.000000    0.713582
 1187.000000    0.742737
 1192.000000    0.745680
 1197.000000    0.734207
 1202.000000    0.731554
 1207.000000    0.725275
 1212.000000    0.741427
 1217.000000    0.715218
 1222.000000    0.699771
 1227.000000    0.694163
 1232.000000    0.696957
 1237.000000    0.688130
 1242.000000    0.722182
 1247.000000    0.732716
 1252.000000    0.744093
 1257.000000    0.748362
 1262.000000    0.737145
 1267.000000    0.761051
 1272.000000    0.789104
 1277.000000    0.822013
 1282.000000    0.818757
 1287.000000    0.815605
 1292.000000    0.793846
 1297.000000    0.762053
 1302.000000    0.776759
 1307.000000    0.753764
 1312.000000    0.757399
 1317.000000    0.723243
 1322.000000    0.706062
 1327.000000    0.686799
 1332.000000    0.684371
 1337.000000    0.679198
 1342.000000    0.682928
 1347.000000    0.695589
 1352.000000    0.689031
 1357.000000    0.691978
 1362.000000    0.696279
 1367.000000    0.736949
 1372.000000    0.766471
 1377.000000    0.768508
 1382.000000    0.758444
 1387.000000    0.750477
 1392.000000    0.753081
 1397.000000    0.746134
 1402.000000    0.771691
 1407.000000    0.775114
 1412.000000    0.757574
 1417.000000    0.743412
 1422.000000    0.723574
 1427.000000    0.706908
 1432.000000    0.683607
 1437.000000    0.683855
 1442.000000    0.663409
 1447.000000    0.652103
 1452.000000    0.654447
 1457.000000    0.641812
 1462.000000    0.650221
 1467.000000    0.643703
 1472.000000    0.647224
 1477.000000    0.640117
 1482.000000    0.648641
 1487.000000    0.642150
 1492.000000    0.685067
 1497.000000    0.715117
 1502.000000    0.726380
 1507.000000    0.743201
 1512.000000    0.775567
 1517.000000    0.787559
 1522.000000    0.797199
 1527.000000    0.795181
 1532.000000    0.808788
 1537.000000    0.809758
 1542.000000    0.808918
 1547.000000    0.812252
 1552.000000    0.805794
 1557.000000    0.769335
 1562.000000    0.747492
 1567.000000    0.748027
 1572.000000    0.743594
 1577.000000    0.723493
 1582.000000    0.694932
 1587.000000    0.677988
 1592.000000    0.654358
 1597.000000    0.648300
 1602.000000    0.629071
 1607.000000    0.619883
 1612.000000    0.612379
 1617.000000    0.615912
 1622.000000    0.640525
 1627.000000    0.661202
 1632.000000    0.674576
 1637.000000    0.690473
 1642.000000    0.726386
 1647.000000    0.757095
 1652.000000    0.752642
 1657.000000    0.764204
 1662.000000    0.767796
 1667.000000    0.793056
 1672.000000    0.797335
 1677.000000    0.794420
 1682.000000    0.783269
 1687.000000    0.764426
 1692.000000    0.746309
 1697.000000    0.691689
 1702.000000    0.652736
 1707.000000    0.628314
 1712.000000    0.643909
 1717.000000    0.643145
 1722.000000    0.698045
 1727.000000    0.729887
 1732.000000    0.730448
 1737.000000    0.714324
 1742.000000    0.690611
 1747.000000    0.693205
 1752.000000    0.660952
 1757.000000    0.634894
 1762.000000    0.624887
 1767.000000    0.636263
 1772.000000    0.648469
 1777.000000    0.640027
 1782.000000    0.656211
 1787.000000    0.680929
 1792.000000    0.691070
 1797.000000    0.693325
 1802.000000    0.693276
 1807.000000    0.691173
 1812.000000    0.704758
 1817.000000    0.727193
 1822.000000    0.725546
