#  pixel_depth  alphabetafraction   >  Analysis of alpha beta fraction
   52.000000    0.732719
   57.000000    0.712967
   62.000000    0.705677
   67.000000    0.680997
   72.000000    0.683611
   77.000000    0.701799
   82.000000    0.696281
   87.000000    0.688626
   92.000000    0.697208
   97.000000    0.704400
  102.000000    0.706357
  107.000000    0.695734
  112.000000    0.700633
  117.000000    0.678697
  122.000000    0.666608
  127.000000    0.693984
  132.000000    0.682045
  137.000000    0.666934
  142.000000    0.688654
  147.000000    0.708329
  152.000000    0.721172
  157.000000    0.724842
  162.000000    0.750099
  167.000000    0.734545
  172.000000    0.703986
  177.000000    0.687467
  182.000000    0.666159
  187.000000    0.634744
  192.000000    0.628479
  197.000000    0.655198
  202.000000    0.665620
  207.000000    0.671535
  212.000000    0.661162
  217.000000    0.655785
  222.000000    0.677356
  227.000000    0.676484
  232.000000    0.653823
  237.000000    0.638317
  242.000000    0.612909
  247.000000    0.584661
  252.000000    0.564968
  257.000000    0.577063
  262.000000    0.578903
  267.000000    0.603530
  272.000000    0.617890
  277.000000    0.628502
  282.000000    0.653154
  287.000000    0.688368
  292.000000    0.741218
  297.000000    0.774560
  302.000000    0.763827
  307.000000    0.735353
  312.000000    0.718958
  317.000000    0.721963
  322.000000    0.683810
  327.000000    0.643434
  332.000000    0.637173
  337.000000    0.648434
  342.000000    0.624684
  347.000000    0.610462
  352.000000    0.613577
  357.000000    0.612588
  362.000000    0.612446
  367.000000    0.608532
  372.000000    0.616188
  377.000000    0.622306
  382.000000    0.637427
  387.000000    0.649292
  392.000000    0.655527
  397.000000    0.635516
  402.000000    0.657741
  407.000000    0.680567
  412.000000    0.718020
  417.000000    0.708157
  422.000000    0.674027
  427.000000    0.670815
  432.000000    0.653476
  437.000000    0.646531
  442.000000    0.651481
  447.000000    0.647197
  452.000000    0.656402
  457.000000    0.665792
  462.000000    0.672622
  467.000000    0.679558
  472.000000    0.703648
  477.000000    0.726617
  482.000000    0.713347
  487.000000    0.706662
  492.000000    0.710971
  497.000000    0.740211
  502.000000    0.754231
  507.000000    0.718851
  512.000000    0.713657
  517.000000    0.673652
  522.000000    0.648282
  527.000000    0.612265
  532.000000    0.602430
  537.000000    0.613860
  542.000000    0.609637
  547.000000    0.581030
  552.000000    0.546353
  557.000000    0.575298
  562.000000    0.590513
  567.000000    0.620539
  572.000000    0.626109
  577.000000    0.634312
  582.000000    0.622782
  587.000000    0.645814
  592.000000    0.677084
  597.000000    0.714988
  602.000000    0.750234
  607.000000    0.813692
  612.000000    0.818307
  617.000000    0.799101
  622.000000    0.777129
  627.000000    0.768092
  632.000000    0.768089
  637.000000    0.735963
  642.000000    0.705385
  647.000000    0.702438
  652.000000    0.700927
  657.000000    0.710738
  662.000000    0.705083
  667.000000    0.723227
  672.000000    0.685579
  677.000000    0.672342
  682.000000    0.681632
  687.000000    0.703534
  692.000000    0.694044
  697.000000    0.678445
  702.000000    0.664490
  707.000000    0.644428
  712.000000    0.642742
  717.000000    0.642692
  722.000000    0.650490
  727.000000    0.662931
  732.000000    0.661059
  737.000000    0.670024
  742.000000    0.692847
  747.000000    0.692349
  752.000000    0.707514
  757.000000    0.707511
  762.000000    0.689922
  767.000000    0.693237
  772.000000    0.672644
  777.000000    0.657403
  782.000000    0.650951
  787.000000    0.620820
  792.000000    0.618463
  797.000000    0.652880
  802.000000    0.675419
  807.000000    0.683200
  812.000000    0.661069
  817.000000    0.648662
  822.000000    0.600720
  827.000000    0.619357
  832.000000    0.620819
  837.000000    0.651146
  842.000000    0.667063
  847.000000    0.685079
  852.000000    0.673171
  857.000000    0.681161
  862.000000    0.710033
  867.000000    0.711983
  872.000000    0.736080
  877.000000    0.738663
  882.000000    0.740933
  887.000000    0.715550
  892.000000    0.686341
  897.000000    0.664832
  902.000000    0.629067
  907.000000    0.625231
  912.000000    0.609303
  917.000000    0.562997
  922.000000    0.567767
  927.000000    0.578738
  932.000000    0.595638
  937.000000    0.608097
  942.000000    0.607221
  947.000000    0.623013
  952.000000    0.641094
  957.000000    0.683938
  962.000000    0.673049
  967.000000    0.626913
  972.000000    0.603276
  977.000000    0.611050
  982.000000    0.623392
  987.000000    0.618751
  992.000000    0.597819
  997.000000    0.575869
 1002.000000    0.602685
 1007.000000    0.644574
 1012.000000    0.650340
 1017.000000    0.649620
 1022.000000    0.642680
 1027.000000    0.654424
 1032.000000    0.656530
 1037.000000    0.636227
 1042.000000    0.602806
 1047.000000    0.583540
 1052.000000    0.564891
 1057.000000    0.590013
 1062.000000    0.638592
 1067.000000    0.634351
 1072.000000    0.614599
 1077.000000    0.596241
 1082.000000    0.582430
 1087.000000    0.570006
 1092.000000    0.570393
 1097.000000    0.574383
 1102.000000    0.580806
 1107.000000    0.604925
 1112.000000    0.608378
 1117.000000    0.626043
 1122.000000    0.641969
 1127.000000    0.634496
 1132.000000    0.637599
 1137.000000    0.671182
 1142.000000    0.675998
 1147.000000    0.656849
 1152.000000    0.645644
 1157.000000    0.628499
 1162.000000    0.595939
 1167.000000    0.587223
 1172.000000    0.559175
 1177.000000    0.567978
 1182.000000    0.566348
 1187.000000    0.594865
 1192.000000    0.617617
 1197.000000    0.641127
 1202.000000    0.656883
 1207.000000    0.681248
 1212.000000    0.692873
 1217.000000    0.720144
 1222.000000    0.723635
 1227.000000    0.712765
 1232.000000    0.711165
 1237.000000    0.696258
 1242.000000    0.679631
 1247.000000    0.640058
 1252.000000    0.629004
 1257.000000    0.630214
 1262.000000    0.647453
 1267.000000    0.653748
 1272.000000    0.653215
 1277.000000    0.667544
 1282.000000    0.667756
 1287.000000    0.655502
 1292.000000    0.663612
 1297.000000    0.677966
 1302.000000    0.684029
 1307.000000    0.659859
 1312.000000    0.668478
 1317.000000    0.673969
 1322.000000    0.658938
 1327.000000    0.634849
 1332.000000    0.602208
 1337.000000    0.569245
 1342.000000    0.578513
 1347.000000    0.583102
 1352.000000    0.576651
 1357.000000    0.565175
 1362.000000    0.554515
 1367.000000    0.565648
 1372.000000    0.592611
 1377.000000    0.596097
 1382.000000    0.617631
 1387.000000    0.649398
 1392.000000    0.650386
 1397.000000    0.690783
 1402.000000    0.764379
 1407.000000    0.779328
 1412.000000    0.810556
 1417.000000    0.807846
 1422.000000    0.787146
 1427.000000    0.745805
 1432.000000    0.705001
 1437.000000    0.688998
 1442.000000    0.701562
 1447.000000    0.678610
 1452.000000    0.628494
 1457.000000    0.630065
 1462.000000    0.621314
 1467.000000    0.575731
 1472.000000    0.601688
 1477.000000    0.626268
 1482.000000    0.639094
 1487.000000    0.626268
 1492.000000    0.610431
 1497.000000    0.575980
 1502.000000    0.589915
 1507.000000    0.610038
 1512.000000    0.641309
 1517.000000    0.643692
 1522.000000    0.661747
 1527.000000    0.662888
 1532.000000    0.689029
 1537.000000    0.721493
 1542.000000    0.696874
 1547.000000    0.741019
 1552.000000    0.771982
 1557.000000    0.766431
 1562.000000    0.739461
 1567.000000    0.734569
 1572.000000    0.709503
 1577.000000    0.670899
 1582.000000    0.601355
 1587.000000    0.610594
 1592.000000    0.620245
 1597.000000    0.647424
 1602.000000    0.669209
 1607.000000    0.676927
 1612.000000    0.717959
 1617.000000    0.740906
 1622.000000    0.701207
 1627.000000    0.729468
 1632.000000    0.755727
 1637.000000    0.751460
 1642.000000    0.754790
 1647.000000    0.765344
 1652.000000    0.669604
 1657.000000    0.654721
 1662.000000    0.619863
 1667.000000    0.616132
 1672.000000    0.603153
 1677.000000    0.576473
 1682.000000    0.580147
 1687.000000    0.606396
 1692.000000    0.638137
 1697.000000    0.648378
 1702.000000    0.643790
 1707.000000    0.628535
 1712.000000    0.679679
 1717.000000    0.671202
 1722.000000    0.677618
 1727.000000    0.662818
 1732.000000    0.645475
 1737.000000    0.663071
 1742.000000    0.667203
 1747.000000    0.629452
 1752.000000    0.652196
 1757.000000    0.714805
 1762.000000    0.714083
 1767.000000    0.735351
 1772.000000    0.738051
 1777.000000    0.712489
 1782.000000    0.689231
 1787.000000    0.671206
 1792.000000    0.654091
 1797.000000    0.627981
