#  pixel_depth  alphabetafraction   >  Analysis of alpha beta fraction
  258.000000    0.701270
  263.000000    0.714735
  268.000000    0.681012
  273.000000    0.675484
  278.000000    0.688550
  283.000000    0.698908
  288.000000    0.686943
  293.000000    0.698886
  298.000000    0.724913
  303.000000    0.719850
  308.000000    0.727972
  313.000000    0.725123
  318.000000    0.752832
  323.000000    0.788900
  328.000000    0.800044
  333.000000    0.796275
  338.000000    0.783835
  343.000000    0.751732
  348.000000    0.705525
  353.000000    0.671006
  358.000000    0.666992
  363.000000    0.654288
  368.000000    0.660203
  373.000000    0.668488
  378.000000    0.654700
  383.000000    0.641977
  388.000000    0.633612
  393.000000    0.644996
  398.000000    0.684753
  403.000000    0.731049
  408.000000    0.755262
  413.000000    0.752527
  418.000000    0.799655
  423.000000    0.806600
  428.000000    0.826164
  433.000000    0.835852
  438.000000    0.797536
  443.000000    0.779044
  448.000000    0.752204
  453.000000    0.739122
  458.000000    0.727850
  463.000000    0.722921
  468.000000    0.710880
  473.000000    0.706749
  478.000000    0.711882
  483.000000    0.715937
  488.000000    0.721502
  493.000000    0.709920
  498.000000    0.716340
  503.000000    0.700254
  508.000000    0.667775
  513.000000    0.618240
  518.000000    0.581185
  523.000000    0.604713
  528.000000    0.590784
  533.000000    0.585210
  538.000000    0.609185
  543.000000    0.623486
  548.000000    0.662438
  553.000000    0.659490
  558.000000    0.679109
  563.000000    0.712248
  568.000000    0.730988
  573.000000    0.744138
  578.000000    0.749929
  583.000000    0.744938
  588.000000    0.711192
  593.000000    0.729240
  598.000000    0.718917
  603.000000    0.715376
  608.000000    0.744101
  613.000000    0.763206
  618.000000    0.732915
  623.000000    0.715631
  628.000000    0.700063
  633.000000    0.678259
  638.000000    0.646964
  643.000000    0.649053
  648.000000    0.649807
  653.000000    0.658722
  658.000000    0.662011
  663.000000    0.711712
  668.000000    0.728930
  673.000000    0.712185
  678.000000    0.681673
  683.000000    0.640538
  688.000000    0.626798
  693.000000    0.602997
  698.000000    0.607937
  703.000000    0.623428
  708.000000    0.668901
  713.000000    0.697802
  718.000000    0.698081
  723.000000    0.696471
  728.000000    0.710414
  733.000000    0.718090
  738.000000    0.718069
  743.000000    0.697985
  748.000000    0.703829
  753.000000    0.671612
  758.000000    0.636632
  763.000000    0.626310
  768.000000    0.618332
  773.000000    0.655504
  778.000000    0.704299
  783.000000    0.701827
  788.000000    0.689763
  793.000000    0.703393
  798.000000    0.706073
  803.000000    0.709598
  808.000000    0.708082
  813.000000    0.695786
  818.000000    0.702853
  823.000000    0.726706
  828.000000    0.715844
  833.000000    0.737445
  838.000000    0.746652
  843.000000    0.747027
  848.000000    0.719116
  853.000000    0.717082
  858.000000    0.695773
  863.000000    0.680021
  868.000000    0.672351
  873.000000    0.695403
  878.000000    0.722040
  883.000000    0.738205
  888.000000    0.725644
  893.000000    0.716408
  898.000000    0.693744
  903.000000    0.680841
  908.000000    0.675378
  913.000000    0.674519
  918.000000    0.700236
  923.000000    0.687448
  928.000000    0.675955
  933.000000    0.684056
  938.000000    0.672970
  943.000000    0.681848
  948.000000    0.706202
  953.000000    0.731598
  958.000000    0.767171
  963.000000    0.759326
  968.000000    0.742008
  973.000000    0.755749
  978.000000    0.736290
  983.000000    0.726245
  988.000000    0.730758
  993.000000    0.734600
  998.000000    0.726097
 1003.000000    0.714128
 1008.000000    0.705049
 1013.000000    0.697556
 1018.000000    0.686519
 1023.000000    0.686578
 1028.000000    0.748566
 1033.000000    0.741947
 1038.000000    0.720143
 1043.000000    0.700109
 1048.000000    0.712549
 1053.000000    0.705600
 1058.000000    0.700177
 1063.000000    0.679658
 1068.000000    0.650504
 1073.000000    0.631446
 1078.000000    0.630834
 1083.000000    0.653732
 1088.000000    0.623236
 1093.000000    0.599795
 1098.000000    0.586857
 1103.000000    0.578395
 1108.000000    0.585906
 1113.000000    0.618654
 1118.000000    0.659308
 1123.000000    0.673055
 1128.000000    0.667099
 1133.000000    0.684817
 1138.000000    0.705726
 1143.000000    0.727030
 1148.000000    0.733030
 1153.000000    0.706577
 1158.000000    0.711200
 1163.000000    0.701958
 1168.000000    0.681685
 1173.000000    0.694760
 1178.000000    0.716314
 1183.000000    0.725295
 1188.000000    0.739487
 1193.000000    0.735453
 1198.000000    0.768123
 1203.000000    0.750204
 1208.000000    0.732388
 1213.000000    0.702356
 1218.000000    0.678887
 1223.000000    0.640784
 1228.000000    0.593279
 1233.000000    0.597605
 1238.000000    0.585135
 1243.000000    0.592091
 1248.000000    0.626009
 1253.000000    0.682483
 1258.000000    0.693331
 1263.000000    0.656035
 1268.000000    0.663643
 1273.000000    0.692449
 1278.000000    0.701922
 1283.000000    0.694961
 1288.000000    0.671891
 1293.000000    0.634106
 1298.000000    0.610591
 1303.000000    0.571528
 1308.000000    0.567132
 1313.000000    0.567101
 1318.000000    0.568290
 1323.000000    0.583021
 1328.000000    0.625476
 1333.000000    0.666764
 1338.000000    0.671866
 1343.000000    0.670351
 1348.000000    0.664598
 1353.000000    0.663190
 1358.000000    0.651604
 1363.000000    0.666150
 1368.000000    0.669661
 1373.000000    0.684616
 1378.000000    0.706622
 1383.000000    0.714653
 1388.000000    0.702934
 1393.000000    0.719553
 1398.000000    0.720992
 1403.000000    0.716956
 1408.000000    0.707062
 1413.000000    0.729314
 1418.000000    0.737232
 1423.000000    0.744586
 1428.000000    0.760904
 1433.000000    0.780191
 1438.000000    0.785549
 1443.000000    0.770403
 1448.000000    0.759681
 1453.000000    0.720585
 1458.000000    0.683562
 1463.000000    0.683675
 1468.000000    0.717278
 1473.000000    0.718914
 1478.000000    0.708761
 1483.000000    0.685600
 1488.000000    0.643770
 1493.000000    0.667758
 1498.000000    0.652852
 1503.000000    0.639708
 1508.000000    0.651919
 1513.000000    0.670654
 1518.000000    0.685564
 1523.000000    0.695405
 1528.000000    0.698282
 1533.000000    0.713311
 1538.000000    0.688927
 1543.000000    0.636879
 1548.000000    0.631212
 1553.000000    0.641667
 1558.000000    0.650693
 1563.000000    0.672739
 1568.000000    0.670514
 1573.000000    0.650920
 1578.000000    0.674900
 1583.000000    0.698490
 1588.000000    0.713686
 1593.000000    0.731195
 1598.000000    0.705971
 1603.000000    0.699329
 1608.000000    0.692481
 1613.000000    0.693379
 1618.000000    0.704868
 1623.000000    0.695398
 1628.000000    0.661070
 1633.000000    0.637695
 1638.000000    0.621817
 1643.000000    0.633702
 1648.000000    0.646523
 1653.000000    0.668200
 1658.000000    0.632450
 1663.000000    0.656008
 1668.000000    0.719421
 1673.000000    0.732628
 1678.000000    0.728996
 1683.000000    0.703830
 1688.000000    0.685866
 1693.000000    0.648875
 1698.000000    0.656786
 1703.000000    0.655850
 1708.000000    0.640093
 1713.000000    0.643124
 1718.000000    0.631689
 1723.000000    0.627876
 1728.000000    0.616157
 1733.000000    0.609956
 1738.000000    0.619809
 1743.000000    0.639551
 1748.000000    0.659465
 1753.000000    0.669101
 1758.000000    0.671398
 1763.000000    0.663643
 1768.000000    0.684743
 1773.000000    0.721100
 1778.000000    0.753494
 1783.000000    0.782912
 1788.000000    0.774664
 1793.000000    0.783840
 1798.000000    0.782396
 1803.000000    0.727242
 1808.000000    0.703741
 1813.000000    0.675696
 1818.000000    0.666626
 1823.000000    0.664468
 1828.000000    0.671845
 1833.000000    0.641558
 1838.000000    0.654985
 1843.000000    0.667931
 1848.000000    0.673437
 1853.000000    0.671574
 1858.000000    0.693263
 1863.000000    0.703747
 1868.000000    0.723022
 1873.000000    0.750404
 1878.000000    0.762584
 1883.000000    0.757499
 1888.000000    0.761715
 1893.000000    0.764783
 1898.000000    0.781251
 1903.000000    0.780100
 1908.000000    0.758897
 1913.000000    0.713918
 1918.000000    0.683089
 1923.000000    0.663909
 1928.000000    0.622906
 1933.000000    0.577078
 1938.000000    0.575007
 1943.000000    0.600587
