#  pixel_depth  alphabetafraction   >  Analysis of alpha beta fraction
   54.000000    0.678992
   59.000000    0.702972
   64.000000    0.675161
   69.000000    0.664988
   74.000000    0.659837
   79.000000    0.653735
   84.000000    0.652911
   89.000000    0.663742
   94.000000    0.661545
   99.000000    0.707046
  104.000000    0.725849
  109.000000    0.761803
  114.000000    0.789340
  119.000000    0.796104
  124.000000    0.772818
  129.000000    0.760245
  134.000000    0.754370
  139.000000    0.762988
  144.000000    0.770321
  149.000000    0.746621
  154.000000    0.760496
  159.000000    0.779926
  164.000000    0.802863
  169.000000    0.785054
  174.000000    0.793591
  179.000000    0.802132
  184.000000    0.783241
  189.000000    0.778760
  194.000000    0.749943
  199.000000    0.737392
  204.000000    0.705792
  209.000000    0.706427
  214.000000    0.691194
  219.000000    0.711819
  224.000000    0.740740
  229.000000    0.754423
  234.000000    0.775518
  239.000000    0.819683
  244.000000    0.852040
  249.000000    0.846629
  254.000000    0.837162
  259.000000    0.824311
  264.000000    0.782169
  269.000000    0.778247
  274.000000    0.778798
  279.000000    0.749315
  284.000000    0.723059
  289.000000    0.710000
  294.000000    0.708067
  299.000000    0.702237
  304.000000    0.702557
  309.000000    0.687819
  314.000000    0.698605
  319.000000    0.702843
  324.000000    0.688432
  329.000000    0.707936
  334.000000    0.709652
  339.000000    0.738279
  344.000000    0.760168
  349.000000    0.772570
  354.000000    0.794766
  359.000000    0.781464
  364.000000    0.790178
  369.000000    0.797344
  374.000000    0.809234
  379.000000    0.813332
  384.000000    0.816457
  389.000000    0.776010
  394.000000    0.762004
  399.000000    0.754561
  404.000000    0.736830
  409.000000    0.726425
  414.000000    0.738180
  419.000000    0.754278
  424.000000    0.753759
  429.000000    0.752463
  434.000000    0.777106
  439.000000    0.795266
  444.000000    0.788124
  449.000000    0.791925
  454.000000    0.771857
  459.000000    0.743718
  464.000000    0.717953
  469.000000    0.742551
  474.000000    0.746010
  479.000000    0.773000
  484.000000    0.775427
  489.000000    0.753018
  494.000000    0.745469
  499.000000    0.728366
  504.000000    0.715894
  509.000000    0.700903
  514.000000    0.699599
  519.000000    0.667428
  524.000000    0.693988
  529.000000    0.709934
  534.000000    0.739230
  539.000000    0.751245
  544.000000    0.750535
  549.000000    0.749631
  554.000000    0.772807
  559.000000    0.797117
  564.000000    0.823122
  569.000000    0.833358
  574.000000    0.847752
  579.000000    0.848292
  584.000000    0.828983
  589.000000    0.815109
  594.000000    0.806447
  599.000000    0.810575
  604.000000    0.791733
  609.000000    0.790352
  614.000000    0.769041
  619.000000    0.772000
  624.000000    0.764383
  629.000000    0.763254
  634.000000    0.760204
  639.000000    0.748754
  644.000000    0.741855
  649.000000    0.746375
  654.000000    0.759952
  659.000000    0.804213
  664.000000    0.822733
  669.000000    0.798163
  674.000000    0.760453
  679.000000    0.756931
  684.000000    0.746138
  689.000000    0.756124
  694.000000    0.783649
  699.000000    0.784584
  704.000000    0.773704
  709.000000    0.811420
  714.000000    0.824731
  719.000000    0.813363
  724.000000    0.789332
  729.000000    0.778233
  734.000000    0.779426
  739.000000    0.794056
  744.000000    0.787616
  749.000000    0.772715
  754.000000    0.757933
  759.000000    0.729140
  764.000000    0.709682
  769.000000    0.704186
  774.000000    0.714831
  779.000000    0.765180
  784.000000    0.791937
  789.000000    0.804001
  794.000000    0.824931
  799.000000    0.844741
  804.000000    0.872606
  809.000000    0.867424
  814.000000    0.884935
  819.000000    0.902803
  824.000000    0.911106
  829.000000    0.915585
  834.000000    0.902806
  839.000000    0.872313
  844.000000    0.816181
  849.000000    0.779757
  854.000000    0.782745
  859.000000    0.790494
  864.000000    0.776994
  869.000000    0.805584
  874.000000    0.814767
  879.000000    0.784282
  884.000000    0.777611
  889.000000    0.763173
  894.000000    0.742624
  899.000000    0.788709
  904.000000    0.810781
  909.000000    0.839498
  914.000000    0.850437
  919.000000    0.823417
  924.000000    0.815539
  929.000000    0.810646
  934.000000    0.813234
  939.000000    0.832522
  944.000000    0.834995
  949.000000    0.853892
  954.000000    0.877747
  959.000000    0.886826
  964.000000    0.910198
  969.000000    0.920120
  974.000000    0.912033
  979.000000    0.909650
  984.000000    0.891946
  989.000000    0.857384
  994.000000    0.817640
  999.000000    0.746479
 1004.000000    0.737008
 1009.000000    0.747254
 1014.000000    0.783452
 1019.000000    0.778809
 1024.000000    0.810506
 1029.000000    0.814770
 1034.000000    0.831951
 1039.000000    0.855245
 1044.000000    0.852242
 1049.000000    0.825129
 1054.000000    0.812655
 1059.000000    0.822042
 1064.000000    0.802998
 1069.000000    0.788897
 1074.000000    0.786081
 1079.000000    0.787068
 1084.000000    0.797038
 1089.000000    0.824147
 1094.000000    0.818543
 1099.000000    0.770426
 1104.000000    0.760857
 1109.000000    0.738956
 1114.000000    0.758071
 1119.000000    0.778799
 1124.000000    0.823667
 1129.000000    0.852803
 1134.000000    0.841692
 1139.000000    0.847630
 1144.000000    0.839595
 1149.000000    0.810855
 1154.000000    0.803887
 1159.000000    0.746234
 1164.000000    0.717035
 1169.000000    0.759880
 1174.000000    0.776572
 1179.000000    0.784397
 1184.000000    0.797960
 1189.000000    0.808534
 1194.000000    0.811947
 1199.000000    0.818787
 1204.000000    0.820972
 1209.000000    0.839255
 1214.000000    0.828472
 1219.000000    0.827891
 1224.000000    0.844636
 1229.000000    0.853946
 1234.000000    0.850168
 1239.000000    0.825538
 1244.000000    0.815179
 1249.000000    0.793730
 1254.000000    0.770925
 1259.000000    0.746933
 1264.000000    0.741191
 1269.000000    0.743909
 1274.000000    0.783702
 1279.000000    0.791847
 1284.000000    0.787941
 1289.000000    0.797277
 1294.000000    0.820730
 1299.000000    0.856216
 1304.000000    0.822333
 1309.000000    0.820605
 1314.000000    0.834549
 1319.000000    0.832291
 1324.000000    0.835612
 1329.000000    0.852142
 1334.000000    0.860774
 1339.000000    0.850865
 1344.000000    0.834867
 1349.000000    0.824772
 1354.000000    0.829437
 1359.000000    0.823667
 1364.000000    0.809623
 1369.000000    0.804313
 1374.000000    0.779935
 1379.000000    0.786944
 1384.000000    0.791595
 1389.000000    0.784432
 1394.000000    0.776295
 1399.000000    0.758048
 1404.000000    0.733658
 1409.000000    0.779544
 1414.000000    0.821534
 1419.000000    0.844525
 1424.000000    0.852027
 1429.000000    0.825090
 1434.000000    0.838253
 1439.000000    0.801023
 1444.000000    0.787430
 1449.000000    0.794987
 1454.000000    0.792148
 1459.000000    0.795540
 1464.000000    0.795687
 1469.000000    0.785606
 1474.000000    0.767160
 1479.000000    0.782638
 1484.000000    0.763668
 1489.000000    0.783444
 1494.000000    0.782912
 1499.000000    0.823121
 1504.000000    0.839422
 1509.000000    0.841313
 1514.000000    0.848469
 1519.000000    0.840165
 1524.000000    0.808026
 1529.000000    0.786055
 1534.000000    0.793683
 1539.000000    0.800611
 1544.000000    0.802965
 1549.000000    0.802580
 1554.000000    0.797211
 1559.000000    0.780790
 1564.000000    0.791751
 1569.000000    0.774897
 1574.000000    0.777602
 1579.000000    0.784741
 1584.000000    0.769269
 1589.000000    0.745780
 1594.000000    0.715427
 1599.000000    0.694427
 1604.000000    0.680719
 1609.000000    0.682845
 1614.000000    0.732017
 1619.000000    0.781193
 1624.000000    0.794444
 1629.000000    0.808607
 1634.000000    0.781955
 1639.000000    0.754843
 1644.000000    0.790108
 1649.000000    0.839536
 1654.000000    0.848167
 1659.000000    0.836789
 1664.000000    0.808691
 1669.000000    0.769269
 1674.000000    0.762001
 1679.000000    0.751229
 1684.000000    0.756906
 1689.000000    0.797873
 1694.000000    0.806197
 1699.000000    0.826905
 1704.000000    0.810915
 1709.000000    0.816195
 1714.000000    0.821488
 1719.000000    0.816934
 1724.000000    0.813423
 1729.000000    0.796584
 1734.000000    0.793652
 1739.000000    0.779831
 1744.000000    0.794233
 1749.000000    0.787331
 1754.000000    0.795730
 1759.000000    0.796065
 1764.000000    0.805657
 1769.000000    0.818782
 1774.000000    0.832453
 1779.000000    0.863602
 1784.000000    0.858231
 1789.000000    0.873012
 1794.000000    0.879195
