#  pixel_depth  alphabetafraction   >  Analysis of alpha beta fraction
  167.000000    0.835454
  172.000000    0.853311
  177.000000    0.859964
  182.000000    0.826950
  187.000000    0.810759
  192.000000    0.787953
  197.000000    0.777192
  202.000000    0.744449
  207.000000    0.736151
  212.000000    0.700446
  217.000000    0.679328
  222.000000    0.687836
  227.000000    0.703314
  232.000000    0.715716
  237.000000    0.705953
  242.000000    0.672925
  247.000000    0.698061
  252.000000    0.706259
  257.000000    0.717421
  262.000000    0.746012
  267.000000    0.739395
  272.000000    0.761634
  277.000000    0.768532
  282.000000    0.775800
  287.000000    0.779644
  292.000000    0.784124
  297.000000    0.785230
  302.000000    0.729428
  307.000000    0.721244
  312.000000    0.731082
  317.000000    0.732383
  322.000000    0.734422
  327.000000    0.712821
  332.000000    0.674975
  337.000000    0.670103
  342.000000    0.627213
  347.000000    0.645426
  352.000000    0.668727
  357.000000    0.686331
  362.000000    0.699278
  367.000000    0.700987
  372.000000    0.705952
  377.000000    0.701572
  382.000000    0.696187
  387.000000    0.708976
  392.000000    0.709256
  397.000000    0.708990
  402.000000    0.688136
  407.000000    0.678821
  412.000000    0.687845
  417.000000    0.704270
  422.000000    0.715470
  427.000000    0.695162
  432.000000    0.674941
  437.000000    0.648311
  442.000000    0.645824
  447.000000    0.653755
  452.000000    0.647836
  457.000000    0.634862
  462.000000    0.687936
  467.000000    0.686266
  472.000000    0.693190
  477.000000    0.710373
  482.000000    0.733440
  487.000000    0.758260
  492.000000    0.775519
  497.000000    0.764233
  502.000000    0.786551
  507.000000    0.770138
  512.000000    0.753475
  517.000000    0.750391
  522.000000    0.712565
  527.000000    0.674883
  532.000000    0.665822
  537.000000    0.651949
  542.000000    0.662636
  547.000000    0.657987
  552.000000    0.667967
  557.000000    0.670063
  562.000000    0.671870
  567.000000    0.676198
  572.000000    0.683832
  577.000000    0.728364
  582.000000    0.753142
  587.000000    0.779712
  592.000000    0.800647
  597.000000    0.811763
  602.000000    0.820718
  607.000000    0.781506
  612.000000    0.746224
  617.000000    0.724144
  622.000000    0.714675
  627.000000    0.684324
  632.000000    0.662865
  637.000000    0.679542
  642.000000    0.691908
  647.000000    0.701324
  652.000000    0.697782
  657.000000    0.706819
  662.000000    0.685097
  667.000000    0.694211
  672.000000    0.692824
  677.000000    0.699175
  682.000000    0.692920
  687.000000    0.726820
  692.000000    0.736158
  697.000000    0.739433
  702.000000    0.684628
  707.000000    0.656019
  712.000000    0.653958
  717.000000    0.656826
  722.000000    0.672889
  727.000000    0.653276
  732.000000    0.641035
  737.000000    0.655302
  742.000000    0.668489
  747.000000    0.669645
  752.000000    0.662897
  757.000000    0.659745
  762.000000    0.664597
  767.000000    0.680552
  772.000000    0.689479
  777.000000    0.681938
  782.000000    0.669144
  787.000000    0.658247
  792.000000    0.644476
  797.000000    0.610330
  802.000000    0.606290
  807.000000    0.636030
  812.000000    0.669937
  817.000000    0.659064
  822.000000    0.684640
  827.000000    0.710180
  832.000000    0.726407
  837.000000    0.711984
  842.000000    0.728461
  847.000000    0.776146
  852.000000    0.775412
  857.000000    0.762825
  862.000000    0.767786
  867.000000    0.755838
  872.000000    0.749054
  877.000000    0.760185
  882.000000    0.789512
  887.000000    0.798197
  892.000000    0.785516
  897.000000    0.759555
  902.000000    0.740084
  907.000000    0.751167
  912.000000    0.755564
  917.000000    0.739198
  922.000000    0.722692
  927.000000    0.701218
  932.000000    0.720538
  937.000000    0.675954
  942.000000    0.681665
  947.000000    0.681154
  952.000000    0.655978
  957.000000    0.655255
  962.000000    0.658983
  967.000000    0.645993
  972.000000    0.646590
  977.000000    0.661205
  982.000000    0.688045
  987.000000    0.732173
  992.000000    0.752935
  997.000000    0.795587
 1002.000000    0.807414
 1007.000000    0.816516
 1012.000000    0.823700
 1017.000000    0.813335
 1022.000000    0.809975
 1027.000000    0.805803
 1032.000000    0.800677
 1037.000000    0.813554
 1042.000000    0.821864
 1047.000000    0.818872
 1052.000000    0.809863
 1057.000000    0.761055
 1062.000000    0.737984
 1067.000000    0.706363
 1072.000000    0.670727
 1077.000000    0.662546
 1082.000000    0.659286
 1087.000000    0.645443
 1092.000000    0.634894
 1097.000000    0.636689
 1102.000000    0.670611
 1107.000000    0.683707
 1112.000000    0.639430
 1117.000000    0.634792
 1122.000000    0.607125
 1127.000000    0.665257
 1132.000000    0.738446
 1137.000000    0.782483
 1142.000000    0.797002
 1147.000000    0.778244
 1152.000000    0.756719
 1157.000000    0.768106
 1162.000000    0.772637
 1167.000000    0.778925
 1172.000000    0.759574
 1177.000000    0.764837
 1182.000000    0.756501
 1187.000000    0.738619
 1192.000000    0.713963
 1197.000000    0.680443
 1202.000000    0.678039
 1207.000000    0.683766
 1212.000000    0.681357
 1217.000000    0.657763
 1222.000000    0.646329
 1227.000000    0.647533
 1232.000000    0.645004
 1237.000000    0.654339
 1242.000000    0.678600
 1247.000000    0.705861
 1252.000000    0.715861
 1257.000000    0.710670
 1262.000000    0.723471
 1267.000000    0.717262
 1272.000000    0.718002
 1277.000000    0.736669
 1282.000000    0.759931
 1287.000000    0.766628
 1292.000000    0.771210
 1297.000000    0.773558
 1302.000000    0.760272
 1307.000000    0.756846
 1312.000000    0.747532
 1317.000000    0.722713
 1322.000000    0.715135
 1327.000000    0.696305
 1332.000000    0.673163
 1337.000000    0.640039
 1342.000000    0.642479
 1347.000000    0.645258
 1352.000000    0.653854
 1357.000000    0.683738
 1362.000000    0.686504
 1367.000000    0.703699
 1372.000000    0.668407
 1377.000000    0.645702
 1382.000000    0.638117
 1387.000000    0.638090
 1392.000000    0.632644
 1397.000000    0.642101
 1402.000000    0.648498
 1407.000000    0.668537
 1412.000000    0.659529
 1417.000000    0.660548
 1422.000000    0.658136
 1427.000000    0.646897
 1432.000000    0.631221
 1437.000000    0.619710
 1442.000000    0.620424
 1447.000000    0.623653
 1452.000000    0.607305
 1457.000000    0.596818
 1462.000000    0.605256
 1467.000000    0.627800
 1472.000000    0.643948
 1477.000000    0.652327
 1482.000000    0.657668
 1487.000000    0.657477
 1492.000000    0.681319
 1497.000000    0.681609
 1502.000000    0.683392
 1507.000000    0.700511
 1512.000000    0.701835
 1517.000000    0.690382
 1522.000000    0.698445
 1527.000000    0.686639
 1532.000000    0.690927
 1537.000000    0.684286
 1542.000000    0.650353
 1547.000000    0.625508
 1552.000000    0.602388
 1557.000000    0.571586
 1562.000000    0.529447
 1567.000000    0.533947
 1572.000000    0.553098
 1577.000000    0.569918
 1582.000000    0.589577
 1587.000000    0.631967
 1592.000000    0.641571
 1597.000000    0.633484
 1602.000000    0.660629
 1607.000000    0.705634
 1612.000000    0.740302
 1617.000000    0.746645
 1622.000000    0.759253
 1627.000000    0.753745
 1632.000000    0.777937
 1637.000000    0.747877
 1642.000000    0.713866
 1647.000000    0.708679
 1652.000000    0.711541
 1657.000000    0.698624
 1662.000000    0.701616
 1667.000000    0.699313
 1672.000000    0.740877
 1677.000000    0.739629
 1682.000000    0.732276
 1687.000000    0.753551
 1692.000000    0.755851
 1697.000000    0.750632
 1702.000000    0.728576
 1707.000000    0.708933
 1712.000000    0.690885
 1717.000000    0.662440
 1722.000000    0.663993
 1727.000000    0.669514
 1732.000000    0.671088
 1737.000000    0.680004
 1742.000000    0.711517
 1747.000000    0.708343
 1752.000000    0.685011
 1757.000000    0.667492
 1762.000000    0.657909
 1767.000000    0.631312
 1772.000000    0.670195
 1777.000000    0.715089
 1782.000000    0.745614
 1787.000000    0.762453
 1792.000000    0.772101
 1797.000000    0.778548
 1802.000000    0.772792
 1807.000000    0.780171
 1812.000000    0.804844
 1817.000000    0.796061
 1822.000000    0.798564
 1827.000000    0.782646
 1832.000000    0.786577
 1837.000000    0.779561
 1842.000000    0.752805
 1847.000000    0.736944
 1852.000000    0.743156
 1857.000000    0.727927
 1862.000000    0.704941
 1867.000000    0.688916
 1872.000000    0.652580
 1877.000000    0.629155
 1882.000000    0.646277
 1887.000000    0.681366
 1892.000000    0.706240
 1897.000000    0.713504
 1902.000000    0.724189
 1907.000000    0.729217
 1912.000000    0.774573
 1917.000000    0.813059
 1922.000000    0.818072
 1927.000000    0.816057
 1932.000000    0.791092
 1937.000000    0.768928
 1942.000000    0.788893
