#  pixel_depth  alphabetafraction   >  Analysis of alpha beta fraction
   53.000000    0.660898
   58.000000    0.697789
   63.000000    0.713997
   68.000000    0.761737
   73.000000    0.739419
   78.000000    0.744978
   83.000000    0.796066
   88.000000    0.820899
   93.000000    0.829209
   98.000000    0.832902
  103.000000    0.818943
  108.000000    0.776129
  113.000000    0.760074
  118.000000    0.731778
  123.000000    0.700657
  128.000000    0.686232
  133.000000    0.672977
  138.000000    0.693862
  143.000000    0.724799
  148.000000    0.760228
  153.000000    0.788690
  158.000000    0.810136
  163.000000    0.803077
  168.000000    0.759001
  173.000000    0.764808
  178.000000    0.780296
  183.000000    0.781902
  188.000000    0.767044
  193.000000    0.734788
  198.000000    0.713800
  203.000000    0.717961
  208.000000    0.722216
  213.000000    0.720036
  218.000000    0.735532
  223.000000    0.730583
  228.000000    0.706129
  233.000000    0.701818
  238.000000    0.719056
  243.000000    0.733709
  248.000000    0.712019
  253.000000    0.710803
  258.000000    0.703903
  263.000000    0.735139
  268.000000    0.735521
  273.000000    0.733374
  278.000000    0.793001
  283.000000    0.817830
  288.000000    0.809985
  293.000000    0.785955
  298.000000    0.757886
  303.000000    0.743168
  308.000000    0.714358
  313.000000    0.674549
  318.000000    0.628494
  323.000000    0.597106
  328.000000    0.604368
  333.000000    0.641857
  338.000000    0.677369
  343.000000    0.676104
  348.000000    0.748545
  353.000000    0.755131
  358.000000    0.774913
  363.000000    0.781165
  368.000000    0.752386
  373.000000    0.743437
  378.000000    0.722135
  383.000000    0.740174
  388.000000    0.767842
  393.000000    0.745582
  398.000000    0.722766
  403.000000    0.685411
  408.000000    0.670179
  413.000000    0.664328
  418.000000    0.686250
  423.000000    0.696790
  428.000000    0.697219
  433.000000    0.730651
  438.000000    0.754139
  443.000000    0.742422
  448.000000    0.737306
  453.000000    0.739241
  458.000000    0.747374
  463.000000    0.749492
  468.000000    0.715515
  473.000000    0.723239
  478.000000    0.700328
  483.000000    0.669308
  488.000000    0.708772
  493.000000    0.718553
  498.000000    0.745740
  503.000000    0.740622
  508.000000    0.744149
  513.000000    0.754654
  518.000000    0.719649
  523.000000    0.677159
  528.000000    0.674481
  533.000000    0.670272
  538.000000    0.694611
  543.000000    0.725331
  548.000000    0.742970
  553.000000    0.743985
  558.000000    0.757018
  563.000000    0.748304
  568.000000    0.728697
  573.000000    0.720414
  578.000000    0.707255
  583.000000    0.722356
  588.000000    0.729332
  593.000000    0.746261
  598.000000    0.747413
  603.000000    0.734970
  608.000000    0.712921
  613.000000    0.711461
  618.000000    0.717136
  623.000000    0.732885
  628.000000    0.727885
  633.000000    0.733795
  638.000000    0.740866
  643.000000    0.726412
  648.000000    0.718331
  653.000000    0.709133
  658.000000    0.721724
  663.000000    0.729703
  668.000000    0.745116
  673.000000    0.747888
  678.000000    0.752314
  683.000000    0.759639
  688.000000    0.749806
  693.000000    0.761594
  698.000000    0.754770
  703.000000    0.758075
  708.000000    0.727699
  713.000000    0.733880
  718.000000    0.753124
  723.000000    0.740060
  728.000000    0.722889
  733.000000    0.698936
  738.000000    0.705591
  743.000000    0.732443
  748.000000    0.729606
  753.000000    0.735024
  758.000000    0.738646
  763.000000    0.754245
  768.000000    0.732649
  773.000000    0.693113
  778.000000    0.684316
  783.000000    0.714095
  788.000000    0.734232
  793.000000    0.738738
  798.000000    0.756159
  803.000000    0.768901
  808.000000    0.759310
  813.000000    0.751675
  818.000000    0.752894
  823.000000    0.760760
  828.000000    0.753613
  833.000000    0.752353
  838.000000    0.718038
  843.000000    0.694127
  848.000000    0.696707
  853.000000    0.712577
  858.000000    0.749505
  863.000000    0.780146
  868.000000    0.795768
  873.000000    0.752449
  878.000000    0.721770
  883.000000    0.723615
  888.000000    0.749804
  893.000000    0.772638
  898.000000    0.777322
  903.000000    0.779969
  908.000000    0.753071
  913.000000    0.722460
  918.000000    0.704969
  923.000000    0.710700
  928.000000    0.725847
  933.000000    0.738763
  938.000000    0.770982
  943.000000    0.788338
  948.000000    0.768367
  953.000000    0.745669
  958.000000    0.731762
  963.000000    0.746613
  968.000000    0.734514
  973.000000    0.694280
  978.000000    0.676809
  983.000000    0.684783
  988.000000    0.726815
  993.000000    0.728271
  998.000000    0.719793
 1003.000000    0.693997
 1008.000000    0.684096
 1013.000000    0.700840
 1018.000000    0.713490
 1023.000000    0.726294
 1028.000000    0.701203
 1033.000000    0.677042
 1038.000000    0.685796
 1043.000000    0.699488
 1048.000000    0.703606
 1053.000000    0.724284
 1058.000000    0.718451
 1063.000000    0.706582
 1068.000000    0.743293
 1073.000000    0.739968
 1078.000000    0.748094
 1083.000000    0.760736
 1088.000000    0.745076
 1093.000000    0.739733
 1098.000000    0.744479
 1103.000000    0.725151
 1108.000000    0.644974
 1113.000000    0.639416
 1118.000000    0.624994
 1123.000000    0.643075
 1128.000000    0.681567
 1133.000000    0.690291
 1138.000000    0.680041
 1143.000000    0.688487
 1148.000000    0.683081
 1153.000000    0.673746
 1158.000000    0.652859
 1163.000000    0.676746
 1168.000000    0.694227
 1173.000000    0.729189
 1178.000000    0.734894
 1183.000000    0.731944
 1188.000000    0.706226
 1193.000000    0.687442
 1198.000000    0.674600
 1203.000000    0.670562
 1208.000000    0.724580
 1213.000000    0.715005
 1218.000000    0.666254
 1223.000000    0.651818
 1228.000000    0.701109
 1233.000000    0.716868
 1238.000000    0.708693
 1243.000000    0.690942
 1248.000000    0.674283
 1253.000000    0.667586
 1258.000000    0.678372
 1263.000000    0.678564
 1268.000000    0.690950
 1273.000000    0.723288
 1278.000000    0.727783
 1283.000000    0.701122
 1288.000000    0.662596
 1293.000000    0.633841
 1298.000000    0.605743
 1303.000000    0.595436
 1308.000000    0.604654
 1313.000000    0.627033
 1318.000000    0.656044
 1323.000000    0.683247
 1328.000000    0.696013
 1333.000000    0.739815
 1338.000000    0.761764
 1343.000000    0.754918
 1348.000000    0.731254
 1353.000000    0.737569
 1358.000000    0.744166
 1363.000000    0.740494
 1368.000000    0.762597
 1373.000000    0.770811
 1378.000000    0.780421
 1383.000000    0.782354
 1388.000000    0.755049
 1393.000000    0.719957
 1398.000000    0.676747
 1403.000000    0.641515
 1408.000000    0.659408
 1413.000000    0.669946
 1418.000000    0.658797
 1423.000000    0.661167
 1428.000000    0.652585
 1433.000000    0.631548
 1438.000000    0.611219
 1443.000000    0.616145
 1448.000000    0.629362
 1453.000000    0.683416
 1458.000000    0.725923
 1463.000000    0.756004
 1468.000000    0.803270
 1473.000000    0.820427
 1478.000000    0.810825
 1483.000000    0.797816
 1488.000000    0.765747
 1493.000000    0.745745
 1498.000000    0.713546
 1503.000000    0.686035
 1508.000000    0.703300
 1513.000000    0.678853
 1518.000000    0.654356
 1523.000000    0.620153
 1528.000000    0.591884
 1533.000000    0.564855
 1538.000000    0.570173
 1543.000000    0.596714
 1548.000000    0.599979
 1553.000000    0.599197
 1558.000000    0.636627
 1563.000000    0.664892
 1568.000000    0.673509
 1573.000000    0.708845
 1578.000000    0.753057
 1583.000000    0.740511
 1588.000000    0.751818
 1593.000000    0.758263
 1598.000000    0.762750
 1603.000000    0.792723
 1608.000000    0.805556
 1613.000000    0.811795
 1618.000000    0.810537
 1623.000000    0.806741
 1628.000000    0.790440
 1633.000000    0.767893
 1638.000000    0.733275
 1643.000000    0.680904
 1648.000000    0.637486
 1653.000000    0.626000
 1658.000000    0.637896
 1663.000000    0.646617
 1668.000000    0.676792
 1673.000000    0.722180
