#  pixel_depth  alphabetafraction   >  Analysis of alpha beta fraction
   74.000000    0.736918
   79.000000    0.735093
   84.000000    0.734048
   89.000000    0.717959
   94.000000    0.700065
   99.000000    0.713901
  104.000000    0.747900
  109.000000    0.755956
  114.000000    0.779753
  119.000000    0.805738
  124.000000    0.788184
  129.000000    0.773306
  134.000000    0.785851
  139.000000    0.764751
  144.000000    0.735376
  149.000000    0.741365
  154.000000    0.718593
  159.000000    0.687735
  164.000000    0.669921
  169.000000    0.680393
  174.000000    0.702104
  179.000000    0.690207
  184.000000    0.694862
  189.000000    0.718990
  194.000000    0.715332
  199.000000    0.713924
  204.000000    0.743765
  209.000000    0.754151
  214.000000    0.721781
  219.000000    0.729474
  224.000000    0.738075
  229.000000    0.745719
  234.000000    0.705459
  239.000000    0.690057
  244.000000    0.687832
  249.000000    0.669847
  254.000000    0.636417
  259.000000    0.599714
  264.000000    0.647465
  269.000000    0.674381
  274.000000    0.707717
  279.000000    0.720170
  284.000000    0.733947
  289.000000    0.737736
  294.000000    0.729931
  299.000000    0.732544
  304.000000    0.715249
  309.000000    0.694528
  314.000000    0.658429
  319.000000    0.634565
  324.000000    0.640796
  329.000000    0.664308
  334.000000    0.707324
  339.000000    0.740071
  344.000000    0.742583
  349.000000    0.764328
  354.000000    0.782074
  359.000000    0.763929
  364.000000    0.735600
  369.000000    0.723518
  374.000000    0.717483
  379.000000    0.691908
  384.000000    0.689123
  389.000000    0.692158
  394.000000    0.649380
  399.000000    0.662709
  404.000000    0.709567
  409.000000    0.756884
  414.000000    0.786746
  419.000000    0.784680
  424.000000    0.782910
  429.000000    0.753796
  434.000000    0.723644
  439.000000    0.714828
  444.000000    0.700553
  449.000000    0.717228
  454.000000    0.729508
  459.000000    0.732220
  464.000000    0.710877
  469.000000    0.745285
  474.000000    0.761728
  479.000000    0.747348
  484.000000    0.718730
  489.000000    0.696010
  494.000000    0.704049
  499.000000    0.690717
  504.000000    0.680265
  509.000000    0.665938
  514.000000    0.677631
  519.000000    0.669682
  524.000000    0.669569
  529.000000    0.668106
  534.000000    0.683725
  539.000000    0.688590
  544.000000    0.698014
  549.000000    0.719986
  554.000000    0.680958
  559.000000    0.683256
  564.000000    0.719113
  569.000000    0.745944
  574.000000    0.755318
  579.000000    0.736686
  584.000000    0.733258
  589.000000    0.741458
  594.000000    0.753278
  599.000000    0.749998
  604.000000    0.750724
  609.000000    0.722132
  614.000000    0.697500
  619.000000    0.719820
  624.000000    0.756719
  629.000000    0.794741
  634.000000    0.834041
  639.000000    0.843315
  644.000000    0.820659
  649.000000    0.829152
  654.000000    0.837204
  659.000000    0.819181
  664.000000    0.794941
  669.000000    0.773380
  674.000000    0.746142
  679.000000    0.720986
  684.000000    0.718875
  689.000000    0.745513
  694.000000    0.752478
  699.000000    0.739093
  704.000000    0.741001
  709.000000    0.717854
  714.000000    0.727085
  719.000000    0.730614
  724.000000    0.744767
  729.000000    0.759077
  734.000000    0.760869
  739.000000    0.758407
  744.000000    0.731584
  749.000000    0.681887
  754.000000    0.685079
  759.000000    0.721137
  764.000000    0.728548
  769.000000    0.712821
  774.000000    0.695791
  779.000000    0.685337
  784.000000    0.651457
  789.000000    0.674449
  794.000000    0.737977
  799.000000    0.773302
  804.000000    0.770821
  809.000000    0.753702
  814.000000    0.757436
  819.000000    0.728687
  824.000000    0.708528
  829.000000    0.719379
  834.000000    0.708367
  839.000000    0.705550
  844.000000    0.722857
  849.000000    0.723770
  854.000000    0.757240
  859.000000    0.764318
  864.000000    0.763697
  869.000000    0.731233
  874.000000    0.692989
  879.000000    0.667485
  884.000000    0.650325
  889.000000    0.637118
  894.000000    0.630258
  899.000000    0.645653
  904.000000    0.653763
  909.000000    0.657092
  914.000000    0.667958
  919.000000    0.680478
  924.000000    0.680960
  929.000000    0.705905
  934.000000    0.754262
  939.000000    0.816385
  944.000000    0.825005
  949.000000    0.833038
  954.000000    0.830128
  959.000000    0.824556
  964.000000    0.804882
  969.000000    0.795134
  974.000000    0.781972
  979.000000    0.758718
  984.000000    0.738354
  989.000000    0.674341
  994.000000    0.645717
  999.000000    0.629143
 1004.000000    0.613634
 1009.000000    0.596432
 1014.000000    0.629500
 1019.000000    0.647755
 1024.000000    0.657166
 1029.000000    0.660035
 1034.000000    0.676842
 1039.000000    0.674669
 1044.000000    0.682016
 1049.000000    0.722647
 1054.000000    0.740161
 1059.000000    0.752656
 1064.000000    0.763895
 1069.000000    0.789262
 1074.000000    0.796748
 1079.000000    0.788566
 1084.000000    0.779584
 1089.000000    0.802811
 1094.000000    0.828731
 1099.000000    0.838811
 1104.000000    0.826025
 1109.000000    0.821319
 1114.000000    0.813051
 1119.000000    0.797757
 1124.000000    0.767658
 1129.000000    0.754013
 1134.000000    0.707500
 1139.000000    0.677699
 1144.000000    0.696707
 1149.000000    0.678936
 1154.000000    0.703574
 1159.000000    0.724804
 1164.000000    0.709580
 1169.000000    0.746156
 1174.000000    0.763632
 1179.000000    0.764561
 1184.000000    0.765200
 1189.000000    0.772900
 1194.000000    0.748875
 1199.000000    0.754188
 1204.000000    0.754691
 1209.000000    0.760460
 1214.000000    0.750730
 1219.000000    0.757416
 1224.000000    0.774977
 1229.000000    0.788307
 1234.000000    0.807475
 1239.000000    0.825919
 1244.000000    0.848368
 1249.000000    0.858158
 1254.000000    0.856260
 1259.000000    0.824274
 1264.000000    0.814339
 1269.000000    0.818717
 1274.000000    0.822712
 1279.000000    0.795608
 1284.000000    0.769040
 1289.000000    0.741114
 1294.000000    0.731374
 1299.000000    0.718225
 1304.000000    0.697665
 1309.000000    0.678437
 1314.000000    0.685671
 1319.000000    0.695728
 1324.000000    0.687921
 1329.000000    0.690069
 1334.000000    0.685311
 1339.000000    0.679155
 1344.000000    0.638850
 1349.000000    0.649021
 1354.000000    0.705586
 1359.000000    0.719653
 1364.000000    0.718296
 1369.000000    0.716176
 1374.000000    0.704535
 1379.000000    0.692587
 1384.000000    0.690085
 1389.000000    0.691712
 1394.000000    0.692667
 1399.000000    0.687459
 1404.000000    0.714408
 1409.000000    0.720432
 1414.000000    0.705233
 1419.000000    0.729610
 1424.000000    0.780807
 1429.000000    0.793008
 1434.000000    0.789039
 1439.000000    0.775599
 1444.000000    0.777749
 1449.000000    0.793421
 1454.000000    0.779164
 1459.000000    0.755813
 1464.000000    0.770904
 1469.000000    0.795366
 1474.000000    0.794693
 1479.000000    0.799894
 1484.000000    0.813354
 1489.000000    0.818216
 1494.000000    0.830472
 1499.000000    0.829379
 1504.000000    0.827295
 1509.000000    0.808201
 1514.000000    0.792043
 1519.000000    0.800226
 1524.000000    0.777541
 1529.000000    0.755243
 1534.000000    0.747141
 1539.000000    0.754350
 1544.000000    0.762557
 1549.000000    0.763025
 1554.000000    0.758054
 1559.000000    0.748851
 1564.000000    0.760868
 1569.000000    0.767245
 1574.000000    0.775263
 1579.000000    0.764490
 1584.000000    0.734887
 1589.000000    0.736252
 1594.000000    0.735912
 1599.000000    0.748079
 1604.000000    0.744590
 1609.000000    0.710247
 1614.000000    0.694823
 1619.000000    0.657069
 1624.000000    0.638602
 1629.000000    0.623948
 1634.000000    0.614011
 1639.000000    0.590744
 1644.000000    0.586493
 1649.000000    0.583695
 1654.000000    0.576537
 1659.000000    0.601677
 1664.000000    0.636084
 1669.000000    0.667693
 1674.000000    0.658301
 1679.000000    0.663719
 1684.000000    0.678315
 1689.000000    0.705003
 1694.000000    0.708761
 1699.000000    0.708441
 1704.000000    0.707091
 1709.000000    0.717354
 1714.000000    0.713979
 1719.000000    0.721252
 1724.000000    0.749329
 1729.000000    0.751791
 1734.000000    0.756989
 1739.000000    0.785165
 1744.000000    0.781594
 1749.000000    0.787761
 1754.000000    0.793241
 1759.000000    0.808477
 1764.000000    0.804267
 1769.000000    0.793399
 1774.000000    0.792413
 1779.000000    0.813877
 1784.000000    0.815260
 1789.000000    0.813505
 1794.000000    0.790502
 1799.000000    0.753944
 1804.000000    0.713559
 1809.000000    0.724643
 1814.000000    0.743231
 1819.000000    0.731850
 1824.000000    0.722480
 1829.000000    0.692098
 1834.000000    0.694378
 1839.000000    0.682734
 1844.000000    0.693854
 1849.000000    0.706077
 1854.000000    0.709400
 1859.000000    0.746527
 1864.000000    0.773705
 1869.000000    0.754016
 1874.000000    0.742865
