#  pixel_depth  alphabetafraction   >  Analysis of alpha beta fraction
  217.000000    0.807084
  222.000000    0.805770
  227.000000    0.808661
  232.000000    0.820967
  237.000000    0.816262
  242.000000    0.803903
  247.000000    0.767510
  252.000000    0.773286
  257.000000    0.820686
  262.000000    0.818135
  267.000000    0.794471
  272.000000    0.789109
  277.000000    0.811052
  282.000000    0.816497
  287.000000    0.814557
  292.000000    0.803955
  297.000000    0.801320
  302.000000    0.804051
  307.000000    0.792482
  312.000000    0.791731
  317.000000    0.782007
  322.000000    0.780251
  327.000000    0.774205
  332.000000    0.754188
  337.000000    0.736594
  342.000000    0.690898
  347.000000    0.688635
  352.000000    0.706445
  357.000000    0.723257
  362.000000    0.719417
  367.000000    0.745573
  372.000000    0.796025
  377.000000    0.814919
  382.000000    0.826590
  387.000000    0.830649
  392.000000    0.809097
  397.000000    0.804694
  402.000000    0.811914
  407.000000    0.835784
  412.000000    0.810940
  417.000000    0.764202
  422.000000    0.739812
  427.000000    0.713775
  432.000000    0.715872
  437.000000    0.691181
  442.000000    0.710973
  447.000000    0.760724
  452.000000    0.785734
  457.000000    0.813599
  462.000000    0.829932
  467.000000    0.831547
  472.000000    0.826817
  477.000000    0.832763
  482.000000    0.820239
  487.000000    0.822103
  492.000000    0.812072
  497.000000    0.799917
  502.000000    0.806384
  507.000000    0.806301
  512.000000    0.801169
  517.000000    0.826240
  522.000000    0.810582
  527.000000    0.801987
  532.000000    0.797716
  537.000000    0.802903
  542.000000    0.788217
  547.000000    0.784945
  552.000000    0.792758
  557.000000    0.795336
  562.000000    0.770013
  567.000000    0.763576
  572.000000    0.766490
  577.000000    0.779846
  582.000000    0.791705
  587.000000    0.803185
  592.000000    0.812959
  597.000000    0.794775
  602.000000    0.796202
  607.000000    0.784524
  612.000000    0.749638
  617.000000    0.729054
  622.000000    0.720358
  627.000000    0.748262
  632.000000    0.755522
  637.000000    0.759828
  642.000000    0.749819
  647.000000    0.759011
  652.000000    0.802569
  657.000000    0.805321
  662.000000    0.797919
  667.000000    0.801561
  672.000000    0.809124
  677.000000    0.797008
  682.000000    0.771767
  687.000000    0.767318
  692.000000    0.775439
  697.000000    0.772006
  702.000000    0.767124
  707.000000    0.756016
  712.000000    0.740125
  717.000000    0.759609
  722.000000    0.783334
  727.000000    0.775864
  732.000000    0.806096
  737.000000    0.813694
  742.000000    0.830522
  747.000000    0.829563
  752.000000    0.831078
  757.000000    0.829337
  762.000000    0.837376
  767.000000    0.852335
  772.000000    0.841670
  777.000000    0.862604
  782.000000    0.833698
  787.000000    0.846202
  792.000000    0.848833
  797.000000    0.780449
  802.000000    0.766534
  807.000000    0.721193
  812.000000    0.689269
  817.000000    0.687035
  822.000000    0.690439
  827.000000    0.696479
  832.000000    0.703453
  837.000000    0.710901
  842.000000    0.744973
  847.000000    0.794023
  852.000000    0.792221
  857.000000    0.792150
  862.000000    0.786248
  867.000000    0.773976
  872.000000    0.762922
  877.000000    0.746957
  882.000000    0.720694
  887.000000    0.701933
  892.000000    0.700842
  897.000000    0.691336
  902.000000    0.681258
  907.000000    0.699387
  912.000000    0.715770
  917.000000    0.730759
  922.000000    0.740969
  927.000000    0.773639
  932.000000    0.786894
  937.000000    0.776089
  942.000000    0.773835
  947.000000    0.733592
  952.000000    0.747024
  957.000000    0.737537
  962.000000    0.760884
  967.000000    0.783028
  972.000000    0.808990
  977.000000    0.813425
  982.000000    0.818647
  987.000000    0.805882
  992.000000    0.794871
  997.000000    0.779294
 1002.000000    0.804025
 1007.000000    0.802929
 1012.000000    0.792340
 1017.000000    0.769966
 1022.000000    0.731635
 1027.000000    0.694492
 1032.000000    0.665874
 1037.000000    0.643375
 1042.000000    0.632111
 1047.000000    0.667812
 1052.000000    0.681142
 1057.000000    0.698399
 1062.000000    0.735119
 1067.000000    0.749068
 1072.000000    0.762848
 1077.000000    0.764059
 1082.000000    0.768229
 1087.000000    0.778327
 1092.000000    0.768978
 1097.000000    0.739389
 1102.000000    0.737134
 1107.000000    0.772428
 1112.000000    0.772736
 1117.000000    0.763720
 1122.000000    0.801585
 1127.000000    0.810828
 1132.000000    0.800666
 1137.000000    0.773808
 1142.000000    0.754554
 1147.000000    0.715672
 1152.000000    0.696227
 1157.000000    0.710623
 1162.000000    0.702682
 1167.000000    0.728706
 1172.000000    0.742593
 1177.000000    0.747895
 1182.000000    0.753490
 1187.000000    0.744153
 1192.000000    0.741593
 1197.000000    0.757132
 1202.000000    0.757465
 1207.000000    0.770619
 1212.000000    0.750579
 1217.000000    0.723866
 1222.000000    0.701995
 1227.000000    0.694789
 1232.000000    0.706051
 1237.000000    0.702240
 1242.000000    0.717030
 1247.000000    0.748072
 1252.000000    0.775339
 1257.000000    0.773090
 1262.000000    0.763972
 1267.000000    0.756577
 1272.000000    0.768227
 1277.000000    0.768217
 1282.000000    0.747606
 1287.000000    0.765351
 1292.000000    0.770222
 1297.000000    0.786252
 1302.000000    0.797446
 1307.000000    0.800066
 1312.000000    0.770863
 1317.000000    0.762600
 1322.000000    0.735627
 1327.000000    0.718661
 1332.000000    0.735720
 1337.000000    0.744047
 1342.000000    0.730898
 1347.000000    0.732211
 1352.000000    0.747590
 1357.000000    0.759544
 1362.000000    0.740595
 1367.000000    0.735203
 1372.000000    0.728643
 1377.000000    0.739216
 1382.000000    0.785192
 1387.000000    0.784621
 1392.000000    0.753581
 1397.000000    0.790234
 1402.000000    0.786418
 1407.000000    0.773787
 1412.000000    0.760058
 1417.000000    0.757826
 1422.000000    0.771115
 1427.000000    0.764135
 1432.000000    0.749381
 1437.000000    0.759734
 1442.000000    0.752348
 1447.000000    0.773327
 1452.000000    0.772328
 1457.000000    0.775770
 1462.000000    0.778089
 1467.000000    0.794565
 1472.000000    0.795848
 1477.000000    0.824930
 1482.000000    0.832238
 1487.000000    0.808336
 1492.000000    0.774291
 1497.000000    0.738107
 1502.000000    0.720250
 1507.000000    0.705911
 1512.000000    0.679436
 1517.000000    0.676279
 1522.000000    0.686465
 1527.000000    0.699290
 1532.000000    0.731199
 1537.000000    0.765139
 1542.000000    0.785543
 1547.000000    0.802680
 1552.000000    0.798028
 1557.000000    0.804408
 1562.000000    0.783376
 1567.000000    0.787930
 1572.000000    0.796397
 1577.000000    0.786948
 1582.000000    0.795943
 1587.000000    0.808540
 1592.000000    0.845818
 1597.000000    0.822079
 1602.000000    0.841417
 1607.000000    0.859014
 1612.000000    0.861954
 1617.000000    0.841724
 1622.000000    0.804038
 1627.000000    0.766237
 1632.000000    0.763952
 1637.000000    0.780080
 1642.000000    0.778043
 1647.000000    0.772946
 1652.000000    0.751352
 1657.000000    0.745138
 1662.000000    0.710359
 1667.000000    0.694129
 1672.000000    0.697863
 1677.000000    0.715997
 1682.000000    0.694509
 1687.000000    0.701359
 1692.000000    0.706306
 1697.000000    0.717922
 1702.000000    0.706073
 1707.000000    0.704517
 1712.000000    0.705750
 1717.000000    0.712904
 1722.000000    0.727035
 1727.000000    0.691996
 1732.000000    0.680842
 1737.000000    0.661636
 1742.000000    0.674299
 1747.000000    0.699444
 1752.000000    0.744039
 1757.000000    0.755226
 1762.000000    0.781789
 1767.000000    0.790015
 1772.000000    0.813706
 1777.000000    0.817397
 1782.000000    0.817534
 1787.000000    0.790939
 1792.000000    0.761356
 1797.000000    0.743909
 1802.000000    0.742244
 1807.000000    0.769929
 1812.000000    0.798523
 1817.000000    0.768858
 1822.000000    0.768073
 1827.000000    0.730397
 1832.000000    0.716873
 1837.000000    0.713739
 1842.000000    0.698598
 1847.000000    0.690449
 1852.000000    0.697390
 1857.000000    0.697344
 1862.000000    0.725316
 1867.000000    0.762522
 1872.000000    0.795838
 1877.000000    0.820310
 1882.000000    0.835467
 1887.000000    0.837365
 1892.000000    0.831851
 1897.000000    0.837808
 1902.000000    0.838026
 1907.000000    0.816246
 1912.000000    0.779768
 1917.000000    0.741358
 1922.000000    0.724408
 1927.000000    0.752062
 1932.000000    0.766306
 1937.000000    0.793968
 1942.000000    0.813206
