#  pixel_depth  alphabetafraction   >  Analysis of alpha beta fraction
   44.000000    0.685376
   49.000000    0.673819
   54.000000    0.670419
   59.000000    0.692031
   64.000000    0.729403
   69.000000    0.762183
   74.000000    0.792622
   79.000000    0.820546
   84.000000    0.837697
   89.000000    0.833579
   94.000000    0.836610
   99.000000    0.830104
  104.000000    0.838272
  109.000000    0.842765
  114.000000    0.846496
  119.000000    0.850804
  124.000000    0.852612
  129.000000    0.850095
  134.000000    0.858344
  139.000000    0.864080
  144.000000    0.866965
  149.000000    0.860975
  154.000000    0.859056
  159.000000    0.829320
  164.000000    0.769865
  169.000000    0.738630
  174.000000    0.740879
  179.000000    0.754394
  184.000000    0.737736
  189.000000    0.729083
  194.000000    0.725096
  199.000000    0.700755
  204.000000    0.717419
  209.000000    0.706659
  214.000000    0.707594
  219.000000    0.711845
  224.000000    0.708468
  229.000000    0.702933
  234.000000    0.713057
  239.000000    0.729494
  244.000000    0.739720
  249.000000    0.752320
  254.000000    0.754123
  259.000000    0.771007
  264.000000    0.785683
  269.000000    0.749371
  274.000000    0.727402
  279.000000    0.684724
  284.000000    0.588581
  289.000000    0.538682
  294.000000    0.590870
  299.000000    0.634793
  304.000000    0.654062
  309.000000    0.698187
  314.000000    0.733790
  319.000000    0.712030
  324.000000    0.725811
  329.000000    0.712369
  334.000000    0.697603
  339.000000    0.709198
  344.000000    0.738654
  349.000000    0.754377
  354.000000    0.762358
  359.000000    0.757513
  364.000000    0.754808
  369.000000    0.723884
  374.000000    0.716965
  379.000000    0.707660
  384.000000    0.681406
  389.000000    0.665871
  394.000000    0.659346
  399.000000    0.653073
  404.000000    0.664325
  409.000000    0.692240
  414.000000    0.674722
  419.000000    0.663579
  424.000000    0.694390
  429.000000    0.712799
  434.000000    0.756458
  439.000000    0.770659
  444.000000    0.768141
  449.000000    0.742273
  454.000000    0.734379
  459.000000    0.709732
  464.000000    0.697212
  469.000000    0.689263
  474.000000    0.686537
  479.000000    0.658917
  484.000000    0.659510
  489.000000    0.669838
  494.000000    0.680841
  499.000000    0.698396
  504.000000    0.715388
  509.000000    0.712330
  514.000000    0.709272
  519.000000    0.743373
  524.000000    0.758268
  529.000000    0.760287
  534.000000    0.762482
  539.000000    0.749218
  544.000000    0.765754
  549.000000    0.801742
  554.000000    0.793966
  559.000000    0.776626
  564.000000    0.808785
  569.000000    0.785325
  574.000000    0.788492
  579.000000    0.789908
  584.000000    0.799090
  589.000000    0.801518
  594.000000    0.790769
  599.000000    0.794466
  604.000000    0.776991
  609.000000    0.768837
  614.000000    0.751042
  619.000000    0.740673
  624.000000    0.724011
  629.000000    0.695051
  634.000000    0.683049
  639.000000    0.690990
  644.000000    0.724221
  649.000000    0.733849
  654.000000    0.750750
  659.000000    0.770376
  664.000000    0.762970
  669.000000    0.744538
  674.000000    0.709611
  679.000000    0.686331
  684.000000    0.677745
  689.000000    0.651320
  694.000000    0.653860
  699.000000    0.672200
  704.000000    0.662533
  709.000000    0.653487
  714.000000    0.654064
  719.000000    0.665637
  724.000000    0.661585
  729.000000    0.678284
  734.000000    0.674987
  739.000000    0.665494
  744.000000    0.656865
  749.000000    0.652096
  754.000000    0.673235
  759.000000    0.682206
  764.000000    0.649619
  769.000000    0.643661
  774.000000    0.605012
  779.000000    0.628696
  784.000000    0.661164
  789.000000    0.694730
  794.000000    0.685458
  799.000000    0.702212
  804.000000    0.724449
  809.000000    0.740726
  814.000000    0.744189
  819.000000    0.711007
  824.000000    0.745214
  829.000000    0.730568
  834.000000    0.738681
  839.000000    0.775781
  844.000000    0.764600
  849.000000    0.779749
  854.000000    0.798201
  859.000000    0.775037
  864.000000    0.757721
  869.000000    0.750236
  874.000000    0.761231
  879.000000    0.765987
  884.000000    0.729306
  889.000000    0.732849
  894.000000    0.713004
  899.000000    0.699621
  904.000000    0.711056
  909.000000    0.722504
  914.000000    0.717514
  919.000000    0.704482
  924.000000    0.682557
  929.000000    0.690145
  934.000000    0.678429
  939.000000    0.687533
  944.000000    0.659826
  949.000000    0.615325
  954.000000    0.575391
  959.000000    0.587445
  964.000000    0.652457
  969.000000    0.629779
  974.000000    0.645208
  979.000000    0.666764
  984.000000    0.657290
  989.000000    0.641445
  994.000000    0.598801
  999.000000    0.595659
 1004.000000    0.587793
 1009.000000    0.607611
 1014.000000    0.611590
 1019.000000    0.622242
 1024.000000    0.647109
 1029.000000    0.679044
 1034.000000    0.702522
 1039.000000    0.727446
 1044.000000    0.763949
 1049.000000    0.788083
 1054.000000    0.800162
 1059.000000    0.803899
 1064.000000    0.806477
 1069.000000    0.800497
 1074.000000    0.806395
 1079.000000    0.785514
 1084.000000    0.759452
 1089.000000    0.713854
 1094.000000    0.686406
 1099.000000    0.640420
 1104.000000    0.618113
 1109.000000    0.603120
 1114.000000    0.604767
 1119.000000    0.600418
 1124.000000    0.590606
 1129.000000    0.589693
 1134.000000    0.606952
 1139.000000    0.621889
 1144.000000    0.647135
 1149.000000    0.691132
 1154.000000    0.708770
 1159.000000    0.719266
 1164.000000    0.703637
 1169.000000    0.746019
 1174.000000    0.780831
 1179.000000    0.805650
 1184.000000    0.794823
 1189.000000    0.775839
 1194.000000    0.764595
 1199.000000    0.715327
 1204.000000    0.692769
 1209.000000    0.691240
 1214.000000    0.680362
 1219.000000    0.690963
 1224.000000    0.709599
 1229.000000    0.731314
 1234.000000    0.746989
 1239.000000    0.733502
 1244.000000    0.758367
 1249.000000    0.780609
 1254.000000    0.782818
 1259.000000    0.766698
 1264.000000    0.775375
 1269.000000    0.771335
 1274.000000    0.783779
 1279.000000    0.800538
 1284.000000    0.803773
 1289.000000    0.827575
 1294.000000    0.833422
 1299.000000    0.817579
 1304.000000    0.801064
 1309.000000    0.777494
 1314.000000    0.752750
 1319.000000    0.728839
 1324.000000    0.699105
 1329.000000    0.683459
 1334.000000    0.679694
 1339.000000    0.686998
 1344.000000    0.685752
 1349.000000    0.689295
 1354.000000    0.732389
 1359.000000    0.756767
 1364.000000    0.770861
 1369.000000    0.811689
 1374.000000    0.782412
 1379.000000    0.759911
 1384.000000    0.774359
 1389.000000    0.789909
 1394.000000    0.824734
 1399.000000    0.874069
 1404.000000    0.892568
 1409.000000    0.909981
 1414.000000    0.901043
 1419.000000    0.873054
 1424.000000    0.868739
 1429.000000    0.858809
 1434.000000    0.811724
 1439.000000    0.762374
 1444.000000    0.745577
 1449.000000    0.722096
 1454.000000    0.704864
 1459.000000    0.695400
 1464.000000    0.718551
 1469.000000    0.742754
 1474.000000    0.745999
 1479.000000    0.744216
 1484.000000    0.764704
 1489.000000    0.769259
 1494.000000    0.780036
 1499.000000    0.779956
 1504.000000    0.782968
 1509.000000    0.786667
 1514.000000    0.812597
 1519.000000    0.836811
 1524.000000    0.858032
 1529.000000    0.860974
 1534.000000    0.860017
 1539.000000    0.840019
 1544.000000    0.819236
 1549.000000    0.798777
 1554.000000    0.783540
 1559.000000    0.764717
 1564.000000    0.754127
 1569.000000    0.751860
 1574.000000    0.745690
 1579.000000    0.732146
 1584.000000    0.746265
 1589.000000    0.764834
 1594.000000    0.770275
 1599.000000    0.757473
 1604.000000    0.763167
 1609.000000    0.741020
 1614.000000    0.750586
 1619.000000    0.737207
 1624.000000    0.727292
 1629.000000    0.745158
 1634.000000    0.745709
 1639.000000    0.752415
 1644.000000    0.739071
 1649.000000    0.669024
 1654.000000    0.647254
 1659.000000    0.630705
 1664.000000    0.628034
 1669.000000    0.637194
 1674.000000    0.654035
 1679.000000    0.663284
 1684.000000    0.684391
 1689.000000    0.671221
 1694.000000    0.665824
 1699.000000    0.670431
 1704.000000    0.668747
 1709.000000    0.676777
 1714.000000    0.688992
 1719.000000    0.684820
 1724.000000    0.688721
 1729.000000    0.707476
 1734.000000    0.735943
 1739.000000    0.763576
 1744.000000    0.764197
 1749.000000    0.760750
 1754.000000    0.743143
 1759.000000    0.698878
 1764.000000    0.683928
 1769.000000    0.668056
 1774.000000    0.639077
 1779.000000    0.617059
 1784.000000    0.601590
 1789.000000    0.591303
 1794.000000    0.613548
 1799.000000    0.639578
 1804.000000    0.633828
 1809.000000    0.636636
 1814.000000    0.668414
 1819.000000    0.678868
 1824.000000    0.666503
 1829.000000    0.675637
 1834.000000    0.677045
 1839.000000    0.698410
 1844.000000    0.739903
 1849.000000    0.775330
 1854.000000    0.778262
 1859.000000    0.755926
 1864.000000    0.766580
 1869.000000    0.772802
 1874.000000    0.785737
 1879.000000    0.794077
 1884.000000    0.766699
 1889.000000    0.764818
 1894.000000    0.785844
 1899.000000    0.788154
 1904.000000    0.778183
