#  pixel_depth  alphabetafraction   >  Analysis of alpha beta fraction
   85.000000    0.791149
   90.000000    0.756784
   95.000000    0.723474
  100.000000    0.697842
  105.000000    0.655334
  110.000000    0.660694
  115.000000    0.700711
  120.000000    0.770941
  125.000000    0.799753
  130.000000    0.826250
  135.000000    0.824140
  140.000000    0.828755
  145.000000    0.822430
  150.000000    0.812468
  155.000000    0.809682
  160.000000    0.788811
  165.000000    0.779699
  170.000000    0.745481
  175.000000    0.719235
  180.000000    0.730659
  185.000000    0.764221
  190.000000    0.790101
  195.000000    0.794125
  200.000000    0.772680
  205.000000    0.780679
  210.000000    0.789091
  215.000000    0.765872
  220.000000    0.756730
  225.000000    0.758575
  230.000000    0.764989
  235.000000    0.771257
  240.000000    0.788068
  245.000000    0.802892
  250.000000    0.801041
  255.000000    0.779053
  260.000000    0.756972
  265.000000    0.762300
  270.000000    0.727104
  275.000000    0.709658
  280.000000    0.709565
  285.000000    0.721997
  290.000000    0.730834
  295.000000    0.778680
  300.000000    0.777746
  305.000000    0.788486
  310.000000    0.804774
  315.000000    0.846578
  320.000000    0.824824
  325.000000    0.818765
  330.000000    0.816148
  335.000000    0.791508
  340.000000    0.746437
  345.000000    0.728965
  350.000000    0.757582
  355.000000    0.767105
  360.000000    0.747627
  365.000000    0.739962
  370.000000    0.724626
  375.000000    0.735617
  380.000000    0.739181
  385.000000    0.754047
  390.000000    0.734576
  395.000000    0.752986
  400.000000    0.762260
  405.000000    0.796724
  410.000000    0.799526
  415.000000    0.773547
  420.000000    0.759353
  425.000000    0.757427
  430.000000    0.758737
  435.000000    0.792711
  440.000000    0.775920
  445.000000    0.748469
  450.000000    0.728192
  455.000000    0.666879
  460.000000    0.640453
  465.000000    0.631892
  470.000000    0.666151
  475.000000    0.710160
  480.000000    0.737379
  485.000000    0.741724
  490.000000    0.755885
  495.000000    0.772760
  500.000000    0.756554
  505.000000    0.771150
  510.000000    0.817787
  515.000000    0.849074
  520.000000    0.861482
  525.000000    0.849536
  530.000000    0.854904
  535.000000    0.862712
  540.000000    0.858934
  545.000000    0.842731
  550.000000    0.830076
  555.000000    0.797484
  560.000000    0.793577
  565.000000    0.789803
  570.000000    0.772093
  575.000000    0.746716
  580.000000    0.767287
  585.000000    0.759845
  590.000000    0.751668
  595.000000    0.799699
  600.000000    0.823981
  605.000000    0.796932
  610.000000    0.788111
  615.000000    0.758597
  620.000000    0.746330
  625.000000    0.755350
  630.000000    0.741257
  635.000000    0.748871
  640.000000    0.775381
  645.000000    0.793757
  650.000000    0.794352
  655.000000    0.810391
  660.000000    0.822231
  665.000000    0.823746
  670.000000    0.852289
  675.000000    0.865853
  680.000000    0.840212
  685.000000    0.810860
  690.000000    0.792123
  695.000000    0.776370
  700.000000    0.776179
  705.000000    0.779010
  710.000000    0.782069
  715.000000    0.780007
  720.000000    0.804789
  725.000000    0.785530
  730.000000    0.765763
  735.000000    0.757344
  740.000000    0.740096
  745.000000    0.756935
  750.000000    0.795731
  755.000000    0.796836
  760.000000    0.784807
  765.000000    0.790546
  770.000000    0.768978
  775.000000    0.756835
  780.000000    0.750929
  785.000000    0.753253
  790.000000    0.755835
  795.000000    0.787782
  800.000000    0.776430
  805.000000    0.775396
  810.000000    0.771402
  815.000000    0.723850
  820.000000    0.717597
  825.000000    0.737607
  830.000000    0.779380
  835.000000    0.791327
  840.000000    0.776609
  845.000000    0.754521
  850.000000    0.776187
  855.000000    0.802216
  860.000000    0.828388
  865.000000    0.813437
  870.000000    0.776660
  875.000000    0.754516
  880.000000    0.751503
  885.000000    0.762112
  890.000000    0.723022
  895.000000    0.686207
  900.000000    0.696370
  905.000000    0.729974
  910.000000    0.757101
  915.000000    0.801808
  920.000000    0.810812
  925.000000    0.799723
  930.000000    0.811023
  935.000000    0.822319
  940.000000    0.809461
  945.000000    0.792673
  950.000000    0.806204
  955.000000    0.826945
  960.000000    0.809817
  965.000000    0.785798
  970.000000    0.793205
  975.000000    0.781965
  980.000000    0.769269
  985.000000    0.773979
  990.000000    0.757519
  995.000000    0.731445
 1000.000000    0.730123
 1005.000000    0.707360
 1010.000000    0.724699
 1015.000000    0.739746
 1020.000000    0.767677
 1025.000000    0.759869
 1030.000000    0.710429
 1035.000000    0.708594
 1040.000000    0.761543
 1045.000000    0.750843
 1050.000000    0.741449
 1055.000000    0.742975
 1060.000000    0.729505
 1065.000000    0.704927
 1070.000000    0.716447
 1075.000000    0.739866
 1080.000000    0.750752
 1085.000000    0.763063
 1090.000000    0.745604
 1095.000000    0.738472
 1100.000000    0.746649
 1105.000000    0.749351
 1110.000000    0.768775
 1115.000000    0.766723
 1120.000000    0.751161
 1125.000000    0.761412
 1130.000000    0.795513
 1135.000000    0.816929
 1140.000000    0.826887
 1145.000000    0.826758
 1150.000000    0.833439
 1155.000000    0.824850
 1160.000000    0.809111
 1165.000000    0.822909
 1170.000000    0.834262
 1175.000000    0.842033
 1180.000000    0.833060
 1185.000000    0.845104
 1190.000000    0.849498
 1195.000000    0.863699
 1200.000000    0.867972
 1205.000000    0.861245
 1210.000000    0.835023
 1215.000000    0.818589
 1220.000000    0.794712
 1225.000000    0.758691
 1230.000000    0.747181
 1235.000000    0.753781
 1240.000000    0.735086
 1245.000000    0.734571
 1250.000000    0.733975
 1255.000000    0.686075
 1260.000000    0.616122
 1265.000000    0.633688
 1270.000000    0.731159
 1275.000000    0.746739
 1280.000000    0.768798
 1285.000000    0.820648
 1290.000000    0.820934
 1295.000000    0.834310
 1300.000000    0.827660
 1305.000000    0.799035
 1310.000000    0.804715
 1315.000000    0.793623
 1320.000000    0.795573
 1325.000000    0.794392
 1330.000000    0.795567
 1335.000000    0.779659
 1340.000000    0.796474
 1345.000000    0.767753
 1350.000000    0.754928
 1355.000000    0.770960
 1360.000000    0.743607
 1365.000000    0.731049
 1370.000000    0.684653
 1375.000000    0.686790
 1380.000000    0.736144
 1385.000000    0.777244
 1390.000000    0.792013
 1395.000000    0.797228
 1400.000000    0.787794
 1405.000000    0.798752
 1410.000000    0.822032
 1415.000000    0.862588
 1420.000000    0.824711
 1425.000000    0.806938
 1430.000000    0.769456
 1435.000000    0.779322
 1440.000000    0.779381
 1445.000000    0.781273
 1450.000000    0.786151
 1455.000000    0.770885
 1460.000000    0.737881
 1465.000000    0.737958
 1470.000000    0.752618
 1475.000000    0.721903
 1480.000000    0.731154
 1485.000000    0.766769
 1490.000000    0.807560
 1495.000000    0.758931
 1500.000000    0.744660
 1505.000000    0.787994
 1510.000000    0.809986
 1515.000000    0.833024
 1520.000000    0.796913
 1525.000000    0.770419
 1530.000000    0.761705
 1535.000000    0.774111
 1540.000000    0.732586
 1545.000000    0.729970
 1550.000000    0.710978
 1555.000000    0.695253
 1560.000000    0.683048
 1565.000000    0.709395
 1570.000000    0.752829
 1575.000000    0.760936
 1580.000000    0.765271
 1585.000000    0.760556
 1590.000000    0.762377
 1595.000000    0.783766
 1600.000000    0.799381
 1605.000000    0.799776
 1610.000000    0.800270
 1615.000000    0.827714
 1620.000000    0.827350
 1625.000000    0.799003
 1630.000000    0.774628
 1635.000000    0.789180
 1640.000000    0.783451
 1645.000000    0.775749
 1650.000000    0.751850
 1655.000000    0.719627
 1660.000000    0.726051
 1665.000000    0.705484
 1670.000000    0.700522
 1675.000000    0.737345
 1680.000000    0.744632
 1685.000000    0.715386
 1690.000000    0.689706
 1695.000000    0.714767
 1700.000000    0.754931
 1705.000000    0.747541
 1710.000000    0.788110
 1715.000000    0.776781
 1720.000000    0.809517
 1725.000000    0.794440
 1730.000000    0.765410
 1735.000000    0.768024
 1740.000000    0.761617
 1745.000000    0.759491
 1750.000000    0.750529
 1755.000000    0.753866
 1760.000000    0.776205
 1765.000000    0.770828
 1770.000000    0.775246
 1775.000000    0.707042
 1780.000000    0.730313
 1785.000000    0.754882
 1790.000000    0.741428
 1795.000000    0.729297
 1800.000000    0.734107
 1805.000000    0.761606
 1810.000000    0.790105
 1815.000000    0.810815
 1820.000000    0.782383
 1825.000000    0.734308
 1830.000000    0.749369
 1835.000000    0.762676
 1840.000000    0.765454
 1845.000000    0.760849
 1850.000000    0.761051
 1855.000000    0.732672
 1860.000000    0.713354
 1865.000000    0.730419
 1870.000000    0.745720
 1875.000000    0.780024
 1880.000000    0.781873
