#  pixel_depth  alphabetafraction   >  Analysis of alpha beta fraction
   56.000000    0.794380
   61.000000    0.766947
   66.000000    0.762874
   71.000000    0.782570
   76.000000    0.775327
   81.000000    0.761292
   86.000000    0.736820
   91.000000    0.699579
   96.000000    0.688474
  101.000000    0.670173
  106.000000    0.695560
  111.000000    0.674118
  116.000000    0.710420
  121.000000    0.734867
  126.000000    0.764329
  131.000000    0.769364
  136.000000    0.754694
  141.000000    0.745584
  146.000000    0.759560
  151.000000    0.741091
  156.000000    0.705671
  161.000000    0.686501
  166.000000    0.685924
  171.000000    0.675395
  176.000000    0.671348
  181.000000    0.721362
  186.000000    0.710664
  191.000000    0.700018
  196.000000    0.719094
  201.000000    0.735415
  206.000000    0.723795
  211.000000    0.690865
  216.000000    0.719465
  221.000000    0.710387
  226.000000    0.699851
  231.000000    0.718837
  236.000000    0.745475
  241.000000    0.739302
  246.000000    0.726496
  251.000000    0.702611
  256.000000    0.691860
  261.000000    0.691864
  266.000000    0.688614
  271.000000    0.692499
  276.000000    0.714527
  281.000000    0.717217
  286.000000    0.723299
  291.000000    0.734067
  296.000000    0.722004
  301.000000    0.706475
  306.000000    0.693689
  311.000000    0.707116
  316.000000    0.730679
  321.000000    0.734542
  326.000000    0.743331
  331.000000    0.755202
  336.000000    0.789570
  341.000000    0.811026
  346.000000    0.804525
  351.000000    0.798336
  356.000000    0.777459
  361.000000    0.748217
  366.000000    0.742643
  371.000000    0.745047
  376.000000    0.755072
  381.000000    0.769524
  386.000000    0.776195
  391.000000    0.756453
  396.000000    0.733482
  401.000000    0.723406
  406.000000    0.711681
  411.000000    0.674285
  416.000000    0.684747
  421.000000    0.692398
  426.000000    0.690370
  431.000000    0.692175
  436.000000    0.700216
  441.000000    0.697521
  446.000000    0.684338
  451.000000    0.678227
  456.000000    0.678122
  461.000000    0.671618
  466.000000    0.697259
  471.000000    0.692176
  476.000000    0.688196
  481.000000    0.717855
  486.000000    0.746080
  491.000000    0.750474
  496.000000    0.745848
  501.000000    0.757076
  506.000000    0.769483
  511.000000    0.761441
  516.000000    0.753377
  521.000000    0.727508
  526.000000    0.708955
  531.000000    0.716803
  536.000000    0.739733
  541.000000    0.711970
  546.000000    0.711557
  551.000000    0.709093
  556.000000    0.732671
  561.000000    0.782105
  566.000000    0.787905
  571.000000    0.748054
  576.000000    0.719557
  581.000000    0.703464
  586.000000    0.686660
  591.000000    0.680782
  596.000000    0.691800
  601.000000    0.689810
  606.000000    0.694142
  611.000000    0.651009
  616.000000    0.649096
  621.000000    0.665074
  626.000000    0.666632
  631.000000    0.693089
  636.000000    0.729018
  641.000000    0.735907
  646.000000    0.770246
  651.000000    0.798149
  656.000000    0.791972
  661.000000    0.767204
  666.000000    0.782269
  671.000000    0.761684
  676.000000    0.737445
  681.000000    0.722588
  686.000000    0.698547
  691.000000    0.682277
  696.000000    0.687942
  701.000000    0.730465
  706.000000    0.755822
  711.000000    0.739866
  716.000000    0.740709
  721.000000    0.734527
  726.000000    0.737913
  731.000000    0.759779
  736.000000    0.735708
  741.000000    0.739076
  746.000000    0.710781
  751.000000    0.703343
  756.000000    0.728022
  761.000000    0.732984
  766.000000    0.729309
  771.000000    0.702331
  776.000000    0.679749
  781.000000    0.674612
  786.000000    0.678353
  791.000000    0.687050
  796.000000    0.692986
  801.000000    0.711412
  806.000000    0.709604
  811.000000    0.712187
  816.000000    0.676351
  821.000000    0.684461
  826.000000    0.714557
  831.000000    0.714573
  836.000000    0.716016
  841.000000    0.742833
  846.000000    0.747181
  851.000000    0.730706
  856.000000    0.733886
  861.000000    0.748289
  866.000000    0.760447
  871.000000    0.777295
  876.000000    0.783971
  881.000000    0.798646
  886.000000    0.801612
  891.000000    0.799816
  896.000000    0.789386
  901.000000    0.809038
  906.000000    0.834913
  911.000000    0.818382
  916.000000    0.784033
  921.000000    0.749753
  926.000000    0.722045
  931.000000    0.668102
  936.000000    0.682682
  941.000000    0.688862
  946.000000    0.674811
  951.000000    0.670140
  956.000000    0.706837
  961.000000    0.732020
  966.000000    0.745842
  971.000000    0.767008
  976.000000    0.801513
  981.000000    0.805941
  986.000000    0.791773
  991.000000    0.784919
  996.000000    0.761850
 1001.000000    0.736735
 1006.000000    0.721444
 1011.000000    0.726393
 1016.000000    0.743067
 1021.000000    0.730052
 1026.000000    0.714348
 1031.000000    0.721639
 1036.000000    0.741559
 1041.000000    0.759452
 1046.000000    0.777931
 1051.000000    0.787084
 1056.000000    0.784774
 1061.000000    0.775499
 1066.000000    0.763608
 1071.000000    0.784998
 1076.000000    0.795915
 1081.000000    0.805945
 1086.000000    0.782424
 1091.000000    0.766907
 1096.000000    0.728039
 1101.000000    0.691411
 1106.000000    0.678878
 1111.000000    0.674647
 1116.000000    0.681392
 1121.000000    0.689441
 1126.000000    0.669445
 1131.000000    0.686785
 1136.000000    0.696678
 1141.000000    0.689494
 1146.000000    0.702126
 1151.000000    0.699923
 1156.000000    0.708630
 1161.000000    0.728049
 1166.000000    0.727080
 1171.000000    0.722068
 1176.000000    0.715524
 1181.000000    0.719482
 1186.000000    0.747786
 1191.000000    0.769155
 1196.000000    0.779309
 1201.000000    0.772716
 1206.000000    0.774615
 1211.000000    0.758654
 1216.000000    0.746925
 1221.000000    0.739324
 1226.000000    0.744374
 1231.000000    0.754232
 1236.000000    0.777010
 1241.000000    0.770187
 1246.000000    0.777440
 1251.000000    0.772279
 1256.000000    0.769266
 1261.000000    0.769376
 1266.000000    0.760095
 1271.000000    0.738773
 1276.000000    0.755125
 1281.000000    0.777975
 1286.000000    0.814819
 1291.000000    0.806670
 1296.000000    0.804354
 1301.000000    0.803767
 1306.000000    0.803813
 1311.000000    0.813313
 1316.000000    0.817446
 1321.000000    0.811149
 1326.000000    0.788108
 1331.000000    0.769443
 1336.000000    0.739231
 1341.000000    0.725722
 1346.000000    0.697204
 1351.000000    0.642363
 1356.000000    0.626718
 1361.000000    0.626382
 1366.000000    0.648770
 1371.000000    0.637515
 1376.000000    0.645980
 1381.000000    0.660397
 1386.000000    0.702388
 1391.000000    0.724352
 1396.000000    0.725025
 1401.000000    0.740783
 1406.000000    0.719915
 1411.000000    0.684682
 1416.000000    0.694658
 1421.000000    0.695555
 1426.000000    0.725022
 1431.000000    0.725346
 1436.000000    0.736200
 1441.000000    0.752088
 1446.000000    0.773607
 1451.000000    0.785095
 1456.000000    0.772627
 1461.000000    0.796090
 1466.000000    0.807100
 1471.000000    0.811033
 1476.000000    0.796930
 1481.000000    0.766826
 1486.000000    0.749379
 1491.000000    0.742276
 1496.000000    0.723876
 1501.000000    0.711524
 1506.000000    0.716486
 1511.000000    0.718343
 1516.000000    0.732493
 1521.000000    0.746134
 1526.000000    0.757424
 1531.000000    0.774722
 1536.000000    0.781112
 1541.000000    0.785454
 1546.000000    0.791210
 1551.000000    0.779627
 1556.000000    0.775503
 1561.000000    0.763195
 1566.000000    0.782218
 1571.000000    0.797756
 1576.000000    0.791337
 1581.000000    0.763429
 1586.000000    0.777551
 1591.000000    0.801045
 1596.000000    0.799555
 1601.000000    0.778357
 1606.000000    0.754707
 1611.000000    0.706721
 1616.000000    0.675114
 1621.000000    0.679515
 1626.000000    0.694684
 1631.000000    0.703685
 1636.000000    0.706292
 1641.000000    0.723637
 1646.000000    0.730831
 1651.000000    0.709738
 1656.000000    0.687918
 1661.000000    0.705148
 1666.000000    0.679843
 1671.000000    0.706367
 1676.000000    0.707734
 1681.000000    0.729449
 1686.000000    0.757510
 1691.000000    0.760282
 1696.000000    0.790628
 1701.000000    0.815384
 1706.000000    0.825941
 1711.000000    0.825497
 1716.000000    0.834037
 1721.000000    0.828790
 1726.000000    0.824612
 1731.000000    0.803562
 1736.000000    0.786562
 1741.000000    0.776613
 1746.000000    0.779132
 1751.000000    0.773300
 1756.000000    0.748318
 1761.000000    0.731791
 1766.000000    0.727365
 1771.000000    0.697668
 1776.000000    0.708398
 1781.000000    0.724209
 1786.000000    0.737744
 1791.000000    0.746610
 1796.000000    0.755735
 1801.000000    0.756638
 1806.000000    0.729623
 1811.000000    0.754297
 1816.000000    0.757600
 1821.000000    0.779476
