#  pixel_depth  alphabetafraction   >  Analysis of alpha beta fraction
   42.000000    0.903315
   47.000000    0.886400
   52.000000    0.855511
   57.000000    0.814088
   62.000000    0.792164
   67.000000    0.801636
   72.000000    0.803289
   77.000000    0.820434
   82.000000    0.807625
   87.000000    0.765006
   92.000000    0.747774
   97.000000    0.733398
  102.000000    0.727560
  107.000000    0.720928
  112.000000    0.683131
  117.000000    0.663309
  122.000000    0.675249
  127.000000    0.662848
  132.000000    0.682935
  137.000000    0.697069
  142.000000    0.696721
  147.000000    0.705384
  152.000000    0.719813
  157.000000    0.729374
  162.000000    0.733564
  167.000000    0.733084
  172.000000    0.741564
  177.000000    0.755784
  182.000000    0.737240
  187.000000    0.701639
  192.000000    0.718233
  197.000000    0.700751
  202.000000    0.682411
  207.000000    0.659587
  212.000000    0.639486
  217.000000    0.627089
  222.000000    0.625186
  227.000000    0.633530
  232.000000    0.626408
  237.000000    0.635909
  242.000000    0.652251
  247.000000    0.647659
  252.000000    0.654536
  257.000000    0.687237
  262.000000    0.692981
  267.000000    0.694119
  272.000000    0.703740
  277.000000    0.708681
  282.000000    0.718811
  287.000000    0.714459
  292.000000    0.729848
  297.000000    0.744148
  302.000000    0.748087
  307.000000    0.755567
  312.000000    0.750367
  317.000000    0.742962
  322.000000    0.746292
  327.000000    0.745163
  332.000000    0.718475
  337.000000    0.689672
  342.000000    0.632335
  347.000000    0.582907
  352.000000    0.585769
  357.000000    0.570832
  362.000000    0.554811
  367.000000    0.529976
  372.000000    0.549105
  377.000000    0.561122
  382.000000    0.578079
  387.000000    0.593056
  392.000000    0.607135
  397.000000    0.631137
  402.000000    0.639223
  407.000000    0.635152
  412.000000    0.645016
  417.000000    0.651688
  422.000000    0.657851
  427.000000    0.670524
  432.000000    0.673614
  437.000000    0.652668
  442.000000    0.646029
  447.000000    0.655439
  452.000000    0.652815
  457.000000    0.687618
  462.000000    0.685519
  467.000000    0.690380
  472.000000    0.683787
  477.000000    0.653813
  482.000000    0.643802
  487.000000    0.669392
  492.000000    0.702796
  497.000000    0.726960
  502.000000    0.736822
  507.000000    0.720956
  512.000000    0.681487
  517.000000    0.627055
  522.000000    0.589338
  527.000000    0.585776
  532.000000    0.649589
  537.000000    0.669508
  542.000000    0.671689
  547.000000    0.677254
  552.000000    0.681846
  557.000000    0.709430
  562.000000    0.710161
  567.000000    0.695588
  572.000000    0.680979
  577.000000    0.675560
  582.000000    0.686613
  587.000000    0.711736
  592.000000    0.732728
  597.000000    0.736271
  602.000000    0.727682
  607.000000    0.718697
  612.000000    0.698442
  617.000000    0.712245
  622.000000    0.702388
  627.000000    0.659664
  632.000000    0.623378
  637.000000    0.620814
  642.000000    0.629004
  647.000000    0.616718
  652.000000    0.631147
  657.000000    0.624675
  662.000000    0.633673
  667.000000    0.616401
  672.000000    0.610356
  677.000000    0.556634
  682.000000    0.558261
  687.000000    0.530697
  692.000000    0.524851
  697.000000    0.584589
  702.000000    0.607758
  707.000000    0.577964
  712.000000    0.550765
  717.000000    0.564612
  722.000000    0.595754
  727.000000    0.620377
  732.000000    0.641354
  737.000000    0.660930
  742.000000    0.686124
  747.000000    0.704204
  752.000000    0.712898
  757.000000    0.723224
  762.000000    0.710027
  767.000000    0.704378
  772.000000    0.729204
  777.000000    0.734473
  782.000000    0.729075
  787.000000    0.728027
  792.000000    0.706758
  797.000000    0.685891
  802.000000    0.672855
  807.000000    0.678440
  812.000000    0.651532
  817.000000    0.646683
  822.000000    0.641029
  827.000000    0.625086
  832.000000    0.611967
  837.000000    0.620985
  842.000000    0.636921
  847.000000    0.660397
  852.000000    0.693768
  857.000000    0.714707
  862.000000    0.739707
  867.000000    0.779678
  872.000000    0.797028
  877.000000    0.793242
  882.000000    0.757004
  887.000000    0.717770
  892.000000    0.687696
  897.000000    0.647177
  902.000000    0.625338
  907.000000    0.602115
  912.000000    0.594133
  917.000000    0.594758
  922.000000    0.626096
  927.000000    0.643632
  932.000000    0.610826
  937.000000    0.606252
  942.000000    0.634886
  947.000000    0.654563
  952.000000    0.682611
  957.000000    0.750775
  962.000000    0.756535
  967.000000    0.731867
  972.000000    0.745631
  977.000000    0.738280
  982.000000    0.736961
  987.000000    0.750477
  992.000000    0.738263
  997.000000    0.738616
 1002.000000    0.722635
 1007.000000    0.672812
 1012.000000    0.646815
 1017.000000    0.635252
 1022.000000    0.621708
 1027.000000    0.605724
 1032.000000    0.577323
 1037.000000    0.553138
 1042.000000    0.543450
 1047.000000    0.558601
 1052.000000    0.591775
 1057.000000    0.601406
 1062.000000    0.594916
 1067.000000    0.605764
 1072.000000    0.648564
 1077.000000    0.679910
 1082.000000    0.698003
 1087.000000    0.699314
 1092.000000    0.711069
 1097.000000    0.736580
 1102.000000    0.746208
 1107.000000    0.747150
 1112.000000    0.753602
 1117.000000    0.759327
 1122.000000    0.764326
 1127.000000    0.766816
 1132.000000    0.782848
 1137.000000    0.799721
 1142.000000    0.819873
 1147.000000    0.828465
 1152.000000    0.834519
 1157.000000    0.828510
 1162.000000    0.813622
 1167.000000    0.774654
 1172.000000    0.760041
 1177.000000    0.747298
 1182.000000    0.746382
 1187.000000    0.724457
 1192.000000    0.701816
 1197.000000    0.699170
 1202.000000    0.721138
 1207.000000    0.727353
 1212.000000    0.744669
 1217.000000    0.771193
 1222.000000    0.795689
 1227.000000    0.801145
 1232.000000    0.802809
 1237.000000    0.813209
 1242.000000    0.816100
 1247.000000    0.775799
 1252.000000    0.724242
 1257.000000    0.721673
 1262.000000    0.744214
 1267.000000    0.737985
 1272.000000    0.735209
 1277.000000    0.732279
 1282.000000    0.713896
 1287.000000    0.718601
 1292.000000    0.724877
 1297.000000    0.717771
 1302.000000    0.721842
 1307.000000    0.714333
 1312.000000    0.705740
 1317.000000    0.688541
 1322.000000    0.697604
 1327.000000    0.694391
 1332.000000    0.671832
 1337.000000    0.651647
 1342.000000    0.620111
 1347.000000    0.625730
 1352.000000    0.588438
 1357.000000    0.589138
 1362.000000    0.610450
 1367.000000    0.662899
 1372.000000    0.666527
 1377.000000    0.659098
 1382.000000    0.674180
 1387.000000    0.690193
 1392.000000    0.720248
 1397.000000    0.742682
 1402.000000    0.745960
 1407.000000    0.744379
 1412.000000    0.755562
 1417.000000    0.763056
 1422.000000    0.768070
 1427.000000    0.757179
 1432.000000    0.743933
 1437.000000    0.722115
 1442.000000    0.707856
 1447.000000    0.688950
 1452.000000    0.678762
 1457.000000    0.656096
 1462.000000    0.635148
 1467.000000    0.625402
 1472.000000    0.639701
 1477.000000    0.661866
 1482.000000    0.671155
 1487.000000    0.657325
 1492.000000    0.680868
 1497.000000    0.677294
 1502.000000    0.708946
 1507.000000    0.727155
 1512.000000    0.752391
 1517.000000    0.746999
 1522.000000    0.764893
 1527.000000    0.777204
 1532.000000    0.795034
 1537.000000    0.807600
 1542.000000    0.792869
 1547.000000    0.758795
 1552.000000    0.770880
 1557.000000    0.758001
 1562.000000    0.739849
 1567.000000    0.738222
 1572.000000    0.713219
 1577.000000    0.688879
 1582.000000    0.710352
 1587.000000    0.746853
 1592.000000    0.742075
 1597.000000    0.769635
 1602.000000    0.774767
 1607.000000    0.750163
 1612.000000    0.754707
 1617.000000    0.718844
 1622.000000    0.692515
 1627.000000    0.683543
 1632.000000    0.684297
 1637.000000    0.681450
 1642.000000    0.657604
 1647.000000    0.652740
 1652.000000    0.654225
 1657.000000    0.637207
 1662.000000    0.607563
 1667.000000    0.627637
 1672.000000    0.639726
 1677.000000    0.636178
 1682.000000    0.617134
 1687.000000    0.632424
 1692.000000    0.670971
 1697.000000    0.668385
 1702.000000    0.648645
 1707.000000    0.633759
 1712.000000    0.640705
 1717.000000    0.672808
 1722.000000    0.735640
 1727.000000    0.768196
 1732.000000    0.776893
 1737.000000    0.790595
 1742.000000    0.799740
 1747.000000    0.798141
 1752.000000    0.787456
 1757.000000    0.805425
 1762.000000    0.765283
 1767.000000    0.748800
 1772.000000    0.704885
 1777.000000    0.716208
 1782.000000    0.684478
 1787.000000    0.697202
 1792.000000    0.710250
 1797.000000    0.699274
 1802.000000    0.718374
 1807.000000    0.724248
 1812.000000    0.767261
 1817.000000    0.764923
 1822.000000    0.733340
 1827.000000    0.765487
 1832.000000    0.782653
 1837.000000    0.784618
 1842.000000    0.807175
 1847.000000    0.821502
 1852.000000    0.832755
 1857.000000    0.817524
 1862.000000    0.828311
 1867.000000    0.807252
 1872.000000    0.757683
 1877.000000    0.751997
 1882.000000    0.739928
 1887.000000    0.701352
 1892.000000    0.700264
 1897.000000    0.703975
 1902.000000    0.669562
 1907.000000    0.637498
