#  pixel_depth  alphabetafraction   >  Analysis of alpha beta fraction
   27.000000    0.927573
   32.000000    0.925836
   37.000000    0.928471
   42.000000    0.927569
   47.000000    0.934959
   52.000000    0.940462
   57.000000    0.942186
   62.000000    0.939909
   67.000000    0.942625
   72.000000    0.927021
   77.000000    0.909699
   82.000000    0.927469
   87.000000    0.917098
   92.000000    0.897996
   97.000000    0.892129
  102.000000    0.896591
  107.000000    0.937188
  112.000000    0.946396
  117.000000    0.938623
  122.000000    0.942862
  127.000000    0.930927
  132.000000    0.895345
  137.000000    0.877657
  142.000000    0.902949
  147.000000    0.889483
  152.000000    0.884717
  157.000000    0.899550
  162.000000    0.897974
  167.000000    0.877516
  172.000000    0.858448
  177.000000    0.861853
  182.000000    0.875281
  187.000000    0.867404
  192.000000    0.850509
  197.000000    0.847741
  202.000000    0.833559
  207.000000    0.806309
  212.000000    0.824718
  217.000000    0.862399
  222.000000    0.904468
  227.000000    0.912483
  232.000000    0.911352
  237.000000    0.902663
  242.000000    0.909847
  247.000000    0.916238
  252.000000    0.919344
  257.000000    0.904381
  262.000000    0.883081
  267.000000    0.881270
  272.000000    0.887722
  277.000000    0.888688
  282.000000    0.864006
  287.000000    0.873781
  292.000000    0.877336
  297.000000    0.874983
  302.000000    0.883380
  307.000000    0.887440
  312.000000    0.883860
  317.000000    0.901599
  322.000000    0.920790
  327.000000    0.897423
  332.000000    0.878914
  337.000000    0.868679
  342.000000    0.858824
  347.000000    0.863769
  352.000000    0.854263
  357.000000    0.847738
  362.000000    0.866698
  367.000000    0.882144
  372.000000    0.886697
  377.000000    0.885171
  382.000000    0.869434
  387.000000    0.839205
  392.000000    0.802844
  397.000000    0.804028
  402.000000    0.806934
  407.000000    0.855920
  412.000000    0.864715
  417.000000    0.861638
  422.000000    0.876498
  427.000000    0.878884
  432.000000    0.860496
  437.000000    0.848096
  442.000000    0.844802
  447.000000    0.818405
  452.000000    0.785449
  457.000000    0.764927
  462.000000    0.777663
  467.000000    0.821578
  472.000000    0.845189
  477.000000    0.867409
  482.000000    0.903006
  487.000000    0.913434
  492.000000    0.920162
  497.000000    0.909415
  502.000000    0.863678
  507.000000    0.851357
  512.000000    0.843645
  517.000000    0.805575
  522.000000    0.791605
  527.000000    0.754617
  532.000000    0.771717
  537.000000    0.774132
  542.000000    0.787907
  547.000000    0.785452
  552.000000    0.788018
  557.000000    0.791596
  562.000000    0.800043
  567.000000    0.783729
  572.000000    0.783741
  577.000000    0.781370
  582.000000    0.803355
  587.000000    0.823884
  592.000000    0.780083
  597.000000    0.768602
  602.000000    0.786195
  607.000000    0.787214
  612.000000    0.804661
  617.000000    0.810911
  622.000000    0.822775
  627.000000    0.814082
  632.000000    0.790800
  637.000000    0.782904
  642.000000    0.775244
  647.000000    0.790852
  652.000000    0.796468
  657.000000    0.773997
  662.000000    0.761154
  667.000000    0.794193
  672.000000    0.807948
  677.000000    0.818515
  682.000000    0.818896
  687.000000    0.814962
  692.000000    0.820123
  697.000000    0.837412
  702.000000    0.848115
  707.000000    0.842358
  712.000000    0.820467
  717.000000    0.797137
  722.000000    0.783553
  727.000000    0.772134
  732.000000    0.769992
  737.000000    0.781599
  742.000000    0.797650
  747.000000    0.809859
  752.000000    0.817597
  757.000000    0.814894
  762.000000    0.815409
  767.000000    0.819356
  772.000000    0.803870
  777.000000    0.786784
  782.000000    0.784571
  787.000000    0.790684
  792.000000    0.804595
  797.000000    0.818711
  802.000000    0.812611
  807.000000    0.798608
  812.000000    0.754228
  817.000000    0.715335
  822.000000    0.711063
  827.000000    0.707090
  832.000000    0.724659
  837.000000    0.728659
  842.000000    0.756951
  847.000000    0.770860
  852.000000    0.752989
  857.000000    0.759540
  862.000000    0.776423
  867.000000    0.794409
  872.000000    0.821405
  877.000000    0.812033
  882.000000    0.826055
  887.000000    0.822483
  892.000000    0.800730
  897.000000    0.781467
  902.000000    0.777201
  907.000000    0.752181
  912.000000    0.732402
  917.000000    0.736950
  922.000000    0.721677
  927.000000    0.721699
  932.000000    0.714818
  937.000000    0.706289
  942.000000    0.716674
  947.000000    0.724427
  952.000000    0.717204
  957.000000    0.718636
  962.000000    0.709000
  967.000000    0.685078
  972.000000    0.692663
  977.000000    0.715808
  982.000000    0.725614
  987.000000    0.742672
  992.000000    0.743530
  997.000000    0.730489
 1002.000000    0.719977
 1007.000000    0.717781
 1012.000000    0.712183
 1017.000000    0.711131
 1022.000000    0.737121
 1027.000000    0.770622
 1032.000000    0.765675
 1037.000000    0.748919
 1042.000000    0.726378
 1047.000000    0.721972
 1052.000000    0.747926
 1057.000000    0.767677
 1062.000000    0.792832
 1067.000000    0.801081
 1072.000000    0.824763
 1077.000000    0.819609
 1082.000000    0.808744
 1087.000000    0.798717
 1092.000000    0.790817
 1097.000000    0.771642
 1102.000000    0.743272
 1107.000000    0.726428
 1112.000000    0.728127
 1117.000000    0.722215
 1122.000000    0.733620
 1127.000000    0.742288
 1132.000000    0.735847
 1137.000000    0.695774
 1142.000000    0.719446
 1147.000000    0.754085
 1152.000000    0.777079
 1157.000000    0.766742
 1162.000000    0.767453
 1167.000000    0.791933
 1172.000000    0.788291
 1177.000000    0.770360
 1182.000000    0.738041
 1187.000000    0.709759
 1192.000000    0.672203
 1197.000000    0.661021
 1202.000000    0.664972
 1207.000000    0.662305
 1212.000000    0.650380
 1217.000000    0.651193
 1222.000000    0.625405
 1227.000000    0.627372
 1232.000000    0.668419
 1237.000000    0.698184
 1242.000000    0.713980
 1247.000000    0.753930
 1252.000000    0.766539
 1257.000000    0.759381
 1262.000000    0.727362
 1267.000000    0.727232
 1272.000000    0.753879
 1277.000000    0.790090
 1282.000000    0.790029
 1287.000000    0.809991
 1292.000000    0.824142
 1297.000000    0.831152
 1302.000000    0.839040
 1307.000000    0.833170
 1312.000000    0.826447
 1317.000000    0.824137
 1322.000000    0.805961
 1327.000000    0.824878
 1332.000000    0.836981
 1337.000000    0.830087
 1342.000000    0.793155
 1347.000000    0.775070
 1352.000000    0.745615
 1357.000000    0.733583
 1362.000000    0.760029
 1367.000000    0.767090
 1372.000000    0.751998
 1377.000000    0.724094
 1382.000000    0.707293
 1387.000000    0.713674
 1392.000000    0.734713
 1397.000000    0.746973
 1402.000000    0.768466
 1407.000000    0.789275
 1412.000000    0.813455
 1417.000000    0.829922
 1422.000000    0.847244
 1427.000000    0.836284
 1432.000000    0.840670
 1437.000000    0.835043
 1442.000000    0.818876
 1447.000000    0.799649
 1452.000000    0.808049
 1457.000000    0.792871
 1462.000000    0.769733
 1467.000000    0.747942
 1472.000000    0.719623
 1477.000000    0.702129
 1482.000000    0.705541
 1487.000000    0.729299
 1492.000000    0.738002
 1497.000000    0.773293
 1502.000000    0.754832
 1507.000000    0.748623
 1512.000000    0.768197
 1517.000000    0.777418
 1522.000000    0.784145
 1527.000000    0.804022
 1532.000000    0.801820
 1537.000000    0.810806
 1542.000000    0.834289
 1547.000000    0.827991
 1552.000000    0.809195
 1557.000000    0.798928
 1562.000000    0.773723
 1567.000000    0.744442
 1572.000000    0.754618
 1577.000000    0.769316
 1582.000000    0.800687
 1587.000000    0.804631
 1592.000000    0.832005
 1597.000000    0.855648
 1602.000000    0.851784
 1607.000000    0.843422
 1612.000000    0.823004
 1617.000000    0.817242
 1622.000000    0.805704
 1627.000000    0.768741
 1632.000000    0.742378
 1637.000000    0.747494
 1642.000000    0.735921
 1647.000000    0.754184
 1652.000000    0.766476
 1657.000000    0.803548
 1662.000000    0.841287
 1667.000000    0.857081
 1672.000000    0.854224
 1677.000000    0.842918
 1682.000000    0.822321
 1687.000000    0.805958
 1692.000000    0.804975
 1697.000000    0.834690
 1702.000000    0.836159
 1707.000000    0.841076
 1712.000000    0.831664
 1717.000000    0.815192
 1722.000000    0.780303
 1727.000000    0.731526
 1732.000000    0.730019
 1737.000000    0.718530
