#  pixel_depth  alphabetafraction   >  Analysis of alpha beta fraction
   65.000000    0.738164
   70.000000    0.733785
   75.000000    0.710368
   80.000000    0.681425
   85.000000    0.640899
   90.000000    0.623004
   95.000000    0.630425
  100.000000    0.649065
  105.000000    0.642808
  110.000000    0.663889
  115.000000    0.663167
  120.000000    0.681688
  125.000000    0.675885
  130.000000    0.690166
  135.000000    0.672728
  140.000000    0.653355
  145.000000    0.643601
  150.000000    0.653175
  155.000000    0.659215
  160.000000    0.653779
  165.000000    0.675956
  170.000000    0.709514
  175.000000    0.701681
  180.000000    0.710485
  185.000000    0.719937
  190.000000    0.700856
  195.000000    0.739780
  200.000000    0.736125
  205.000000    0.723017
  210.000000    0.725943
  215.000000    0.749132
  220.000000    0.754315
  225.000000    0.755960
  230.000000    0.763247
  235.000000    0.766906
  240.000000    0.776923
  245.000000    0.762084
  250.000000    0.760940
  255.000000    0.741363
  260.000000    0.762057
  265.000000    0.764229
  270.000000    0.750385
  275.000000    0.741010
  280.000000    0.735553
  285.000000    0.723058
  290.000000    0.726917
  295.000000    0.714570
  300.000000    0.692275
  305.000000    0.689133
  310.000000    0.694721
  315.000000    0.720021
  320.000000    0.709083
  325.000000    0.688326
  330.000000    0.685068
  335.000000    0.685490
  340.000000    0.689003
  345.000000    0.692839
  350.000000    0.720484
  355.000000    0.757669
  360.000000    0.763248
  365.000000    0.773893
  370.000000    0.753529
  375.000000    0.738896
  380.000000    0.710650
  385.000000    0.676243
  390.000000    0.707817
  395.000000    0.754355
  400.000000    0.742106
  405.000000    0.724693
  410.000000    0.720626
  415.000000    0.730421
  420.000000    0.705564
  425.000000    0.673494
  430.000000    0.618939
  435.000000    0.585178
  440.000000    0.595367
  445.000000    0.607896
  450.000000    0.644378
  455.000000    0.672297
  460.000000    0.709012
  465.000000    0.749682
  470.000000    0.768915
  475.000000    0.782117
  480.000000    0.782759
  485.000000    0.767734
  490.000000    0.775486
  495.000000    0.780289
  500.000000    0.793307
  505.000000    0.781268
  510.000000    0.749942
  515.000000    0.705870
  520.000000    0.669327
  525.000000    0.661238
  530.000000    0.672308
  535.000000    0.684881
  540.000000    0.695865
  545.000000    0.687869
  550.000000    0.683318
  555.000000    0.667070
  560.000000    0.665914
  565.000000    0.664660
  570.000000    0.697840
  575.000000    0.714813
  580.000000    0.710943
  585.000000    0.722761
  590.000000    0.741964
  595.000000    0.786076
  600.000000    0.766552
  605.000000    0.773555
  610.000000    0.785611
  615.000000    0.769702
  620.000000    0.730851
  625.000000    0.705029
  630.000000    0.725411
  635.000000    0.744231
  640.000000    0.778310
  645.000000    0.776199
  650.000000    0.780344
  655.000000    0.780032
  660.000000    0.766422
  665.000000    0.731632
  670.000000    0.730807
  675.000000    0.727939
  680.000000    0.722778
  685.000000    0.740291
  690.000000    0.746717
  695.000000    0.771987
  700.000000    0.744549
  705.000000    0.734510
  710.000000    0.734994
  715.000000    0.763472
  720.000000    0.765325
  725.000000    0.742745
  730.000000    0.725359
  735.000000    0.715491
  740.000000    0.701367
  745.000000    0.698209
  750.000000    0.711123
  755.000000    0.722319
  760.000000    0.738664
  765.000000    0.729258
  770.000000    0.715592
  775.000000    0.719460
  780.000000    0.737911
  785.000000    0.735641
  790.000000    0.734673
  795.000000    0.710739
  800.000000    0.686821
  805.000000    0.710497
  810.000000    0.726241
  815.000000    0.744356
  820.000000    0.762570
  825.000000    0.764900
  830.000000    0.791798
  835.000000    0.804258
  840.000000    0.800975
  845.000000    0.795690
  850.000000    0.803949
  855.000000    0.803459
  860.000000    0.809596
  865.000000    0.813515
  870.000000    0.823833
  875.000000    0.819992
  880.000000    0.778635
  885.000000    0.776322
  890.000000    0.778730
  895.000000    0.743966
  900.000000    0.716401
  905.000000    0.696352
  910.000000    0.691803
  915.000000    0.692321
  920.000000    0.710494
  925.000000    0.705493
  930.000000    0.709302
  935.000000    0.750698
  940.000000    0.782799
  945.000000    0.830608
  950.000000    0.842998
  955.000000    0.836671
  960.000000    0.850510
  965.000000    0.823720
  970.000000    0.837533
  975.000000    0.810945
  980.000000    0.748478
  985.000000    0.734919
  990.000000    0.746915
  995.000000    0.787693
 1000.000000    0.794708
 1005.000000    0.807735
 1010.000000    0.795320
 1015.000000    0.775732
 1020.000000    0.730061
 1025.000000    0.718361
 1030.000000    0.715527
 1035.000000    0.701493
 1040.000000    0.684334
 1045.000000    0.695264
 1050.000000    0.685453
 1055.000000    0.667008
 1060.000000    0.707418
 1065.000000    0.734886
 1070.000000    0.752595
 1075.000000    0.783059
 1080.000000    0.819080
 1085.000000    0.830790
 1090.000000    0.824512
 1095.000000    0.814223
 1100.000000    0.842957
 1105.000000    0.816547
 1110.000000    0.761594
 1115.000000    0.709419
 1120.000000    0.672272
 1125.000000    0.655966
 1130.000000    0.599476
 1135.000000    0.552384
 1140.000000    0.555857
 1145.000000    0.587434
 1150.000000    0.621301
 1155.000000    0.662513
 1160.000000    0.693355
 1165.000000    0.746807
 1170.000000    0.770893
 1175.000000    0.789838
 1180.000000    0.795272
 1185.000000    0.740660
 1190.000000    0.698380
 1195.000000    0.678260
 1200.000000    0.688751
 1205.000000    0.691442
 1210.000000    0.705366
 1215.000000    0.714480
 1220.000000    0.707697
 1225.000000    0.703235
 1230.000000    0.731391
 1235.000000    0.772605
 1240.000000    0.784168
 1245.000000    0.776349
 1250.000000    0.756702
 1255.000000    0.758725
 1260.000000    0.754319
 1265.000000    0.727647
 1270.000000    0.726981
 1275.000000    0.744700
 1280.000000    0.763057
 1285.000000    0.751420
 1290.000000    0.711033
 1295.000000    0.722716
 1300.000000    0.725489
 1305.000000    0.695785
 1310.000000    0.697019
 1315.000000    0.694276
 1320.000000    0.719969
 1325.000000    0.757002
 1330.000000    0.794129
 1335.000000    0.792702
 1340.000000    0.799903
 1345.000000    0.809598
 1350.000000    0.828084
 1355.000000    0.843326
 1360.000000    0.828743
 1365.000000    0.825705
 1370.000000    0.842077
 1375.000000    0.799107
 1380.000000    0.773092
 1385.000000    0.767443
 1390.000000    0.781917
 1395.000000    0.782638
 1400.000000    0.774479
 1405.000000    0.777639
 1410.000000    0.763885
 1415.000000    0.769112
 1420.000000    0.764470
 1425.000000    0.771628
 1430.000000    0.790795
 1435.000000    0.804682
 1440.000000    0.812220
 1445.000000    0.802202
 1450.000000    0.793174
 1455.000000    0.805922
 1460.000000    0.813494
 1465.000000    0.796298
 1470.000000    0.797952
 1475.000000    0.781877
 1480.000000    0.769276
 1485.000000    0.768407
 1490.000000    0.756792
 1495.000000    0.765511
 1500.000000    0.761332
 1505.000000    0.762229
 1510.000000    0.769192
 1515.000000    0.769509
 1520.000000    0.779376
 1525.000000    0.803776
 1530.000000    0.838557
 1535.000000    0.849272
 1540.000000    0.852237
 1545.000000    0.843150
 1550.000000    0.820959
 1555.000000    0.803796
 1560.000000    0.776969
 1565.000000    0.736987
 1570.000000    0.698435
 1575.000000    0.694936
 1580.000000    0.690785
 1585.000000    0.735192
 1590.000000    0.734740
 1595.000000    0.771444
 1600.000000    0.767351
 1605.000000    0.766827
 1610.000000    0.763261
 1615.000000    0.755041
 1620.000000    0.755176
 1625.000000    0.753204
 1630.000000    0.726844
 1635.000000    0.709247
 1640.000000    0.697664
 1645.000000    0.692296
 1650.000000    0.730078
 1655.000000    0.789215
 1660.000000    0.806331
 1665.000000    0.809316
 1670.000000    0.798003
 1675.000000    0.795129
 1680.000000    0.794426
 1685.000000    0.808708
 1690.000000    0.808703
 1695.000000    0.815100
 1700.000000    0.824225
 1705.000000    0.840208
 1710.000000    0.832755
 1715.000000    0.844354
 1720.000000    0.815639
 1725.000000    0.806661
 1730.000000    0.811235
 1735.000000    0.848489
