#  pixel_depth  alphabetafraction   >  Analysis of alpha beta fraction
  106.000000    0.736461
  111.000000    0.718351
  116.000000    0.691162
  121.000000    0.670753
  126.000000    0.667959
  131.000000    0.677543
  136.000000    0.668164
  141.000000    0.654250
  146.000000    0.619811
  151.000000    0.614783
  156.000000    0.640949
  161.000000    0.639881
  166.000000    0.673095
  171.000000    0.693078
  176.000000    0.699257
  181.000000    0.704526
  186.000000    0.695983
  191.000000    0.693836
  196.000000    0.689506
  201.000000    0.690631
  206.000000    0.694687
  211.000000    0.705270
  216.000000    0.726646
  221.000000    0.717169
  226.000000    0.694954
  231.000000    0.679279
  236.000000    0.683046
  241.000000    0.685097
  246.000000    0.691170
  251.000000    0.708453
  256.000000    0.744126
  261.000000    0.720373
  266.000000    0.694653
  271.000000    0.637682
  276.000000    0.653357
  281.000000    0.661901
  286.000000    0.653718
  291.000000    0.684609
  296.000000    0.714285
  301.000000    0.750246
  306.000000    0.776458
  311.000000    0.799524
  316.000000    0.768407
  321.000000    0.730132
  326.000000    0.713847
  331.000000    0.673063
  336.000000    0.648415
  341.000000    0.684915
  346.000000    0.717358
  351.000000    0.764394
  356.000000    0.775229
  361.000000    0.789664
  366.000000    0.791509
  371.000000    0.780898
  376.000000    0.772769
  381.000000    0.756516
  386.000000    0.735214
  391.000000    0.700818
  396.000000    0.681969
  401.000000    0.660079
  406.000000    0.628969
  411.000000    0.624276
  416.000000    0.624008
  421.000000    0.648038
  426.000000    0.667693
  431.000000    0.677614
  436.000000    0.686811
  441.000000    0.686497
  446.000000    0.679908
  451.000000    0.678798
  456.000000    0.691004
  461.000000    0.711023
  466.000000    0.735874
  471.000000    0.747470
  476.000000    0.759022
  481.000000    0.751749
  486.000000    0.745201
  491.000000    0.725071
  496.000000    0.727451
  501.000000    0.721795
  506.000000    0.726134
  511.000000    0.741152
  516.000000    0.788122
  521.000000    0.773485
  526.000000    0.767055
  531.000000    0.767031
  536.000000    0.745316
  541.000000    0.763283
  546.000000    0.763878
  551.000000    0.762864
  556.000000    0.747367
  561.000000    0.744342
  566.000000    0.704848
  571.000000    0.685660
  576.000000    0.697853
  581.000000    0.703379
  586.000000    0.722977
  591.000000    0.726938
  596.000000    0.724685
  601.000000    0.747942
  606.000000    0.758767
  611.000000    0.737319
  616.000000    0.733803
  621.000000    0.704967
  626.000000    0.669207
  631.000000    0.673683
  636.000000    0.669970
  641.000000    0.697344
  646.000000    0.682450
  651.000000    0.637500
  656.000000    0.622134
  661.000000    0.621199
  666.000000    0.616626
  671.000000    0.629596
  676.000000    0.627314
  681.000000    0.647588
  686.000000    0.666709
  691.000000    0.685315
  696.000000    0.685756
  701.000000    0.726454
  706.000000    0.758138
  711.000000    0.780019
  716.000000    0.786057
  721.000000    0.747980
  726.000000    0.736626
  731.000000    0.718533
  736.000000    0.716974
  741.000000    0.713920
  746.000000    0.712437
  751.000000    0.748874
  756.000000    0.769824
  761.000000    0.773110
  766.000000    0.769698
  771.000000    0.729036
  776.000000    0.692368
  781.000000    0.728883
  786.000000    0.747494
  791.000000    0.737250
  796.000000    0.709818
  801.000000    0.702336
  806.000000    0.673813
  811.000000    0.663736
  816.000000    0.658884
  821.000000    0.634611
  826.000000    0.621569
  831.000000    0.614028
  836.000000    0.637696
  841.000000    0.658990
  846.000000    0.697381
  851.000000    0.702618
  856.000000    0.699558
  861.000000    0.732811
  866.000000    0.722202
  871.000000    0.699137
  876.000000    0.684571
  881.000000    0.684734
  886.000000    0.668285
  891.000000    0.646169
  896.000000    0.664185
  901.000000    0.692048
  906.000000    0.709350
  911.000000    0.677334
  916.000000    0.667037
  921.000000    0.680019
  926.000000    0.683846
  931.000000    0.677817
  936.000000    0.638286
  941.000000    0.629392
  946.000000    0.656325
  951.000000    0.685781
  956.000000    0.694897
  961.000000    0.706170
  966.000000    0.709903
  971.000000    0.709498
  976.000000    0.712128
  981.000000    0.717445
  986.000000    0.685998
  991.000000    0.649382
  996.000000    0.679069
 1001.000000    0.694912
 1006.000000    0.694771
 1011.000000    0.693030
 1016.000000    0.702372
 1021.000000    0.691896
 1026.000000    0.667685
 1031.000000    0.679110
 1036.000000    0.667432
 1041.000000    0.665348
 1046.000000    0.662909
 1051.000000    0.675373
 1056.000000    0.691638
 1061.000000    0.676398
 1066.000000    0.700420
 1071.000000    0.723749
 1076.000000    0.715741
 1081.000000    0.710008
 1086.000000    0.736178
 1091.000000    0.765311
 1096.000000    0.793737
 1101.000000    0.790230
 1106.000000    0.791024
 1111.000000    0.788838
 1116.000000    0.791554
 1121.000000    0.790449
 1126.000000    0.774417
 1131.000000    0.741839
 1136.000000    0.704704
 1141.000000    0.649203
 1146.000000    0.620136
 1151.000000    0.614555
 1156.000000    0.592651
 1161.000000    0.599728
 1166.000000    0.624457
 1171.000000    0.597396
 1176.000000    0.628861
 1181.000000    0.667475
 1186.000000    0.708474
 1191.000000    0.714455
 1196.000000    0.727383
 1201.000000    0.750808
 1206.000000    0.759938
 1211.000000    0.768668
 1216.000000    0.768622
 1221.000000    0.757743
 1226.000000    0.744345
 1231.000000    0.726168
 1236.000000    0.691881
 1241.000000    0.699523
 1246.000000    0.697055
 1251.000000    0.689328
 1256.000000    0.667234
 1261.000000    0.674156
 1266.000000    0.699287
 1271.000000    0.680695
 1276.000000    0.677761
 1281.000000    0.710346
 1286.000000    0.701460
 1291.000000    0.700031
 1296.000000    0.713495
 1301.000000    0.727062
 1306.000000    0.731576
 1311.000000    0.726564
 1316.000000    0.724121
 1321.000000    0.755391
 1326.000000    0.745258
 1331.000000    0.753232
 1336.000000    0.741251
 1341.000000    0.734101
 1346.000000    0.749489
 1351.000000    0.790558
 1356.000000    0.779353
 1361.000000    0.760907
 1366.000000    0.763298
 1371.000000    0.771612
 1376.000000    0.755636
 1381.000000    0.732802
 1386.000000    0.715208
 1391.000000    0.698284
 1396.000000    0.696146
 1401.000000    0.669020
 1406.000000    0.667021
 1411.000000    0.721394
 1416.000000    0.786533
 1421.000000    0.832131
 1426.000000    0.850282
 1431.000000    0.853580
 1436.000000    0.849544
 1441.000000    0.834421
 1446.000000    0.790724
 1451.000000    0.775501
 1456.000000    0.765798
 1461.000000    0.753049
 1466.000000    0.768250
 1471.000000    0.772052
 1476.000000    0.768264
 1481.000000    0.775704
 1486.000000    0.795137
 1491.000000    0.796747
 1496.000000    0.805690
 1501.000000    0.809519
 1506.000000    0.811197
 1511.000000    0.833382
 1516.000000    0.839687
 1521.000000    0.852756
 1526.000000    0.819544
 1531.000000    0.801308
 1536.000000    0.779759
 1541.000000    0.735306
 1546.000000    0.717442
 1551.000000    0.738358
 1556.000000    0.768095
 1561.000000    0.772125
 1566.000000    0.779018
 1571.000000    0.799804
 1576.000000    0.796808
 1581.000000    0.771084
 1586.000000    0.746571
 1591.000000    0.756965
 1596.000000    0.736958
 1601.000000    0.731835
 1606.000000    0.733194
 1611.000000    0.738722
 1616.000000    0.762162
 1621.000000    0.784910
 1626.000000    0.801535
 1631.000000    0.807191
 1636.000000    0.797825
 1641.000000    0.766541
 1646.000000    0.756984
 1651.000000    0.749642
 1656.000000    0.747662
 1661.000000    0.763167
 1666.000000    0.778064
 1671.000000    0.778475
 1676.000000    0.795157
 1681.000000    0.814846
 1686.000000    0.841839
 1691.000000    0.829647
 1696.000000    0.802277
 1701.000000    0.802693
 1706.000000    0.795323
 1711.000000    0.786532
 1716.000000    0.765785
 1721.000000    0.776053
 1726.000000    0.784744
 1731.000000    0.784172
 1736.000000    0.761324
 1741.000000    0.746151
 1746.000000    0.721085
 1751.000000    0.728547
 1756.000000    0.755055
 1761.000000    0.770708
 1766.000000    0.784856
 1771.000000    0.802463
 1776.000000    0.788819
 1781.000000    0.776332
 1786.000000    0.747882
 1791.000000    0.717430
 1796.000000    0.692947
 1801.000000    0.697185
 1806.000000    0.692945
 1811.000000    0.688266
 1816.000000    0.685321
 1821.000000    0.708485
 1826.000000    0.684707
 1831.000000    0.696317
 1836.000000    0.704732
 1841.000000    0.692444
 1846.000000    0.685822
 1851.000000    0.706434
 1856.000000    0.696165
 1861.000000    0.700174
 1866.000000    0.695820
 1871.000000    0.700535
 1876.000000    0.718828
 1881.000000    0.754115
 1886.000000    0.772082
 1891.000000    0.758790
 1896.000000    0.752128
