#  pixel_depth  alphabetafraction   >  Analysis of alpha beta fraction
   67.000000    0.741105
   72.000000    0.738213
   77.000000    0.716800
   82.000000    0.693521
   87.000000    0.681851
   92.000000    0.639903
   97.000000    0.632756
  102.000000    0.628252
  107.000000    0.631632
  112.000000    0.644492
  117.000000    0.666001
  122.000000    0.692494
  127.000000    0.691659
  132.000000    0.694241
  137.000000    0.719219
  142.000000    0.723133
  147.000000    0.714694
  152.000000    0.698517
  157.000000    0.687977
  162.000000    0.697030
  167.000000    0.717098
  172.000000    0.740572
  177.000000    0.789508
  182.000000    0.809044
  187.000000    0.784921
  192.000000    0.751930
  197.000000    0.732878
  202.000000    0.696659
  207.000000    0.673351
  212.000000    0.658231
  217.000000    0.634316
  222.000000    0.638843
  227.000000    0.629640
  232.000000    0.640650
  237.000000    0.626692
  242.000000    0.642965
  247.000000    0.696826
  252.000000    0.732885
  257.000000    0.730295
  262.000000    0.753285
  267.000000    0.768008
  272.000000    0.767011
  277.000000    0.759376
  282.000000    0.758647
  287.000000    0.758122
  292.000000    0.746575
  297.000000    0.706492
  302.000000    0.683329
  307.000000    0.650084
  312.000000    0.649781
  317.000000    0.672464
  322.000000    0.661838
  327.000000    0.624262
  332.000000    0.571036
  337.000000    0.573672
  342.000000    0.593746
  347.000000    0.625348
  352.000000    0.683378
  357.000000    0.736874
  362.000000    0.750463
  367.000000    0.771752
  372.000000    0.756883
  377.000000    0.737509
  382.000000    0.735735
  387.000000    0.713136
  392.000000    0.665826
  397.000000    0.608304
  402.000000    0.595352
  407.000000    0.582524
  412.000000    0.574721
  417.000000    0.606696
  422.000000    0.639219
  427.000000    0.675073
  432.000000    0.698442
  437.000000    0.681737
  442.000000    0.700282
  447.000000    0.704224
  452.000000    0.689292
  457.000000    0.680158
  462.000000    0.654052
  467.000000    0.656366
  472.000000    0.657016
  477.000000    0.643490
  482.000000    0.658233
  487.000000    0.663072
  492.000000    0.666255
  497.000000    0.684910
  502.000000    0.720570
  507.000000    0.715311
  512.000000    0.729208
  517.000000    0.738034
  522.000000    0.722274
  527.000000    0.686825
  532.000000    0.657357
  537.000000    0.660268
  542.000000    0.685580
  547.000000    0.677333
  552.000000    0.613305
  557.000000    0.589254
  562.000000    0.585386
  567.000000    0.598052
  572.000000    0.587169
  577.000000    0.607013
  582.000000    0.608130
  587.000000    0.601814
  592.000000    0.618750
  597.000000    0.641866
  602.000000    0.634687
  607.000000    0.628606
  612.000000    0.654670
  617.000000    0.677072
  622.000000    0.688832
  627.000000    0.670317
  632.000000    0.695008
  637.000000    0.691968
  642.000000    0.720416
  647.000000    0.731965
  652.000000    0.743438
  657.000000    0.763894
  662.000000    0.771374
  667.000000    0.758373
  672.000000    0.741837
  677.000000    0.676824
  682.000000    0.640955
  687.000000    0.628874
  692.000000    0.657493
  697.000000    0.672014
  702.000000    0.693069
  707.000000    0.737472
  712.000000    0.765774
  717.000000    0.758018
  722.000000    0.776405
  727.000000    0.787237
  732.000000    0.786856
  737.000000    0.787296
  742.000000    0.774036
  747.000000    0.740143
  752.000000    0.697524
  757.000000    0.710798
  762.000000    0.704696
  767.000000    0.688698
  772.000000    0.668519
  777.000000    0.673470
  782.000000    0.661023
  787.000000    0.632086
  792.000000    0.584391
  797.000000    0.567403
  802.000000    0.596749
  807.000000    0.633518
  812.000000    0.671906
  817.000000    0.684592
  822.000000    0.677641
  827.000000    0.679402
  832.000000    0.683635
  837.000000    0.667896
  842.000000    0.655942
  847.000000    0.639846
  852.000000    0.623001
  857.000000    0.597443
  862.000000    0.601078
  867.000000    0.586792
  872.000000    0.561491
  877.000000    0.561762
  882.000000    0.560009
  887.000000    0.552409
  892.000000    0.556264
  897.000000    0.567502
  902.000000    0.584792
  907.000000    0.617482
  912.000000    0.644661
  917.000000    0.691639
  922.000000    0.696517
  927.000000    0.726488
  932.000000    0.722780
  937.000000    0.749596
  942.000000    0.769040
  947.000000    0.762375
  952.000000    0.723333
  957.000000    0.678177
  962.000000    0.656640
  967.000000    0.630103
  972.000000    0.606762
  977.000000    0.594677
  982.000000    0.584086
  987.000000    0.584369
  992.000000    0.602745
  997.000000    0.667423
 1002.000000    0.694996
 1007.000000    0.725324
 1012.000000    0.758199
 1017.000000    0.790232
 1022.000000    0.801902
 1027.000000    0.797902
 1032.000000    0.779200
 1037.000000    0.750035
 1042.000000    0.746004
 1047.000000    0.741195
 1052.000000    0.736919
 1057.000000    0.727213
 1062.000000    0.719564
 1067.000000    0.717519
 1072.000000    0.693953
 1077.000000    0.682895
 1082.000000    0.650854
 1087.000000    0.619978
 1092.000000    0.621387
 1097.000000    0.623822
 1102.000000    0.639796
 1107.000000    0.641740
 1112.000000    0.628192
 1117.000000    0.650874
 1122.000000    0.658501
 1127.000000    0.654143
 1132.000000    0.654036
 1137.000000    0.667553
 1142.000000    0.655270
 1147.000000    0.628303
 1152.000000    0.601384
 1157.000000    0.599923
 1162.000000    0.604878
 1167.000000    0.596770
 1172.000000    0.589928
 1177.000000    0.575405
 1182.000000    0.596968
 1187.000000    0.617784
 1192.000000    0.624995
 1197.000000    0.635588
 1202.000000    0.651182
 1207.000000    0.651191
 1212.000000    0.651655
 1217.000000    0.649307
 1222.000000    0.688617
 1227.000000    0.711759
 1232.000000    0.698885
 1237.000000    0.677156
 1242.000000    0.642298
 1247.000000    0.632359
 1252.000000    0.611028
 1257.000000    0.599582
 1262.000000    0.627262
 1267.000000    0.639245
 1272.000000    0.607260
 1277.000000    0.613718
 1282.000000    0.640436
 1287.000000    0.670235
 1292.000000    0.696238
 1297.000000    0.703243
 1302.000000    0.709742
 1307.000000    0.684208
 1312.000000    0.662966
 1317.000000    0.622289
 1322.000000    0.563655
 1327.000000    0.550781
 1332.000000    0.569824
 1337.000000    0.592456
 1342.000000    0.629601
 1347.000000    0.624546
 1352.000000    0.619036
 1357.000000    0.606035
 1362.000000    0.605228
 1367.000000    0.564000
 1372.000000    0.561516
 1377.000000    0.572660
 1382.000000    0.585605
 1387.000000    0.615464
 1392.000000    0.652305
 1397.000000    0.673482
 1402.000000    0.691113
 1407.000000    0.676550
 1412.000000    0.650567
 1417.000000    0.692832
 1422.000000    0.696899
 1427.000000    0.696051
 1432.000000    0.705009
 1437.000000    0.737411
 1442.000000    0.746864
 1447.000000    0.747457
 1452.000000    0.753160
 1457.000000    0.724850
 1462.000000    0.685313
 1467.000000    0.624893
 1472.000000    0.591971
 1477.000000    0.565662
 1482.000000    0.555850
 1487.000000    0.538984
 1492.000000    0.526294
 1497.000000    0.520070
 1502.000000    0.552417
 1507.000000    0.560653
 1512.000000    0.595586
 1517.000000    0.643577
 1522.000000    0.692847
 1527.000000    0.726358
 1532.000000    0.740727
 1537.000000    0.752182
 1542.000000    0.728030
 1547.000000    0.701313
 1552.000000    0.696882
 1557.000000    0.718271
 1562.000000    0.712618
 1567.000000    0.696994
 1572.000000    0.672803
 1577.000000    0.663490
 1582.000000    0.649074
 1587.000000    0.621438
 1592.000000    0.606531
 1597.000000    0.599740
 1602.000000    0.641684
 1607.000000    0.681085
 1612.000000    0.694495
 1617.000000    0.725141
 1622.000000    0.749369
 1627.000000    0.770425
 1632.000000    0.802730
 1637.000000    0.805083
 1642.000000    0.789967
 1647.000000    0.769234
 1652.000000    0.755683
 1657.000000    0.720325
 1662.000000    0.655447
 1667.000000    0.620541
 1672.000000    0.570972
 1677.000000    0.548338
 1682.000000    0.555225
 1687.000000    0.589052
 1692.000000    0.620176
 1697.000000    0.590046
 1702.000000    0.563246
 1707.000000    0.537365
 1712.000000    0.540376
 1717.000000    0.577646
 1722.000000    0.603542
