#  pixel_depth  alphabetafraction   >  Analysis of alpha beta fraction
  205.000000    0.672567
  210.000000    0.652530
  215.000000    0.683708
  220.000000    0.693211
  225.000000    0.689194
  230.000000    0.718520
  235.000000    0.713981
  240.000000    0.702391
  245.000000    0.690601
  250.000000    0.688868
  255.000000    0.709165
  260.000000    0.739271
  265.000000    0.749940
  270.000000    0.763895
  275.000000    0.797415
  280.000000    0.774979
  285.000000    0.690336
  290.000000    0.650901
  295.000000    0.652601
  300.000000    0.643240
  305.000000    0.632798
  310.000000    0.640596
  315.000000    0.636791
  320.000000    0.651316
  325.000000    0.640033
  330.000000    0.661477
  335.000000    0.640321
  340.000000    0.684117
  345.000000    0.695950
  350.000000    0.690955
  355.000000    0.683190
  360.000000    0.660994
  365.000000    0.688742
  370.000000    0.660473
  375.000000    0.670472
  380.000000    0.695031
  385.000000    0.701781
  390.000000    0.705149
  395.000000    0.704797
  400.000000    0.720662
  405.000000    0.691069
  410.000000    0.697739
  415.000000    0.698412
  420.000000    0.684596
  425.000000    0.698539
  430.000000    0.710815
  435.000000    0.714464
  440.000000    0.693380
  445.000000    0.722591
  450.000000    0.749333
  455.000000    0.753547
  460.000000    0.733431
  465.000000    0.722220
  470.000000    0.671412
  475.000000    0.678531
  480.000000    0.703398
  485.000000    0.716898
  490.000000    0.735561
  495.000000    0.746020
  500.000000    0.714287
  505.000000    0.688391
  510.000000    0.685036
  515.000000    0.701181
  520.000000    0.707036
  525.000000    0.714794
  530.000000    0.742195
  535.000000    0.739399
  540.000000    0.712232
  545.000000    0.700000
  550.000000    0.694852
  555.000000    0.692310
  560.000000    0.690403
  565.000000    0.671112
  570.000000    0.688399
  575.000000    0.746287
  580.000000    0.775803
  585.000000    0.797547
  590.000000    0.791700
  595.000000    0.792371
  600.000000    0.784588
  605.000000    0.775168
  610.000000    0.786057
  615.000000    0.780266
  620.000000    0.753518
  625.000000    0.747536
  630.000000    0.715361
  635.000000    0.702385
  640.000000    0.663708
  645.000000    0.647675
  650.000000    0.690062
  655.000000    0.738328
  660.000000    0.744912
  665.000000    0.730514
  670.000000    0.708755
  675.000000    0.656034
  680.000000    0.631869
  685.000000    0.651704
  690.000000    0.681368
  695.000000    0.700458
  700.000000    0.728674
  705.000000    0.756052
  710.000000    0.776358
  715.000000    0.768475
  720.000000    0.760335
  725.000000    0.768856
  730.000000    0.767193
  735.000000    0.769188
  740.000000    0.751923
  745.000000    0.751181
  750.000000    0.764962
  755.000000    0.757829
  760.000000    0.730307
  765.000000    0.699909
  770.000000    0.720671
  775.000000    0.713709
  780.000000    0.691350
  785.000000    0.690226
  790.000000    0.678076
  795.000000    0.699688
  800.000000    0.708570
  805.000000    0.713444
  810.000000    0.724715
  815.000000    0.729921
  820.000000    0.695550
  825.000000    0.688730
  830.000000    0.700122
  835.000000    0.710988
  840.000000    0.703074
  845.000000    0.719104
  850.000000    0.744579
  855.000000    0.759625
  860.000000    0.777793
  865.000000    0.803087
  870.000000    0.781987
  875.000000    0.785498
  880.000000    0.787455
  885.000000    0.760349
  890.000000    0.755367
  895.000000    0.759598
  900.000000    0.755310
  905.000000    0.769699
  910.000000    0.790582
  915.000000    0.768766
  920.000000    0.749102
  925.000000    0.752694
  930.000000    0.729120
  935.000000    0.718144
  940.000000    0.673925
  945.000000    0.654734
  950.000000    0.674566
  955.000000    0.684945
  960.000000    0.662918
  965.000000    0.690252
  970.000000    0.661699
  975.000000    0.699409
  980.000000    0.738594
  985.000000    0.748822
  990.000000    0.718871
  995.000000    0.702607
 1000.000000    0.704228
 1005.000000    0.721301
 1010.000000    0.729816
 1015.000000    0.756614
 1020.000000    0.754880
 1025.000000    0.746911
 1030.000000    0.749391
 1035.000000    0.723019
 1040.000000    0.706020
 1045.000000    0.708488
 1050.000000    0.726287
 1055.000000    0.747790
 1060.000000    0.737355
 1065.000000    0.746209
 1070.000000    0.724063
 1075.000000    0.685163
 1080.000000    0.697234
 1085.000000    0.692288
 1090.000000    0.687919
 1095.000000    0.696432
 1100.000000    0.679535
 1105.000000    0.660480
 1110.000000    0.671761
 1115.000000    0.672584
 1120.000000    0.702189
 1125.000000    0.707167
 1130.000000    0.725906
 1135.000000    0.711925
 1140.000000    0.683897
 1145.000000    0.692509
 1150.000000    0.690289
 1155.000000    0.678156
 1160.000000    0.695386
 1165.000000    0.707361
 1170.000000    0.730653
 1175.000000    0.785573
 1180.000000    0.809617
 1185.000000    0.819526
 1190.000000    0.803150
 1195.000000    0.799507
 1200.000000    0.799857
 1205.000000    0.790253
 1210.000000    0.756506
 1215.000000    0.750418
 1220.000000    0.740157
 1225.000000    0.693833
 1230.000000    0.623530
 1235.000000    0.645380
 1240.000000    0.638930
 1245.000000    0.614255
 1250.000000    0.652933
 1255.000000    0.663750
 1260.000000    0.685345
 1265.000000    0.694259
 1270.000000    0.710620
 1275.000000    0.765744
 1280.000000    0.777519
 1285.000000    0.795314
 1290.000000    0.797664
 1295.000000    0.776661
 1300.000000    0.763967
 1305.000000    0.755716
 1310.000000    0.770772
 1315.000000    0.765512
 1320.000000    0.765570
 1325.000000    0.774581
 1330.000000    0.745445
 1335.000000    0.717503
 1340.000000    0.720679
 1345.000000    0.698665
 1350.000000    0.667114
 1355.000000    0.639915
 1360.000000    0.636629
 1365.000000    0.642134
 1370.000000    0.637354
 1375.000000    0.645882
 1380.000000    0.674394
 1385.000000    0.677585
 1390.000000    0.685588
 1395.000000    0.719008
 1400.000000    0.737684
 1405.000000    0.767229
 1410.000000    0.765321
 1415.000000    0.730308
 1420.000000    0.704367
 1425.000000    0.720307
 1430.000000    0.763603
 1435.000000    0.802090
 1440.000000    0.833994
 1445.000000    0.820994
 1450.000000    0.818045
 1455.000000    0.834845
 1460.000000    0.831738
 1465.000000    0.812323
 1470.000000    0.768995
 1475.000000    0.728391
 1480.000000    0.730420
 1485.000000    0.734129
 1490.000000    0.725014
 1495.000000    0.721043
 1500.000000    0.689441
 1505.000000    0.689160
 1510.000000    0.686217
 1515.000000    0.700185
 1520.000000    0.747070
 1525.000000    0.743498
 1530.000000    0.723439
 1535.000000    0.689040
 1540.000000    0.677970
 1545.000000    0.694365
 1550.000000    0.717189
 1555.000000    0.709118
 1560.000000    0.707598
 1565.000000    0.721018
 1570.000000    0.729065
 1575.000000    0.743346
 1580.000000    0.761454
 1585.000000    0.754017
 1590.000000    0.723800
 1595.000000    0.695891
 1600.000000    0.703702
 1605.000000    0.726906
 1610.000000    0.725114
 1615.000000    0.748153
 1620.000000    0.740547
 1625.000000    0.749459
 1630.000000    0.721902
 1635.000000    0.708816
 1640.000000    0.698923
 1645.000000    0.684590
 1650.000000    0.703735
 1655.000000    0.729245
 1660.000000    0.765951
 1665.000000    0.792052
 1670.000000    0.799628
 1675.000000    0.792735
 1680.000000    0.815942
 1685.000000    0.829591
 1690.000000    0.839048
 1695.000000    0.846153
 1700.000000    0.811321
 1705.000000    0.807451
 1710.000000    0.786969
 1715.000000    0.774075
 1720.000000    0.728429
 1725.000000    0.671119
 1730.000000    0.605053
 1735.000000    0.584712
 1740.000000    0.597581
 1745.000000    0.623328
 1750.000000    0.624880
 1755.000000    0.632190
 1760.000000    0.673880
 1765.000000    0.731868
 1770.000000    0.739540
 1775.000000    0.725292
 1780.000000    0.716702
 1785.000000    0.717908
 1790.000000    0.703556
 1795.000000    0.720326
 1800.000000    0.735180
 1805.000000    0.774740
 1810.000000    0.804443
 1815.000000    0.804993
 1820.000000    0.780186
 1825.000000    0.768456
 1830.000000    0.778262
 1835.000000    0.760889
 1840.000000    0.707058
 1845.000000    0.696810
 1850.000000    0.700866
 1855.000000    0.750986
 1860.000000    0.727424
 1865.000000    0.720081
 1870.000000    0.712355
 1875.000000    0.711519
 1880.000000    0.691066
 1885.000000    0.683803
 1890.000000    0.687184
 1895.000000    0.716057
 1900.000000    0.731316
 1905.000000    0.771982
 1910.000000    0.805225
 1915.000000    0.826508
 1920.000000    0.836486
 1925.000000    0.844771
 1930.000000    0.838160
 1935.000000    0.834583
 1940.000000    0.823750
