#  pixel_depth  alphabetafraction   >  Analysis of alpha beta fraction
   68.000000    0.871677
   73.000000    0.889737
   78.000000    0.897305
   83.000000    0.902981
   88.000000    0.903293
   93.000000    0.896534
   98.000000    0.883695
  103.000000    0.897188
  108.000000    0.886333
  113.000000    0.878248
  118.000000    0.883478
  123.000000    0.887918
  128.000000    0.871613
  133.000000    0.859949
  138.000000    0.843356
  143.000000    0.852954
  148.000000    0.871459
  153.000000    0.867770
  158.000000    0.893659
  163.000000    0.918611
  168.000000    0.918039
  173.000000    0.899585
  178.000000    0.892972
  183.000000    0.891951
  188.000000    0.876144
  193.000000    0.860397
  198.000000    0.815542
  203.000000    0.795601
  208.000000    0.771149
  213.000000    0.777995
  218.000000    0.785573
  223.000000    0.820173
  228.000000    0.805483
  233.000000    0.805814
  238.000000    0.841442
  243.000000    0.860150
  248.000000    0.877193
  253.000000    0.875804
  258.000000    0.876715
  263.000000    0.872687
  268.000000    0.861509
  273.000000    0.835427
  278.000000    0.810963
  283.000000    0.789981
  288.000000    0.793110
  293.000000    0.814294
  298.000000    0.825819
  303.000000    0.801254
  308.000000    0.786565
  313.000000    0.806126
  318.000000    0.789347
  323.000000    0.789170
  328.000000    0.787777
  333.000000    0.820082
  338.000000    0.842774
  343.000000    0.815642
  348.000000    0.821386
  353.000000    0.815942
  358.000000    0.798611
  363.000000    0.823667
  368.000000    0.819585
  373.000000    0.811640
  378.000000    0.794546
  383.000000    0.803396
  388.000000    0.799431
  393.000000    0.801388
  398.000000    0.801149
  403.000000    0.821214
  408.000000    0.833388
  413.000000    0.848545
  418.000000    0.824264
  423.000000    0.790726
  428.000000    0.773041
  433.000000    0.788685
  438.000000    0.767369
  443.000000    0.777175
  448.000000    0.756915
  453.000000    0.746494
  458.000000    0.752624
  463.000000    0.757434
  468.000000    0.767184
  473.000000    0.753377
  478.000000    0.726454
  483.000000    0.674712
  488.000000    0.674416
  493.000000    0.690271
  498.000000    0.711398
  503.000000    0.753115
  508.000000    0.776535
  513.000000    0.798184
  518.000000    0.813823
  523.000000    0.811740
  528.000000    0.814485
  533.000000    0.808808
  538.000000    0.826971
  543.000000    0.826976
  548.000000    0.820970
  553.000000    0.790699
  558.000000    0.766363
  563.000000    0.763281
  568.000000    0.742184
  573.000000    0.698474
  578.000000    0.716086
  583.000000    0.759886
  588.000000    0.778631
  593.000000    0.767657
  598.000000    0.784695
  603.000000    0.792248
  608.000000    0.795693
  613.000000    0.816998
  618.000000    0.844738
  623.000000    0.839681
  628.000000    0.816588
  633.000000    0.820951
  638.000000    0.822126
  643.000000    0.841336
  648.000000    0.860536
  653.000000    0.854451
  658.000000    0.834138
  663.000000    0.825526
  668.000000    0.842926
  673.000000    0.845747
  678.000000    0.866056
  683.000000    0.871842
  688.000000    0.877866
  693.000000    0.875741
  698.000000    0.881651
  703.000000    0.868383
  708.000000    0.851061
  713.000000    0.825340
  718.000000    0.807489
  723.000000    0.773101
  728.000000    0.795437
  733.000000    0.795804
  738.000000    0.812032
  743.000000    0.864439
  748.000000    0.875949
  753.000000    0.884392
  758.000000    0.856694
  763.000000    0.808189
  768.000000    0.774827
  773.000000    0.753342
  778.000000    0.741968
  783.000000    0.725622
  788.000000    0.719047
  793.000000    0.686258
  798.000000    0.664715
  803.000000    0.671644
  808.000000    0.673965
  813.000000    0.647988
  818.000000    0.654640
  823.000000    0.681991
  828.000000    0.708908
  833.000000    0.753981
  838.000000    0.785588
  843.000000    0.812802
  848.000000    0.831366
  853.000000    0.827583
  858.000000    0.809887
  863.000000    0.832013
  868.000000    0.856828
  873.000000    0.869090
  878.000000    0.861626
  883.000000    0.852483
  888.000000    0.832277
  893.000000    0.820365
  898.000000    0.809240
  903.000000    0.800141
  908.000000    0.816572
  913.000000    0.792265
  918.000000    0.806625
  923.000000    0.819834
  928.000000    0.801226
  933.000000    0.824041
  938.000000    0.826287
  943.000000    0.804058
  948.000000    0.777525
  953.000000    0.752187
  958.000000    0.751023
  963.000000    0.771398
  968.000000    0.787010
  973.000000    0.793234
  978.000000    0.812289
  983.000000    0.809281
  988.000000    0.822103
  993.000000    0.815470
  998.000000    0.830089
 1003.000000    0.831411
 1008.000000    0.840992
 1013.000000    0.837033
 1018.000000    0.813534
 1023.000000    0.796728
 1028.000000    0.759992
 1033.000000    0.743508
 1038.000000    0.723322
 1043.000000    0.696484
 1048.000000    0.704324
 1053.000000    0.687304
 1058.000000    0.674799
 1063.000000    0.692926
 1068.000000    0.696013
 1073.000000    0.726387
 1078.000000    0.708882
 1083.000000    0.704278
 1088.000000    0.713772
 1093.000000    0.667238
 1098.000000    0.666898
 1103.000000    0.701990
 1108.000000    0.726290
 1113.000000    0.746781
 1118.000000    0.765530
 1123.000000    0.786143
 1128.000000    0.795975
 1133.000000    0.767878
 1138.000000    0.743011
 1143.000000    0.726058
 1148.000000    0.692234
 1153.000000    0.700233
 1158.000000    0.702286
 1163.000000    0.769801
 1168.000000    0.786872
 1173.000000    0.814542
 1178.000000    0.797229
 1183.000000    0.798428
 1188.000000    0.786405
 1193.000000    0.768455
 1198.000000    0.734840
 1203.000000    0.789268
 1208.000000    0.792075
 1213.000000    0.779993
 1218.000000    0.755952
 1223.000000    0.735861
 1228.000000    0.724060
 1233.000000    0.702331
 1238.000000    0.696984
 1243.000000    0.695008
 1248.000000    0.716302
 1253.000000    0.765523
 1258.000000    0.795452
 1263.000000    0.775266
 1268.000000    0.792780
 1273.000000    0.804137
 1278.000000    0.822541
 1283.000000    0.849162
 1288.000000    0.866646
 1293.000000    0.879053
 1298.000000    0.886545
 1303.000000    0.881719
 1308.000000    0.886638
 1313.000000    0.878153
 1318.000000    0.855056
 1323.000000    0.836694
 1328.000000    0.841034
 1333.000000    0.858695
 1338.000000    0.850080
 1343.000000    0.848434
 1348.000000    0.845322
 1353.000000    0.832200
 1358.000000    0.812927
 1363.000000    0.783607
 1368.000000    0.757060
 1373.000000    0.779477
 1378.000000    0.797600
 1383.000000    0.793493
 1388.000000    0.819020
 1393.000000    0.837972
 1398.000000    0.845172
 1403.000000    0.847863
 1408.000000    0.827498
 1413.000000    0.818046
 1418.000000    0.794160
 1423.000000    0.775859
 1428.000000    0.765675
 1433.000000    0.725626
 1438.000000    0.718533
 1443.000000    0.732970
 1448.000000    0.725656
 1453.000000    0.729113
 1458.000000    0.779274
 1463.000000    0.818515
 1468.000000    0.828744
 1473.000000    0.841923
 1478.000000    0.874653
 1483.000000    0.877944
 1488.000000    0.893390
 1493.000000    0.892281
 1498.000000    0.880850
 1503.000000    0.854886
 1508.000000    0.809402
 1513.000000    0.778505
 1518.000000    0.728966
 1523.000000    0.725949
 1528.000000    0.723559
 1533.000000    0.724123
 1538.000000    0.738066
 1543.000000    0.751717
 1548.000000    0.743898
 1553.000000    0.771093
 1558.000000    0.781371
 1563.000000    0.769218
 1568.000000    0.763869
 1573.000000    0.782768
 1578.000000    0.805796
 1583.000000    0.805032
 1588.000000    0.812310
 1593.000000    0.848588
 1598.000000    0.869173
 1603.000000    0.867496
 1608.000000    0.845019
 1613.000000    0.847506
 1618.000000    0.803893
 1623.000000    0.761693
 1628.000000    0.717026
 1633.000000    0.739587
 1638.000000    0.747712
 1643.000000    0.781335
 1648.000000    0.791432
 1653.000000    0.814070
 1658.000000    0.819720
 1663.000000    0.832740
 1668.000000    0.846659
 1673.000000    0.855007
 1678.000000    0.854626
 1683.000000    0.865611
 1688.000000    0.856524
 1693.000000    0.866572
 1698.000000    0.854435
 1703.000000    0.852897
 1708.000000    0.827114
 1713.000000    0.806332
 1718.000000    0.766412
 1723.000000    0.705691
 1728.000000    0.718397
 1733.000000    0.769393
 1738.000000    0.793154
 1743.000000    0.786476
 1748.000000    0.783941
 1753.000000    0.754021
 1758.000000    0.729115
 1763.000000    0.720628
 1768.000000    0.711111
 1773.000000    0.701765
 1778.000000    0.684293
 1783.000000    0.697219
 1788.000000    0.727331
 1793.000000    0.742044
