#  pixel_depth  alphabetafraction   >  Analysis of alpha beta fraction
  283.000000    0.650480
  288.000000    0.656204
  293.000000    0.664413
  298.000000    0.663203
  303.000000    0.660365
  308.000000    0.683162
  313.000000    0.692838
  318.000000    0.689524
  323.000000    0.684291
  328.000000    0.717214
  333.000000    0.723902
  338.000000    0.734286
  343.000000    0.745099
  348.000000    0.734303
  353.000000    0.749539
  358.000000    0.726560
  363.000000    0.717272
  368.000000    0.681873
  373.000000    0.707436
  378.000000    0.712648
  383.000000    0.736086
  388.000000    0.755657
  393.000000    0.769163
  398.000000    0.775374
  403.000000    0.760758
  408.000000    0.715400
  413.000000    0.715791
  418.000000    0.733920
  423.000000    0.713783
  428.000000    0.735006
  433.000000    0.732132
  438.000000    0.732660
  443.000000    0.720075
  448.000000    0.713862
  453.000000    0.718755
  458.000000    0.702045
  463.000000    0.697139
  468.000000    0.666932
  473.000000    0.662832
  478.000000    0.653877
  483.000000    0.646346
  488.000000    0.656157
  493.000000    0.638747
  498.000000    0.652468
  503.000000    0.684122
  508.000000    0.701315
  513.000000    0.726860
  518.000000    0.717484
  523.000000    0.692220
  528.000000    0.688811
  533.000000    0.698858
  538.000000    0.704291
  543.000000    0.694687
  548.000000    0.689573
  553.000000    0.699509
  558.000000    0.718633
  563.000000    0.748070
  568.000000    0.769571
  573.000000    0.795121
  578.000000    0.808384
  583.000000    0.808329
  588.000000    0.806567
  593.000000    0.790406
  598.000000    0.774861
  603.000000    0.728815
  608.000000    0.691646
  613.000000    0.686394
  618.000000    0.685113
  623.000000    0.676124
  628.000000    0.712933
  633.000000    0.759619
  638.000000    0.791598
  643.000000    0.802500
  648.000000    0.796800
  653.000000    0.790547
  658.000000    0.796590
  663.000000    0.802686
  668.000000    0.789261
  673.000000    0.779647
  678.000000    0.750665
  683.000000    0.785049
  688.000000    0.825100
  693.000000    0.818767
  698.000000    0.806909
  703.000000    0.780331
  708.000000    0.741604
  713.000000    0.715696
  718.000000    0.690161
  723.000000    0.670333
  728.000000    0.702171
  733.000000    0.736998
  738.000000    0.726900
  743.000000    0.710939
  748.000000    0.680576
  753.000000    0.699583
  758.000000    0.697307
  763.000000    0.732261
  768.000000    0.738499
  773.000000    0.769139
  778.000000    0.749722
  783.000000    0.737219
  788.000000    0.749753
  793.000000    0.746859
  798.000000    0.736982
  803.000000    0.749679
  808.000000    0.730458
  813.000000    0.733748
  818.000000    0.750354
  823.000000    0.763501
  828.000000    0.757028
  833.000000    0.735144
  838.000000    0.724400
  843.000000    0.692580
  848.000000    0.680572
  853.000000    0.690986
  858.000000    0.712516
  863.000000    0.705512
  868.000000    0.710033
  873.000000    0.691306
  878.000000    0.698656
  883.000000    0.697256
  888.000000    0.720069
  893.000000    0.729429
  898.000000    0.717255
  903.000000    0.698645
  908.000000    0.681351
  913.000000    0.683277
  918.000000    0.675177
  923.000000    0.679305
  928.000000    0.691198
  933.000000    0.675108
  938.000000    0.650498
  943.000000    0.655567
  948.000000    0.649864
  953.000000    0.664865
  958.000000    0.679059
  963.000000    0.673550
  968.000000    0.658277
  973.000000    0.641835
  978.000000    0.609029
  983.000000    0.599937
  988.000000    0.574418
  993.000000    0.573114
  998.000000    0.552247
 1003.000000    0.533806
 1008.000000    0.585618
 1013.000000    0.588566
 1018.000000    0.562680
 1023.000000    0.591594
 1028.000000    0.582048
 1033.000000    0.583920
 1038.000000    0.610347
 1043.000000    0.621519
 1048.000000    0.641415
 1053.000000    0.645407
 1058.000000    0.644768
 1063.000000    0.629784
 1068.000000    0.609535
 1073.000000    0.602484
 1078.000000    0.601529
 1083.000000    0.605418
 1088.000000    0.606662
 1093.000000    0.598585
 1098.000000    0.593880
 1103.000000    0.596295
 1108.000000    0.567581
 1113.000000    0.559260
 1118.000000    0.561227
 1123.000000    0.577068
 1128.000000    0.615448
 1133.000000    0.599101
 1138.000000    0.599420
 1143.000000    0.618700
 1148.000000    0.618772
 1153.000000    0.629496
 1158.000000    0.610258
 1163.000000    0.607645
 1168.000000    0.596901
 1173.000000    0.622046
 1178.000000    0.591938
 1183.000000    0.575021
 1188.000000    0.545762
 1193.000000    0.519680
 1198.000000    0.543082
 1203.000000    0.516947
 1208.000000    0.522168
 1213.000000    0.558556
 1218.000000    0.547139
 1223.000000    0.543171
 1228.000000    0.521408
 1233.000000    0.533832
 1238.000000    0.557135
 1243.000000    0.569614
 1248.000000    0.582348
 1253.000000    0.597267
 1258.000000    0.616700
 1263.000000    0.645081
 1268.000000    0.681461
 1273.000000    0.683725
 1278.000000    0.670136
 1283.000000    0.670469
 1288.000000    0.630017
 1293.000000    0.593458
 1298.000000    0.590398
 1303.000000    0.585473
 1308.000000    0.598516
 1313.000000    0.606378
 1318.000000    0.611435
 1323.000000    0.607244
 1328.000000    0.625583
 1333.000000    0.611796
 1338.000000    0.613203
 1343.000000    0.637346
 1348.000000    0.681659
 1353.000000    0.688230
 1358.000000    0.690883
 1363.000000    0.708558
 1368.000000    0.696877
 1373.000000    0.692924
 1378.000000    0.703306
 1383.000000    0.686775
 1388.000000    0.678796
 1393.000000    0.655169
 1398.000000    0.621017
 1403.000000    0.621884
 1408.000000    0.589513
 1413.000000    0.583567
 1418.000000    0.604056
 1423.000000    0.621215
 1428.000000    0.632717
 1433.000000    0.631249
 1438.000000    0.650988
 1443.000000    0.650606
 1448.000000    0.635486
 1453.000000    0.639152
 1458.000000    0.634251
 1463.000000    0.633125
 1468.000000    0.642390
 1473.000000    0.661155
 1478.000000    0.682750
 1483.000000    0.688239
 1488.000000    0.701118
 1493.000000    0.704848
 1498.000000    0.722527
 1503.000000    0.736473
 1508.000000    0.739194
 1513.000000    0.735815
 1518.000000    0.749678
 1523.000000    0.766070
 1528.000000    0.784175
 1533.000000    0.766723
 1538.000000    0.761819
 1543.000000    0.744927
 1548.000000    0.690364
 1553.000000    0.675832
 1558.000000    0.683938
 1563.000000    0.670540
 1568.000000    0.665931
 1573.000000    0.652968
 1578.000000    0.669709
 1583.000000    0.681553
 1588.000000    0.659215
 1593.000000    0.643390
 1598.000000    0.629194
 1603.000000    0.590339
 1608.000000    0.569951
 1613.000000    0.548458
 1618.000000    0.538417
 1623.000000    0.509265
 1628.000000    0.483914
 1633.000000    0.468128
 1638.000000    0.509805
 1643.000000    0.528454
 1648.000000    0.542903
 1653.000000    0.552912
 1658.000000    0.546897
 1663.000000    0.571144
 1668.000000    0.591778
 1673.000000    0.605315
 1678.000000    0.626178
 1683.000000    0.620002
 1688.000000    0.636211
 1693.000000    0.644133
 1698.000000    0.642065
 1703.000000    0.632830
 1708.000000    0.644380
 1713.000000    0.634041
 1718.000000    0.608681
 1723.000000    0.587731
 1728.000000    0.587679
 1733.000000    0.557132
 1738.000000    0.564027
 1743.000000    0.571034
 1748.000000    0.534824
 1753.000000    0.511809
 1758.000000    0.503648
 1763.000000    0.500594
 1768.000000    0.518796
 1773.000000    0.544145
 1778.000000    0.560591
 1783.000000    0.590435
 1788.000000    0.623381
 1793.000000    0.623441
 1798.000000    0.623952
 1803.000000    0.635149
 1808.000000    0.606881
 1813.000000    0.569235
 1818.000000    0.558798
 1823.000000    0.556112
 1828.000000    0.570251
 1833.000000    0.536045
 1838.000000    0.516046
 1843.000000    0.494063
 1848.000000    0.497011
 1853.000000    0.491053
 1858.000000    0.511644
 1863.000000    0.510842
 1868.000000    0.510180
 1873.000000    0.525018
 1878.000000    0.551955
 1883.000000    0.601856
 1888.000000    0.586990
 1893.000000    0.594405
 1898.000000    0.607028
 1903.000000    0.592848
 1908.000000    0.581541
 1913.000000    0.583123
 1918.000000    0.572834
 1923.000000    0.603158
 1928.000000    0.640763
 1933.000000    0.655408
 1938.000000    0.656127
 1943.000000    0.632448
