#  pixel_depth  alphabetafraction   >  Analysis of alpha beta fraction
  258.000000    0.675521
  263.000000    0.661950
  268.000000    0.611692
  273.000000    0.589154
  278.000000    0.579334
  283.000000    0.577616
  288.000000    0.589660
  293.000000    0.630327
  298.000000    0.619576
  303.000000    0.594698
  308.000000    0.623279
  313.000000    0.649926
  318.000000    0.681662
  323.000000    0.652150
  328.000000    0.640473
  333.000000    0.640986
  338.000000    0.641519
  343.000000    0.614835
  348.000000    0.605740
  353.000000    0.596083
  358.000000    0.558454
  363.000000    0.546043
  368.000000    0.559327
  373.000000    0.556224
  378.000000    0.594186
  383.000000    0.588366
  388.000000    0.593067
  393.000000    0.605004
  398.000000    0.613529
  403.000000    0.633876
  408.000000    0.638850
  413.000000    0.631873
  418.000000    0.623052
  423.000000    0.649222
  428.000000    0.639259
  433.000000    0.605497
  438.000000    0.594103
  443.000000    0.566652
  448.000000    0.568935
  453.000000    0.566924
  458.000000    0.588475
  463.000000    0.611490
  468.000000    0.641148
  473.000000    0.651102
  478.000000    0.658592
  483.000000    0.667454
  488.000000    0.658294
  493.000000    0.669395
  498.000000    0.676758
  503.000000    0.647066
  508.000000    0.652142
  513.000000    0.650613
  518.000000    0.639756
  523.000000    0.647993
  528.000000    0.663894
  533.000000    0.668885
  538.000000    0.670691
  543.000000    0.631992
  548.000000    0.637318
  553.000000    0.638969
  558.000000    0.637008
  563.000000    0.622404
  568.000000    0.647696
  573.000000    0.662612
  578.000000    0.656058
  583.000000    0.660315
  588.000000    0.651430
  593.000000    0.626520
  598.000000    0.630579
  603.000000    0.643378
  608.000000    0.652246
  613.000000    0.623642
  618.000000    0.604193
  623.000000    0.598599
  628.000000    0.605465
  633.000000    0.613972
  638.000000    0.607555
  643.000000    0.580946
  648.000000    0.545181
  653.000000    0.577580
  658.000000    0.578125
  663.000000    0.576186
  668.000000    0.578696
  673.000000    0.571288
  678.000000    0.547467
  683.000000    0.538885
  688.000000    0.559310
  693.000000    0.599550
  698.000000    0.615575
  703.000000    0.632765
  708.000000    0.643687
  713.000000    0.615570
  718.000000    0.617904
  723.000000    0.663105
  728.000000    0.672304
  733.000000    0.663777
  738.000000    0.641242
  743.000000    0.640171
  748.000000    0.625922
  753.000000    0.628312
  758.000000    0.632071
  763.000000    0.652967
  768.000000    0.691658
  773.000000    0.722226
  778.000000    0.747118
  783.000000    0.753820
  788.000000    0.730949
  793.000000    0.687361
  798.000000    0.636716
  803.000000    0.634850
  808.000000    0.620959
  813.000000    0.624197
  818.000000    0.598482
  823.000000    0.582274
  828.000000    0.567674
  833.000000    0.553422
  838.000000    0.565788
  843.000000    0.537549
  848.000000    0.559830
  853.000000    0.561386
  858.000000    0.564648
  863.000000    0.591853
  868.000000    0.637292
  873.000000    0.638757
  878.000000    0.640211
  883.000000    0.629766
  888.000000    0.634674
  893.000000    0.631282
  898.000000    0.623608
  903.000000    0.626779
  908.000000    0.656640
  913.000000    0.677528
  918.000000    0.642192
  923.000000    0.621776
  928.000000    0.629316
  933.000000    0.660334
  938.000000    0.657275
  943.000000    0.631780
  948.000000    0.624071
  953.000000    0.588305
  958.000000    0.583743
  963.000000    0.582440
  968.000000    0.599008
  973.000000    0.618566
  978.000000    0.632478
  983.000000    0.649356
  988.000000    0.671460
  993.000000    0.708726
  998.000000    0.707487
 1003.000000    0.704033
 1008.000000    0.699174
 1013.000000    0.709090
 1018.000000    0.726781
 1023.000000    0.714859
 1028.000000    0.713123
 1033.000000    0.735809
 1038.000000    0.713914
 1043.000000    0.714138
 1048.000000    0.706376
 1053.000000    0.693250
 1058.000000    0.708686
 1063.000000    0.697477
 1068.000000    0.724855
 1073.000000    0.721373
 1078.000000    0.726202
 1083.000000    0.722229
 1088.000000    0.698682
 1093.000000    0.688119
 1098.000000    0.700540
 1103.000000    0.713585
 1108.000000    0.697583
 1113.000000    0.717923
 1118.000000    0.697924
 1123.000000    0.691250
 1128.000000    0.677748
 1133.000000    0.669608
 1138.000000    0.679962
 1143.000000    0.683533
 1148.000000    0.679102
 1153.000000    0.676729
 1158.000000    0.679467
 1163.000000    0.637813
 1168.000000    0.649058
 1173.000000    0.670021
 1178.000000    0.672103
 1183.000000    0.712855
 1188.000000    0.727795
 1193.000000    0.730535
 1198.000000    0.754882
 1203.000000    0.771411
 1208.000000    0.782456
 1213.000000    0.772388
 1218.000000    0.751759
 1223.000000    0.748043
 1228.000000    0.740716
 1233.000000    0.725149
 1238.000000    0.701747
 1243.000000    0.643094
 1248.000000    0.653222
 1253.000000    0.623782
 1258.000000    0.618895
 1263.000000    0.612747
 1268.000000    0.623654
 1273.000000    0.609259
 1278.000000    0.600167
 1283.000000    0.595325
 1288.000000    0.624666
 1293.000000    0.634570
 1298.000000    0.646146
 1303.000000    0.664880
 1308.000000    0.667755
 1313.000000    0.682373
 1318.000000    0.677329
 1323.000000    0.666932
 1328.000000    0.677753
 1333.000000    0.692536
 1338.000000    0.711596
 1343.000000    0.704725
 1348.000000    0.687283
 1353.000000    0.703017
 1358.000000    0.729394
 1363.000000    0.723936
 1368.000000    0.705872
 1373.000000    0.704964
 1378.000000    0.693185
 1383.000000    0.703952
 1388.000000    0.682036
 1393.000000    0.683992
 1398.000000    0.692529
 1403.000000    0.681425
 1408.000000    0.646138
 1413.000000    0.665679
 1418.000000    0.691919
 1423.000000    0.665202
 1428.000000    0.684868
 1433.000000    0.686441
 1438.000000    0.686885
 1443.000000    0.663680
 1448.000000    0.635600
 1453.000000    0.622584
 1458.000000    0.591525
 1463.000000    0.578983
 1468.000000    0.586717
 1473.000000    0.633987
 1478.000000    0.667998
 1483.000000    0.690482
 1488.000000    0.687654
 1493.000000    0.688827
 1498.000000    0.727243
 1503.000000    0.722794
 1508.000000    0.698136
 1513.000000    0.696078
 1518.000000    0.709246
 1523.000000    0.706514
 1528.000000    0.700385
 1533.000000    0.701928
 1538.000000    0.672570
 1543.000000    0.620035
 1548.000000    0.607379
 1553.000000    0.603072
 1558.000000    0.635877
 1563.000000    0.662307
 1568.000000    0.628860
 1573.000000    0.630901
 1578.000000    0.637527
 1583.000000    0.644367
 1588.000000    0.659280
 1593.000000    0.687826
 1598.000000    0.706750
 1603.000000    0.700072
 1608.000000    0.704283
 1613.000000    0.716313
 1618.000000    0.765890
 1623.000000    0.769193
 1628.000000    0.777012
 1633.000000    0.768035
 1638.000000    0.771497
 1643.000000    0.765862
 1648.000000    0.759668
 1653.000000    0.741867
 1658.000000    0.709641
 1663.000000    0.676545
 1668.000000    0.673218
 1673.000000    0.647829
 1678.000000    0.612819
 1683.000000    0.611003
 1688.000000    0.605254
 1693.000000    0.636519
 1698.000000    0.658732
 1703.000000    0.658660
 1708.000000    0.664646
 1713.000000    0.670095
 1718.000000    0.685322
 1723.000000    0.679294
 1728.000000    0.724270
 1733.000000    0.738233
 1738.000000    0.755521
 1743.000000    0.724022
 1748.000000    0.717596
 1753.000000    0.708044
 1758.000000    0.696941
 1763.000000    0.675844
 1768.000000    0.687825
 1773.000000    0.678836
 1778.000000    0.663176
 1783.000000    0.674180
 1788.000000    0.731018
 1793.000000    0.734530
 1798.000000    0.726053
 1803.000000    0.703412
 1808.000000    0.685282
 1813.000000    0.680106
 1818.000000    0.659509
 1823.000000    0.647323
 1828.000000    0.671136
 1833.000000    0.673160
 1838.000000    0.696949
 1843.000000    0.706262
 1848.000000    0.720078
 1853.000000    0.696320
 1858.000000    0.684508
 1863.000000    0.695512
 1868.000000    0.697277
 1873.000000    0.698637
 1878.000000    0.673277
 1883.000000    0.640587
 1888.000000    0.612433
 1893.000000    0.594396
 1898.000000    0.584115
 1903.000000    0.569112
 1908.000000    0.598045
 1913.000000    0.609403
 1918.000000    0.656373
 1923.000000    0.693009
 1928.000000    0.723475
 1933.000000    0.724263
 1938.000000    0.718489
 1943.000000    0.732655
