#  pixel_depth  alphabetafraction   >  Analysis of alpha beta fraction
   97.000000    0.718194
  102.000000    0.712315
  107.000000    0.728186
  112.000000    0.715182
  117.000000    0.744894
  122.000000    0.713928
  127.000000    0.701439
  132.000000    0.696221
  137.000000    0.683322
  142.000000    0.676646
  147.000000    0.675687
  152.000000    0.692363
  157.000000    0.711712
  162.000000    0.733444
  167.000000    0.728302
  172.000000    0.711230
  177.000000    0.682134
  182.000000    0.680941
  187.000000    0.648960
  192.000000    0.625499
  197.000000    0.632258
  202.000000    0.638572
  207.000000    0.676840
  212.000000    0.705798
  217.000000    0.730675
  222.000000    0.729544
  227.000000    0.712965
  232.000000    0.697774
  237.000000    0.707402
  242.000000    0.723993
  247.000000    0.730481
  252.000000    0.713053
  257.000000    0.669980
  262.000000    0.697335
  267.000000    0.706933
  272.000000    0.707698
  277.000000    0.737321
  282.000000    0.736861
  287.000000    0.737295
  292.000000    0.741340
  297.000000    0.714160
  302.000000    0.754059
  307.000000    0.772816
  312.000000    0.767001
  317.000000    0.765692
  322.000000    0.735720
  327.000000    0.709377
  332.000000    0.689239
  337.000000    0.644922
  342.000000    0.648670
  347.000000    0.692408
  352.000000    0.701586
  357.000000    0.696702
  362.000000    0.697424
  367.000000    0.727726
  372.000000    0.760636
  377.000000    0.784925
  382.000000    0.782402
  387.000000    0.760285
  392.000000    0.746057
  397.000000    0.756944
  402.000000    0.771621
  407.000000    0.784655
  412.000000    0.764734
  417.000000    0.759643
  422.000000    0.763620
  427.000000    0.754231
  432.000000    0.750851
  437.000000    0.772406
  442.000000    0.778410
  447.000000    0.756906
  452.000000    0.767055
  457.000000    0.756005
  462.000000    0.766321
  467.000000    0.761489
  472.000000    0.781279
  477.000000    0.780378
  482.000000    0.758505
  487.000000    0.757439
  492.000000    0.747732
  497.000000    0.770390
  502.000000    0.761167
  507.000000    0.759929
  512.000000    0.787682
  517.000000    0.826116
  522.000000    0.833672
  527.000000    0.849800
  532.000000    0.833230
  537.000000    0.848321
  542.000000    0.867384
  547.000000    0.840876
  552.000000    0.812184
  557.000000    0.780854
  562.000000    0.817979
  567.000000    0.824693
  572.000000    0.780141
  577.000000    0.790936
  582.000000    0.793440
  587.000000    0.796059
  592.000000    0.794277
  597.000000    0.795589
  602.000000    0.775267
  607.000000    0.810838
  612.000000    0.849197
  617.000000    0.855934
  622.000000    0.850166
  627.000000    0.838630
  632.000000    0.848744
  637.000000    0.860472
  642.000000    0.874846
  647.000000    0.886397
  652.000000    0.888429
  657.000000    0.864658
  662.000000    0.805473
  667.000000    0.770181
  672.000000    0.789148
  677.000000    0.769458
  682.000000    0.725985
  687.000000    0.726145
  692.000000    0.750627
  697.000000    0.764036
  702.000000    0.767356
  707.000000    0.770691
  712.000000    0.744266
  717.000000    0.762417
  722.000000    0.795321
  727.000000    0.773930
  732.000000    0.787992
  737.000000    0.792739
  742.000000    0.775982
  747.000000    0.762640
  752.000000    0.775473
  757.000000    0.819777
  762.000000    0.829376
  767.000000    0.822717
  772.000000    0.806441
  777.000000    0.816336
  782.000000    0.832293
  787.000000    0.829238
  792.000000    0.835319
  797.000000    0.837969
  802.000000    0.831042
  807.000000    0.838238
  812.000000    0.822232
  817.000000    0.828033
  822.000000    0.827655
  827.000000    0.839984
  832.000000    0.837527
  837.000000    0.832001
  842.000000    0.832250
  847.000000    0.840353
  852.000000    0.844259
  857.000000    0.850926
  862.000000    0.850584
  867.000000    0.815462
  872.000000    0.810542
  877.000000    0.805834
  882.000000    0.818255
  887.000000    0.822986
  892.000000    0.798149
  897.000000    0.797642
  902.000000    0.773989
  907.000000    0.751149
  912.000000    0.755194
  917.000000    0.734503
  922.000000    0.755450
  927.000000    0.793809
  932.000000    0.791315
  937.000000    0.794318
  942.000000    0.798895
  947.000000    0.780944
  952.000000    0.782143
  957.000000    0.785408
  962.000000    0.798165
  967.000000    0.827500
  972.000000    0.846161
  977.000000    0.856833
  982.000000    0.866645
  987.000000    0.868121
  992.000000    0.834685
  997.000000    0.817342
 1002.000000    0.813557
 1007.000000    0.782358
 1012.000000    0.762088
 1017.000000    0.778006
 1022.000000    0.817503
 1027.000000    0.834923
 1032.000000    0.850264
 1037.000000    0.836351
 1042.000000    0.804738
 1047.000000    0.799485
 1052.000000    0.759706
 1057.000000    0.759675
 1062.000000    0.758882
 1067.000000    0.791795
 1072.000000    0.770071
 1077.000000    0.770305
 1082.000000    0.770862
 1087.000000    0.769620
 1092.000000    0.778108
 1097.000000    0.781674
 1102.000000    0.756508
 1107.000000    0.747125
 1112.000000    0.754871
 1117.000000    0.751121
 1122.000000    0.775095
 1127.000000    0.815191
 1132.000000    0.812483
 1137.000000    0.833849
 1142.000000    0.846512
 1147.000000    0.822649
 1152.000000    0.803082
 1157.000000    0.779251
 1162.000000    0.752149
 1167.000000    0.756070
 1172.000000    0.759171
 1177.000000    0.757406
 1182.000000    0.743505
 1187.000000    0.742950
 1192.000000    0.761713
 1197.000000    0.747965
 1202.000000    0.751438
 1207.000000    0.794009
 1212.000000    0.831562
 1217.000000    0.856438
 1222.000000    0.859644
 1227.000000    0.848965
 1232.000000    0.829856
 1237.000000    0.835272
 1242.000000    0.810910
 1247.000000    0.801862
 1252.000000    0.798491
 1257.000000    0.796310
 1262.000000    0.774929
 1267.000000    0.764670
 1272.000000    0.769474
 1277.000000    0.813155
 1282.000000    0.810968
 1287.000000    0.817117
 1292.000000    0.801795
 1297.000000    0.783349
 1302.000000    0.801629
 1307.000000    0.812208
 1312.000000    0.813099
 1317.000000    0.810139
 1322.000000    0.811475
 1327.000000    0.812367
 1332.000000    0.830973
 1337.000000    0.836919
 1342.000000    0.838504
 1347.000000    0.840519
 1352.000000    0.833368
 1357.000000    0.825221
 1362.000000    0.840697
 1367.000000    0.840039
 1372.000000    0.855079
 1377.000000    0.868958
 1382.000000    0.866970
 1387.000000    0.857239
 1392.000000    0.808972
 1397.000000    0.809801
 1402.000000    0.800973
 1407.000000    0.811685
 1412.000000    0.833374
 1417.000000    0.822832
 1422.000000    0.822869
 1427.000000    0.821677
 1432.000000    0.825706
 1437.000000    0.830919
 1442.000000    0.830175
 1447.000000    0.850965
 1452.000000    0.862228
 1457.000000    0.883820
 1462.000000    0.887152
 1467.000000    0.879538
 1472.000000    0.877711
 1477.000000    0.885935
 1482.000000    0.877312
 1487.000000    0.829189
 1492.000000    0.790030
 1497.000000    0.768029
 1502.000000    0.740964
 1507.000000    0.735419
 1512.000000    0.701621
 1517.000000    0.678772
 1522.000000    0.707922
 1527.000000    0.716591
 1532.000000    0.728200
 1537.000000    0.725729
 1542.000000    0.752485
 1547.000000    0.801914
 1552.000000    0.790866
 1557.000000    0.795562
 1562.000000    0.809792
 1567.000000    0.789611
 1572.000000    0.793994
 1577.000000    0.781709
 1582.000000    0.821761
 1587.000000    0.858737
 1592.000000    0.869432
 1597.000000    0.856880
 1602.000000    0.859951
 1607.000000    0.860039
 1612.000000    0.854399
 1617.000000    0.850619
 1622.000000    0.856248
 1627.000000    0.805926
 1632.000000    0.799193
 1637.000000    0.795091
 1642.000000    0.783222
 1647.000000    0.794751
 1652.000000    0.802671
 1657.000000    0.779535
 1662.000000    0.755476
 1667.000000    0.744415
 1672.000000    0.774871
 1677.000000    0.816820
 1682.000000    0.801421
 1687.000000    0.807110
 1692.000000    0.794348
 1697.000000    0.789238
 1702.000000    0.791059
 1707.000000    0.765195
 1712.000000    0.764047
 1717.000000    0.786810
 1722.000000    0.792071
 1727.000000    0.797769
 1732.000000    0.766031
 1737.000000    0.765247
 1742.000000    0.763725
 1747.000000    0.783981
 1752.000000    0.786817
 1757.000000    0.774697
 1762.000000    0.786431
 1767.000000    0.787911
 1772.000000    0.783298
 1777.000000    0.783550
 1782.000000    0.784910
 1787.000000    0.775685
 1792.000000    0.786909
 1797.000000    0.772096
 1802.000000    0.769428
 1807.000000    0.731686
 1812.000000    0.749597
 1817.000000    0.761583
 1822.000000    0.772237
 1827.000000    0.791683
 1832.000000    0.801717
 1837.000000    0.800347
 1842.000000    0.801570
 1847.000000    0.780526
 1852.000000    0.790380
 1857.000000    0.807704
 1862.000000    0.824149
 1867.000000    0.829342
 1872.000000    0.813723
 1877.000000    0.820266
 1882.000000    0.826365
 1887.000000    0.800667
 1892.000000    0.816395
 1897.000000    0.794453
 1902.000000    0.792622
 1907.000000    0.804655
 1912.000000    0.811374
 1917.000000    0.806175
 1922.000000    0.793016
 1927.000000    0.815037
 1932.000000    0.851213
 1937.000000    0.828002
 1942.000000    0.812259
