#  pixel_depth  alphabetafraction   >  Analysis of alpha beta fraction
   56.000000    0.629162
   61.000000    0.607406
   66.000000    0.582958
   71.000000    0.591466
   76.000000    0.599455
   81.000000    0.601558
   86.000000    0.619357
   91.000000    0.624812
   96.000000    0.614126
  101.000000    0.595152
  106.000000    0.584934
  111.000000    0.606253
  116.000000    0.626122
  121.000000    0.637373
  126.000000    0.643172
  131.000000    0.633275
  136.000000    0.577009
  141.000000    0.565841
  146.000000    0.567851
  151.000000    0.566600
  156.000000    0.572217
  161.000000    0.608231
  166.000000    0.610380
  171.000000    0.627818
  176.000000    0.633093
  181.000000    0.642405
  186.000000    0.670463
  191.000000    0.678532
  196.000000    0.686646
  201.000000    0.674138
  206.000000    0.697006
  211.000000    0.712585
  216.000000    0.714498
  221.000000    0.706031
  226.000000    0.709690
  231.000000    0.698673
  236.000000    0.682465
  241.000000    0.675719
  246.000000    0.657930
  251.000000    0.627350
  256.000000    0.594903
  261.000000    0.609199
  266.000000    0.617916
  271.000000    0.644725
  276.000000    0.665674
  281.000000    0.672301
  286.000000    0.670928
  291.000000    0.697888
  296.000000    0.719303
  301.000000    0.705880
  306.000000    0.703071
  311.000000    0.673260
  316.000000    0.662119
  321.000000    0.686479
  326.000000    0.703494
  331.000000    0.715627
  336.000000    0.758223
  341.000000    0.759113
  346.000000    0.751807
  351.000000    0.766363
  356.000000    0.773453
  361.000000    0.766761
  366.000000    0.768285
  371.000000    0.782768
  376.000000    0.777329
  381.000000    0.775964
  386.000000    0.750637
  391.000000    0.744999
  396.000000    0.735854
  401.000000    0.741759
  406.000000    0.718936
  411.000000    0.720483
  416.000000    0.717333
  421.000000    0.706814
  426.000000    0.683945
  431.000000    0.694716
  436.000000    0.678307
  441.000000    0.701886
  446.000000    0.740826
  451.000000    0.781484
  456.000000    0.785887
  461.000000    0.778418
  466.000000    0.745065
  471.000000    0.754595
  476.000000    0.740705
  481.000000    0.733239
  486.000000    0.722006
  491.000000    0.713596
  496.000000    0.706604
  501.000000    0.702913
  506.000000    0.677322
  511.000000    0.712445
  516.000000    0.749854
  521.000000    0.760263
  526.000000    0.783629
  531.000000    0.808252
  536.000000    0.814799
  541.000000    0.780695
  546.000000    0.768478
  551.000000    0.766662
  556.000000    0.741783
  561.000000    0.719895
  566.000000    0.726492
  571.000000    0.713402
  576.000000    0.713578
  581.000000    0.698659
  586.000000    0.683532
  591.000000    0.659361
  596.000000    0.661107
  601.000000    0.660166
  606.000000    0.656277
  611.000000    0.674326
  616.000000    0.688266
  621.000000    0.697529
  626.000000    0.701824
  631.000000    0.731981
  636.000000    0.767408
  641.000000    0.792633
  646.000000    0.809664
  651.000000    0.804993
  656.000000    0.792390
  661.000000    0.755739
  666.000000    0.736093
  671.000000    0.716262
  676.000000    0.723704
  681.000000    0.677933
  686.000000    0.680341
  691.000000    0.686196
  696.000000    0.711369
  701.000000    0.691250
  706.000000    0.702721
  711.000000    0.708024
  716.000000    0.737942
  721.000000    0.725353
  726.000000    0.717239
  731.000000    0.722089
  736.000000    0.687143
  741.000000    0.662619
  746.000000    0.649664
  751.000000    0.668315
  756.000000    0.686865
  761.000000    0.686536
  766.000000    0.708321
  771.000000    0.736628
  776.000000    0.731175
  781.000000    0.727758
  786.000000    0.720016
  791.000000    0.751428
  796.000000    0.798415
  801.000000    0.826338
  806.000000    0.819701
  811.000000    0.830609
  816.000000    0.835567
  821.000000    0.832953
  826.000000    0.811953
  831.000000    0.803941
  836.000000    0.800772
  841.000000    0.776010
  846.000000    0.758111
  851.000000    0.743483
  856.000000    0.726351
  861.000000    0.729250
  866.000000    0.758236
  871.000000    0.761593
  876.000000    0.763720
  881.000000    0.754508
  886.000000    0.738569
  891.000000    0.744797
  896.000000    0.703307
  901.000000    0.686176
  906.000000    0.700561
  911.000000    0.718987
  916.000000    0.692194
  921.000000    0.688745
  926.000000    0.693839
  931.000000    0.712368
  936.000000    0.740389
  941.000000    0.750387
  946.000000    0.761177
  951.000000    0.778500
  956.000000    0.758841
  961.000000    0.785241
  966.000000    0.793735
  971.000000    0.763738
  976.000000    0.764961
  981.000000    0.754163
  986.000000    0.740416
  991.000000    0.749549
  996.000000    0.719832
 1001.000000    0.708026
 1006.000000    0.655611
 1011.000000    0.642449
 1016.000000    0.639885
 1021.000000    0.679154
 1026.000000    0.727059
 1031.000000    0.743011
 1036.000000    0.716935
 1041.000000    0.668665
 1046.000000    0.636822
 1051.000000    0.636695
 1056.000000    0.697261
 1061.000000    0.717993
 1066.000000    0.727878
 1071.000000    0.757572
 1076.000000    0.778030
 1081.000000    0.787230
 1086.000000    0.787364
 1091.000000    0.739071
 1096.000000    0.726677
 1101.000000    0.723123
 1106.000000    0.790344
 1111.000000    0.790958
 1116.000000    0.768971
 1121.000000    0.760006
 1126.000000    0.701064
 1131.000000    0.687600
 1136.000000    0.704984
 1141.000000    0.724415
 1146.000000    0.732079
 1151.000000    0.721504
 1156.000000    0.756826
 1161.000000    0.765465
 1166.000000    0.777206
 1171.000000    0.796086
 1176.000000    0.806905
 1181.000000    0.785638
 1186.000000    0.788288
 1191.000000    0.800648
 1196.000000    0.784918
 1201.000000    0.735375
 1206.000000    0.696566
 1211.000000    0.680480
 1216.000000    0.678751
 1221.000000    0.730256
 1226.000000    0.727449
 1231.000000    0.699745
 1236.000000    0.699601
 1241.000000    0.703543
 1246.000000    0.673971
 1251.000000    0.651417
 1256.000000    0.629123
 1261.000000    0.641396
 1266.000000    0.698398
 1271.000000    0.743909
 1276.000000    0.772745
 1281.000000    0.773989
 1286.000000    0.742509
 1291.000000    0.710686
 1296.000000    0.668903
 1301.000000    0.670643
 1306.000000    0.701647
 1311.000000    0.727346
 1316.000000    0.741590
 1321.000000    0.755432
 1326.000000    0.747957
 1331.000000    0.749039
 1336.000000    0.735866
 1341.000000    0.731985
 1346.000000    0.699415
 1351.000000    0.694832
 1356.000000    0.702893
 1361.000000    0.699835
 1366.000000    0.670277
 1371.000000    0.655085
 1376.000000    0.611205
 1381.000000    0.584463
 1386.000000    0.581378
 1391.000000    0.627065
 1396.000000    0.671328
 1401.000000    0.698796
 1406.000000    0.716625
 1411.000000    0.755977
 1416.000000    0.759260
 1421.000000    0.774167
 1426.000000    0.787486
 1431.000000    0.743709
 1436.000000    0.712928
 1441.000000    0.702777
 1446.000000    0.707863
 1451.000000    0.722936
 1456.000000    0.677178
 1461.000000    0.656514
 1466.000000    0.635204
 1471.000000    0.625831
 1476.000000    0.640725
 1481.000000    0.645303
 1486.000000    0.610060
 1491.000000    0.632427
 1496.000000    0.666230
 1501.000000    0.696481
 1506.000000    0.711115
 1511.000000    0.703221
 1516.000000    0.714675
 1521.000000    0.708154
 1526.000000    0.719034
 1531.000000    0.739184
 1536.000000    0.747203
 1541.000000    0.743103
 1546.000000    0.731232
 1551.000000    0.761908
 1556.000000    0.759970
 1561.000000    0.717192
 1566.000000    0.688107
 1571.000000    0.683335
 1576.000000    0.715695
 1581.000000    0.729687
 1586.000000    0.733647
 1591.000000    0.750597
 1596.000000    0.776421
 1601.000000    0.776917
 1606.000000    0.764874
 1611.000000    0.764542
 1616.000000    0.744604
 1621.000000    0.690983
 1626.000000    0.650557
 1631.000000    0.637997
 1636.000000    0.662944
 1641.000000    0.701076
 1646.000000    0.688357
 1651.000000    0.687638
 1656.000000    0.660780
 1661.000000    0.672587
 1666.000000    0.702935
 1671.000000    0.741625
 1676.000000    0.763880
 1681.000000    0.774340
 1686.000000    0.790271
 1691.000000    0.815426
 1696.000000    0.828261
 1701.000000    0.830038
 1706.000000    0.814327
 1711.000000    0.790442
 1716.000000    0.732231
 1721.000000    0.671531
 1726.000000    0.655937
 1731.000000    0.651350
 1736.000000    0.640049
 1741.000000    0.700135
 1746.000000    0.714227
 1751.000000    0.683133
 1756.000000    0.663881
 1761.000000    0.670038
 1766.000000    0.683958
 1771.000000    0.693212
 1776.000000    0.673670
 1781.000000    0.651421
 1786.000000    0.682339
 1791.000000    0.687194
 1796.000000    0.733424
 1801.000000    0.762585
 1806.000000    0.760585
