#  pixel_depth  alphabetafraction   >  Analysis of alpha beta fraction
  175.000000    0.782270
  180.000000    0.773328
  185.000000    0.775943
  190.000000    0.776227
  195.000000    0.787662
  200.000000    0.796173
  205.000000    0.767655
  210.000000    0.744910
  215.000000    0.742941
  220.000000    0.742831
  225.000000    0.731122
  230.000000    0.771044
  235.000000    0.780327
  240.000000    0.785993
  245.000000    0.761623
  250.000000    0.745913
  255.000000    0.763585
  260.000000    0.768664
  265.000000    0.764596
  270.000000    0.805298
  275.000000    0.808932
  280.000000    0.806726
  285.000000    0.804118
  290.000000    0.797609
  295.000000    0.797880
  300.000000    0.781566
  305.000000    0.766940
  310.000000    0.758794
  315.000000    0.757495
  320.000000    0.757509
  325.000000    0.767330
  330.000000    0.755580
  335.000000    0.779083
  340.000000    0.773455
  345.000000    0.780013
  350.000000    0.789613
  355.000000    0.804473
  360.000000    0.820596
  365.000000    0.842294
  370.000000    0.835440
  375.000000    0.840691
  380.000000    0.825909
  385.000000    0.827650
  390.000000    0.827378
  395.000000    0.812487
  400.000000    0.808726
  405.000000    0.805062
  410.000000    0.832879
  415.000000    0.809497
  420.000000    0.791576
  425.000000    0.787239
  430.000000    0.796093
  435.000000    0.789364
  440.000000    0.813632
  445.000000    0.813775
  450.000000    0.831113
  455.000000    0.825892
  460.000000    0.828756
  465.000000    0.815577
  470.000000    0.819994
  475.000000    0.811901
  480.000000    0.815597
  485.000000    0.814254
  490.000000    0.796076
  495.000000    0.800687
  500.000000    0.800363
  505.000000    0.816167
  510.000000    0.796846
  515.000000    0.766894
  520.000000    0.774875
  525.000000    0.752169
  530.000000    0.741209
  535.000000    0.746195
  540.000000    0.736787
  545.000000    0.715682
  550.000000    0.664926
  555.000000    0.660657
  560.000000    0.716086
  565.000000    0.735546
  570.000000    0.728308
  575.000000    0.764831
  580.000000    0.791553
  585.000000    0.791822
  590.000000    0.799468
  595.000000    0.815171
  600.000000    0.854653
  605.000000    0.881014
  610.000000    0.847175
  615.000000    0.844179
  620.000000    0.838354
  625.000000    0.821320
  630.000000    0.819376
  635.000000    0.818781
  640.000000    0.822816
  645.000000    0.825817
  650.000000    0.820266
  655.000000    0.822893
  660.000000    0.775436
  665.000000    0.775504
  670.000000    0.774311
  675.000000    0.793421
  680.000000    0.799354
  685.000000    0.804839
  690.000000    0.814818
  695.000000    0.802449
  700.000000    0.808016
  705.000000    0.787964
  710.000000    0.788112
  715.000000    0.813417
  720.000000    0.801192
  725.000000    0.796449
  730.000000    0.804335
  735.000000    0.813642
  740.000000    0.805290
  745.000000    0.801836
  750.000000    0.802440
  755.000000    0.822732
  760.000000    0.805767
  765.000000    0.802626
  770.000000    0.774628
  775.000000    0.810815
  780.000000    0.766995
  785.000000    0.761925
  790.000000    0.773870
  795.000000    0.778586
  800.000000    0.777483
  805.000000    0.788467
  810.000000    0.792292
  815.000000    0.791734
  820.000000    0.811589
  825.000000    0.801355
  830.000000    0.820288
  835.000000    0.799987
  840.000000    0.788453
  845.000000    0.779608
  850.000000    0.798824
  855.000000    0.775654
  860.000000    0.766473
  865.000000    0.757161
  870.000000    0.778430
  875.000000    0.758056
  880.000000    0.763571
  885.000000    0.765162
  890.000000    0.753542
  895.000000    0.772644
  900.000000    0.766387
  905.000000    0.805053
  910.000000    0.817305
  915.000000    0.833433
  920.000000    0.820585
  925.000000    0.799198
  930.000000    0.799648
  935.000000    0.831921
  940.000000    0.824066
  945.000000    0.831894
  950.000000    0.836168
  955.000000    0.832062
  960.000000    0.834776
  965.000000    0.837659
  970.000000    0.841868
  975.000000    0.820232
  980.000000    0.802328
  985.000000    0.800581
  990.000000    0.764523
  995.000000    0.761481
 1000.000000    0.756759
 1005.000000    0.760394
 1010.000000    0.714975
 1015.000000    0.732032
 1020.000000    0.720723
 1025.000000    0.741487
 1030.000000    0.711283
 1035.000000    0.715104
 1040.000000    0.760719
 1045.000000    0.760573
 1050.000000    0.755171
 1055.000000    0.752730
 1060.000000    0.801009
 1065.000000    0.827595
 1070.000000    0.818750
 1075.000000    0.802997
 1080.000000    0.799129
 1085.000000    0.811134
 1090.000000    0.797658
 1095.000000    0.801843
 1100.000000    0.770681
 1105.000000    0.756528
 1110.000000    0.743971
 1115.000000    0.752875
 1120.000000    0.755280
 1125.000000    0.698644
 1130.000000    0.656515
 1135.000000    0.685463
 1140.000000    0.742706
 1145.000000    0.750457
 1150.000000    0.740820
 1155.000000    0.744312
 1160.000000    0.776192
 1165.000000    0.799179
 1170.000000    0.806700
 1175.000000    0.845828
 1180.000000    0.866127
 1185.000000    0.845569
 1190.000000    0.839489
 1195.000000    0.842899
 1200.000000    0.856224
 1205.000000    0.847610
 1210.000000    0.842236
 1215.000000    0.832758
 1220.000000    0.809223
 1225.000000    0.765544
 1230.000000    0.758741
 1235.000000    0.744945
 1240.000000    0.756720
 1245.000000    0.744574
 1250.000000    0.712722
 1255.000000    0.729009
 1260.000000    0.717813
 1265.000000    0.748055
 1270.000000    0.785628
 1275.000000    0.766494
 1280.000000    0.766949
 1285.000000    0.782706
 1290.000000    0.785528
 1295.000000    0.780549
 1300.000000    0.778729
 1305.000000    0.794438
 1310.000000    0.793497
 1315.000000    0.799311
 1320.000000    0.757169
 1325.000000    0.723668
 1330.000000    0.773407
 1335.000000    0.751646
 1340.000000    0.724937
 1345.000000    0.742345
 1350.000000    0.749258
 1355.000000    0.741279
 1360.000000    0.762148
 1365.000000    0.733007
 1370.000000    0.701332
 1375.000000    0.674359
 1380.000000    0.643586
 1385.000000    0.640660
 1390.000000    0.663066
 1395.000000    0.681277
 1400.000000    0.688629
 1405.000000    0.676271
 1410.000000    0.669137
 1415.000000    0.701327
 1420.000000    0.726129
 1425.000000    0.751635
 1430.000000    0.739078
 1435.000000    0.730597
 1440.000000    0.743773
 1445.000000    0.731653
 1450.000000    0.758223
 1455.000000    0.787100
 1460.000000    0.785579
 1465.000000    0.813684
 1470.000000    0.798369
 1475.000000    0.800685
 1480.000000    0.769960
 1485.000000    0.780595
 1490.000000    0.796117
 1495.000000    0.803425
 1500.000000    0.813108
 1505.000000    0.826671
 1510.000000    0.833072
 1515.000000    0.828290
 1520.000000    0.853692
 1525.000000    0.828853
 1530.000000    0.771458
 1535.000000    0.719638
 1540.000000    0.714678
 1545.000000    0.739085
 1550.000000    0.737404
 1555.000000    0.746087
 1560.000000    0.723543
 1565.000000    0.722261
 1570.000000    0.694637
 1575.000000    0.702112
 1580.000000    0.714275
 1585.000000    0.702458
 1590.000000    0.704590
 1595.000000    0.695838
 1600.000000    0.699237
 1605.000000    0.712494
 1610.000000    0.715160
 1615.000000    0.738775
 1620.000000    0.732268
 1625.000000    0.735336
 1630.000000    0.755028
 1635.000000    0.762408
 1640.000000    0.765662
 1645.000000    0.805649
 1650.000000    0.790588
 1655.000000    0.811144
 1660.000000    0.811256
 1665.000000    0.781401
 1670.000000    0.771566
 1675.000000    0.780350
 1680.000000    0.779825
 1685.000000    0.788612
 1690.000000    0.794277
 1695.000000    0.757552
 1700.000000    0.723392
 1705.000000    0.717173
 1710.000000    0.731162
 1715.000000    0.761114
 1720.000000    0.754023
 1725.000000    0.788265
 1730.000000    0.779888
 1735.000000    0.776928
 1740.000000    0.793761
 1745.000000    0.804977
 1750.000000    0.804312
 1755.000000    0.753205
 1760.000000    0.743522
 1765.000000    0.753388
 1770.000000    0.781344
 1775.000000    0.785087
 1780.000000    0.772065
 1785.000000    0.743868
 1790.000000    0.752151
 1795.000000    0.750095
 1800.000000    0.739056
 1805.000000    0.744544
 1810.000000    0.750718
 1815.000000    0.735697
 1820.000000    0.737678
 1825.000000    0.741320
 1830.000000    0.744430
 1835.000000    0.734570
 1840.000000    0.712779
 1845.000000    0.695760
 1850.000000    0.699350
 1855.000000    0.699826
 1860.000000    0.729627
 1865.000000    0.742709
 1870.000000    0.773699
 1875.000000    0.785228
 1880.000000    0.791508
 1885.000000    0.817295
 1890.000000    0.783678
 1895.000000    0.790103
 1900.000000    0.788505
 1905.000000    0.788755
 1910.000000    0.801810
 1915.000000    0.799728
 1920.000000    0.785598
 1925.000000    0.765847
 1930.000000    0.755268
 1935.000000    0.791309
 1940.000000    0.773705
