#  pixel_depth  alphabetafraction   >  Analysis of alpha beta fraction
  196.000000    0.696959
  201.000000    0.678610
  206.000000    0.675575
  211.000000    0.687571
  216.000000    0.689625
  221.000000    0.661780
  226.000000    0.633369
  231.000000    0.576468
  236.000000    0.587069
  241.000000    0.624161
  246.000000    0.661633
  251.000000    0.707272
  256.000000    0.732550
  261.000000    0.746184
  266.000000    0.762923
  271.000000    0.776596
  276.000000    0.770137
  281.000000    0.757711
  286.000000    0.730857
  291.000000    0.713214
  296.000000    0.697881
  301.000000    0.678108
  306.000000    0.669148
  311.000000    0.660543
  316.000000    0.659775
  321.000000    0.640387
  326.000000    0.645486
  331.000000    0.688152
  336.000000    0.722163
  341.000000    0.728404
  346.000000    0.711480
  351.000000    0.666636
  356.000000    0.668346
  361.000000    0.691261
  366.000000    0.708351
  371.000000    0.718428
  376.000000    0.716444
  381.000000    0.686478
  386.000000    0.667801
  391.000000    0.672703
  396.000000    0.648455
  401.000000    0.636685
  406.000000    0.659507
  411.000000    0.657738
  416.000000    0.649236
  421.000000    0.651587
  426.000000    0.645004
  431.000000    0.648802
  436.000000    0.633738
  441.000000    0.636142
  446.000000    0.621558
  451.000000    0.605222
  456.000000    0.616311
  461.000000    0.645958
  466.000000    0.642729
  471.000000    0.622829
  476.000000    0.583856
  481.000000    0.576310
  486.000000    0.598099
  491.000000    0.632999
  496.000000    0.622400
  501.000000    0.639137
  506.000000    0.652796
  511.000000    0.652365
  516.000000    0.660747
  521.000000    0.666174
  526.000000    0.709693
  531.000000    0.719072
  536.000000    0.735053
  541.000000    0.716123
  546.000000    0.720480
  551.000000    0.731243
  556.000000    0.744701
  561.000000    0.750619
  566.000000    0.741708
  571.000000    0.745071
  576.000000    0.750730
  581.000000    0.737836
  586.000000    0.705345
  591.000000    0.661391
  596.000000    0.631488
  601.000000    0.649795
  606.000000    0.681460
  611.000000    0.693143
  616.000000    0.707242
  621.000000    0.701572
  626.000000    0.702417
  631.000000    0.715852
  636.000000    0.724781
  641.000000    0.716027
  646.000000    0.717995
  651.000000    0.700617
  656.000000    0.703100
  661.000000    0.682001
  666.000000    0.649970
  671.000000    0.653632
  676.000000    0.662672
  681.000000    0.630299
  686.000000    0.633659
  691.000000    0.639758
  696.000000    0.621463
  701.000000    0.630622
  706.000000    0.634003
  711.000000    0.627572
  716.000000    0.626439
  721.000000    0.628724
  726.000000    0.614056
  731.000000    0.627521
  736.000000    0.629211
  741.000000    0.628766
  746.000000    0.650074
  751.000000    0.673403
  756.000000    0.685188
  761.000000    0.697087
  766.000000    0.724820
  771.000000    0.733123
  776.000000    0.708764
  781.000000    0.676813
  786.000000    0.638550
  791.000000    0.644199
  796.000000    0.655168
  801.000000    0.663349
  806.000000    0.614054
  811.000000    0.616982
  816.000000    0.616798
  821.000000    0.611238
  826.000000    0.607292
  831.000000    0.608387
  836.000000    0.635330
  841.000000    0.673926
  846.000000    0.694086
  851.000000    0.725480
  856.000000    0.727485
  861.000000    0.713404
  866.000000    0.705192
  871.000000    0.688238
  876.000000    0.669209
  881.000000    0.652892
  886.000000    0.648435
  891.000000    0.620052
  896.000000    0.604360
  901.000000    0.623952
  906.000000    0.638664
  911.000000    0.676465
  916.000000    0.696474
  921.000000    0.736931
  926.000000    0.711442
  931.000000    0.682882
  936.000000    0.658338
  941.000000    0.655997
  946.000000    0.647936
  951.000000    0.653929
  956.000000    0.635618
  961.000000    0.610381
  966.000000    0.608241
  971.000000    0.561000
  976.000000    0.543508
  981.000000    0.619642
  986.000000    0.660123
  991.000000    0.661691
  996.000000    0.662800
 1001.000000    0.650131
 1006.000000    0.628264
 1011.000000    0.627427
 1016.000000    0.663378
 1021.000000    0.648116
 1026.000000    0.659477
 1031.000000    0.677715
 1036.000000    0.647205
 1041.000000    0.658781
 1046.000000    0.668838
 1051.000000    0.674755
 1056.000000    0.676098
 1061.000000    0.666653
 1066.000000    0.657335
 1071.000000    0.634288
 1076.000000    0.627844
 1081.000000    0.616657
 1086.000000    0.603863
 1091.000000    0.603989
 1096.000000    0.593889
 1101.000000    0.590808
 1106.000000    0.587436
 1111.000000    0.582954
 1116.000000    0.593854
 1121.000000    0.604599
 1126.000000    0.620367
 1131.000000    0.632113
 1136.000000    0.615261
 1141.000000    0.566737
 1146.000000    0.545877
 1151.000000    0.527526
 1156.000000    0.531832
 1161.000000    0.540643
 1166.000000    0.565771
 1171.000000    0.578292
 1176.000000    0.581971
 1181.000000    0.595356
 1186.000000    0.607276
 1191.000000    0.578848
 1196.000000    0.558368
 1201.000000    0.572694
 1206.000000    0.559608
 1211.000000    0.553347
 1216.000000    0.547346
 1221.000000    0.560052
 1226.000000    0.600926
 1231.000000    0.619283
 1236.000000    0.594326
 1241.000000    0.614826
 1246.000000    0.647913
 1251.000000    0.678933
 1256.000000    0.683082
 1261.000000    0.622224
 1266.000000    0.553596
 1271.000000    0.547380
 1276.000000    0.545396
 1281.000000    0.537749
 1286.000000    0.558265
 1291.000000    0.577189
 1296.000000    0.570224
 1301.000000    0.596873
 1306.000000    0.633979
 1311.000000    0.657819
 1316.000000    0.678129
 1321.000000    0.637844
 1326.000000    0.627443
 1331.000000    0.641050
 1336.000000    0.650934
 1341.000000    0.664726
 1346.000000    0.651396
 1351.000000    0.635613
 1356.000000    0.643860
 1361.000000    0.641777
 1366.000000    0.636341
 1371.000000    0.636480
 1376.000000    0.629644
 1381.000000    0.628083
 1386.000000    0.640240
 1391.000000    0.641076
 1396.000000    0.644587
 1401.000000    0.640895
 1406.000000    0.655574
 1411.000000    0.667855
 1416.000000    0.674712
 1421.000000    0.682216
 1426.000000    0.688844
 1431.000000    0.675850
 1436.000000    0.678866
 1441.000000    0.648057
 1446.000000    0.660154
 1451.000000    0.672283
 1456.000000    0.647033
 1461.000000    0.617282
 1466.000000    0.582874
 1471.000000    0.605367
 1476.000000    0.605598
 1481.000000    0.603146
 1486.000000    0.623706
 1491.000000    0.648915
 1496.000000    0.673784
 1501.000000    0.674348
 1506.000000    0.667523
 1511.000000    0.653046
 1516.000000    0.653314
 1521.000000    0.661546
 1526.000000    0.671373
 1531.000000    0.643695
 1536.000000    0.659491
 1541.000000    0.676098
 1546.000000    0.652932
 1551.000000    0.660755
 1556.000000    0.679163
 1561.000000    0.669822
 1566.000000    0.678899
 1571.000000    0.667256
 1576.000000    0.663331
 1581.000000    0.645702
 1586.000000    0.650304
 1591.000000    0.632273
 1596.000000    0.657956
 1601.000000    0.662735
 1606.000000    0.656077
 1611.000000    0.667677
 1616.000000    0.663618
 1621.000000    0.659209
 1626.000000    0.674479
 1631.000000    0.688479
 1636.000000    0.706948
 1641.000000    0.705126
 1646.000000    0.723071
 1651.000000    0.678956
 1656.000000    0.649375
 1661.000000    0.649575
 1666.000000    0.630724
 1671.000000    0.616174
 1676.000000    0.611250
 1681.000000    0.570009
 1686.000000    0.615161
 1691.000000    0.638495
 1696.000000    0.659143
 1701.000000    0.643151
 1706.000000    0.654984
 1711.000000    0.632691
 1716.000000    0.620162
 1721.000000    0.660124
 1726.000000    0.656970
 1731.000000    0.644370
 1736.000000    0.630054
 1741.000000    0.611977
 1746.000000    0.627342
 1751.000000    0.616976
 1756.000000    0.628833
 1761.000000    0.661382
 1766.000000    0.629242
 1771.000000    0.593135
 1776.000000    0.583194
 1781.000000    0.580570
 1786.000000    0.597566
 1791.000000    0.634919
 1796.000000    0.638287
 1801.000000    0.635828
 1806.000000    0.642688
 1811.000000    0.624991
 1816.000000    0.635412
 1821.000000    0.634209
 1826.000000    0.647039
 1831.000000    0.649994
 1836.000000    0.631758
 1841.000000    0.663143
 1846.000000    0.720580
 1851.000000    0.721587
 1856.000000    0.726370
 1861.000000    0.740025
 1866.000000    0.753809
