#  pixel_depth  alphabetafraction   >  Analysis of alpha beta fraction
  205.000000    0.736278
  210.000000    0.725142
  215.000000    0.716487
  220.000000    0.678207
  225.000000    0.633737
  230.000000    0.626398
  235.000000    0.585608
  240.000000    0.591716
  245.000000    0.632708
  250.000000    0.649874
  255.000000    0.664352
  260.000000    0.686446
  265.000000    0.701789
  270.000000    0.689780
  275.000000    0.703350
  280.000000    0.728834
  285.000000    0.741532
  290.000000    0.750728
  295.000000    0.737823
  300.000000    0.742245
  305.000000    0.743882
  310.000000    0.728829
  315.000000    0.693016
  320.000000    0.676987
  325.000000    0.685865
  330.000000    0.693657
  335.000000    0.686600
  340.000000    0.680009
  345.000000    0.683190
  350.000000    0.674313
  355.000000    0.657215
  360.000000    0.659005
  365.000000    0.656807
  370.000000    0.643021
  375.000000    0.631287
  380.000000    0.618811
  385.000000    0.608523
  390.000000    0.612881
  395.000000    0.628746
  400.000000    0.639228
  405.000000    0.652943
  410.000000    0.662164
  415.000000    0.642290
  420.000000    0.616826
  425.000000    0.624758
  430.000000    0.649270
  435.000000    0.649657
  440.000000    0.672991
  445.000000    0.692203
  450.000000    0.698787
  455.000000    0.708349
  460.000000    0.667568
  465.000000    0.618998
  470.000000    0.595261
  475.000000    0.585949
  480.000000    0.613024
  485.000000    0.634262
  490.000000    0.663172
  495.000000    0.678860
  500.000000    0.698759
  505.000000    0.721029
  510.000000    0.742288
  515.000000    0.690422
  520.000000    0.647377
  525.000000    0.601043
  530.000000    0.582574
  535.000000    0.588642
  540.000000    0.592962
  545.000000    0.603216
  550.000000    0.620356
  555.000000    0.615477
  560.000000    0.628857
  565.000000    0.654831
  570.000000    0.672163
  575.000000    0.654362
  580.000000    0.635481
  585.000000    0.637329
  590.000000    0.625000
  595.000000    0.613989
  600.000000    0.569978
  605.000000    0.557305
  610.000000    0.537487
  615.000000    0.528284
  620.000000    0.517076
  625.000000    0.527786
  630.000000    0.550550
  635.000000    0.595343
  640.000000    0.630277
  645.000000    0.643087
  650.000000    0.657524
  655.000000    0.662623
  660.000000    0.654921
  665.000000    0.643285
  670.000000    0.635767
  675.000000    0.637992
  680.000000    0.618344
  685.000000    0.586034
  690.000000    0.574818
  695.000000    0.548433
  700.000000    0.510475
  705.000000    0.477953
  710.000000    0.470173
  715.000000    0.500908
  720.000000    0.531601
  725.000000    0.576773
  730.000000    0.593665
  735.000000    0.594761
  740.000000    0.627740
  745.000000    0.680170
  750.000000    0.698824
  755.000000    0.710396
  760.000000    0.711984
  765.000000    0.709601
  770.000000    0.741151
  775.000000    0.734294
  780.000000    0.739616
  785.000000    0.742987
  790.000000    0.725907
  795.000000    0.694779
  800.000000    0.702780
  805.000000    0.703396
  810.000000    0.676439
  815.000000    0.664239
  820.000000    0.656640
  825.000000    0.636472
  830.000000    0.614485
  835.000000    0.610091
  840.000000    0.638321
  845.000000    0.645977
  850.000000    0.641927
  855.000000    0.641114
  860.000000    0.658448
  865.000000    0.647551
  870.000000    0.642649
  875.000000    0.632703
  880.000000    0.593870
  885.000000    0.587804
  890.000000    0.577429
  895.000000    0.567093
  900.000000    0.564958
  905.000000    0.556975
  910.000000    0.561988
  915.000000    0.545882
  920.000000    0.566488
  925.000000    0.567103
  930.000000    0.563992
  935.000000    0.582699
  940.000000    0.613458
  945.000000    0.618453
  950.000000    0.599861
  955.000000    0.596536
  960.000000    0.578080
  965.000000    0.550854
  970.000000    0.519758
  975.000000    0.514466
  980.000000    0.525755
  985.000000    0.539569
  990.000000    0.542374
  995.000000    0.562748
 1000.000000    0.602238
 1005.000000    0.635210
 1010.000000    0.647353
 1015.000000    0.652861
 1020.000000    0.666327
 1025.000000    0.675212
 1030.000000    0.695342
 1035.000000    0.703581
 1040.000000    0.700335
 1045.000000    0.677707
 1050.000000    0.643864
 1055.000000    0.644232
 1060.000000    0.650143
 1065.000000    0.643687
 1070.000000    0.623698
 1075.000000    0.613334
 1080.000000    0.584139
 1085.000000    0.574826
 1090.000000    0.563984
 1095.000000    0.542815
 1100.000000    0.548319
 1105.000000    0.570621
 1110.000000    0.592921
 1115.000000    0.620106
 1120.000000    0.643534
 1125.000000    0.680465
 1130.000000    0.680382
 1135.000000    0.661467
 1140.000000    0.652554
 1145.000000    0.629938
 1150.000000    0.639413
 1155.000000    0.632034
 1160.000000    0.653748
 1165.000000    0.659955
 1170.000000    0.649516
 1175.000000    0.632443
 1180.000000    0.620848
 1185.000000    0.616518
 1190.000000    0.584680
 1195.000000    0.561278
 1200.000000    0.522721
 1205.000000    0.454401
 1210.000000    0.451417
 1215.000000    0.458833
 1220.000000    0.451642
 1225.000000    0.463736
 1230.000000    0.473266
 1235.000000    0.490827
 1240.000000    0.489687
 1245.000000    0.505490
 1250.000000    0.498367
 1255.000000    0.492378
 1260.000000    0.539433
 1265.000000    0.606400
 1270.000000    0.611272
 1275.000000    0.613829
 1280.000000    0.604525
 1285.000000    0.636457
 1290.000000    0.634959
 1295.000000    0.663543
 1300.000000    0.671580
 1305.000000    0.692176
 1310.000000    0.642052
 1315.000000    0.628338
 1320.000000    0.623123
 1325.000000    0.604314
 1330.000000    0.623618
 1335.000000    0.631778
 1340.000000    0.670235
 1345.000000    0.690319
 1350.000000    0.689697
 1355.000000    0.699104
 1360.000000    0.682574
 1365.000000    0.685637
 1370.000000    0.703310
 1375.000000    0.696885
 1380.000000    0.682744
 1385.000000    0.655232
 1390.000000    0.642190
 1395.000000    0.637815
 1400.000000    0.649734
 1405.000000    0.641330
 1410.000000    0.601000
 1415.000000    0.576532
 1420.000000    0.551733
 1425.000000    0.559540
 1430.000000    0.519706
 1435.000000    0.519718
 1440.000000    0.526884
 1445.000000    0.546315
 1450.000000    0.559335
 1455.000000    0.562690
 1460.000000    0.595613
 1465.000000    0.592885
 1470.000000    0.597022
 1475.000000    0.605928
 1480.000000    0.613862
 1485.000000    0.619600
 1490.000000    0.601120
 1495.000000    0.600300
 1500.000000    0.617842
 1505.000000    0.626784
 1510.000000    0.634504
 1515.000000    0.616772
 1520.000000    0.633165
 1525.000000    0.627908
 1530.000000    0.632054
 1535.000000    0.633654
 1540.000000    0.623874
 1545.000000    0.627380
 1550.000000    0.615250
 1555.000000    0.587493
 1560.000000    0.623429
 1565.000000    0.632600
 1570.000000    0.657012
 1575.000000    0.651173
 1580.000000    0.670359
 1585.000000    0.673670
 1590.000000    0.661146
 1595.000000    0.660627
 1600.000000    0.647529
 1605.000000    0.670912
 1610.000000    0.691475
 1615.000000    0.714421
 1620.000000    0.699436
 1625.000000    0.686607
 1630.000000    0.690880
 1635.000000    0.688847
 1640.000000    0.677272
 1645.000000    0.662038
 1650.000000    0.689048
 1655.000000    0.678169
 1660.000000    0.667473
 1665.000000    0.633797
 1670.000000    0.628319
 1675.000000    0.616122
 1680.000000    0.582573
 1685.000000    0.556127
 1690.000000    0.571964
 1695.000000    0.592316
 1700.000000    0.605833
 1705.000000    0.640731
 1710.000000    0.644734
 1715.000000    0.653298
 1720.000000    0.697608
 1725.000000    0.719402
 1730.000000    0.743099
 1735.000000    0.732587
 1740.000000    0.710174
 1745.000000    0.698956
 1750.000000    0.681817
 1755.000000    0.662143
 1760.000000    0.632256
 1765.000000    0.634602
 1770.000000    0.634708
 1775.000000    0.609853
 1780.000000    0.592383
 1785.000000    0.581000
 1790.000000    0.571873
 1795.000000    0.588139
 1800.000000    0.560402
 1805.000000    0.567824
 1810.000000    0.579395
 1815.000000    0.591487
 1820.000000    0.597711
 1825.000000    0.584134
 1830.000000    0.576624
 1835.000000    0.574619
