#  pixel_depth  alphabetafraction   >  Analysis of alpha beta fraction
   47.000000    0.786760
   52.000000    0.737585
   57.000000    0.729275
   62.000000    0.717720
   67.000000    0.699112
   72.000000    0.703911
   77.000000    0.718429
   82.000000    0.734694
   87.000000    0.762247
   92.000000    0.776026
   97.000000    0.778972
  102.000000    0.797626
  107.000000    0.827715
  112.000000    0.834538
  117.000000    0.827505
  122.000000    0.849410
  127.000000    0.852177
  132.000000    0.837112
  137.000000    0.835948
  142.000000    0.805661
  147.000000    0.774216
  152.000000    0.761450
  157.000000    0.733127
  162.000000    0.740573
  167.000000    0.752225
  172.000000    0.764679
  177.000000    0.765237
  182.000000    0.746939
  187.000000    0.726123
  192.000000    0.711306
  197.000000    0.715018
  202.000000    0.722167
  207.000000    0.715439
  212.000000    0.711673
  217.000000    0.736321
  222.000000    0.752438
  227.000000    0.755164
  232.000000    0.752396
  237.000000    0.754655
  242.000000    0.734034
  247.000000    0.696042
  252.000000    0.682361
  257.000000    0.683125
  262.000000    0.693068
  267.000000    0.684191
  272.000000    0.689378
  277.000000    0.687413
  282.000000    0.705602
  287.000000    0.703425
  292.000000    0.697670
  297.000000    0.700923
  302.000000    0.725593
  307.000000    0.742071
  312.000000    0.750117
  317.000000    0.739260
  322.000000    0.706549
  327.000000    0.710461
  332.000000    0.712227
  337.000000    0.729683
  342.000000    0.743484
  347.000000    0.721604
  352.000000    0.725647
  357.000000    0.725030
  362.000000    0.720820
  367.000000    0.717018
  372.000000    0.724281
  377.000000    0.704571
  382.000000    0.697103
  387.000000    0.669575
  392.000000    0.681350
  397.000000    0.695831
  402.000000    0.697114
  407.000000    0.706973
  412.000000    0.738335
  417.000000    0.765057
  422.000000    0.767445
  427.000000    0.775952
  432.000000    0.762547
  437.000000    0.760887
  442.000000    0.760109
  447.000000    0.767708
  452.000000    0.758190
  457.000000    0.751130
  462.000000    0.756024
  467.000000    0.741719
  472.000000    0.733049
  477.000000    0.730311
  482.000000    0.752310
  487.000000    0.744634
  492.000000    0.737317
  497.000000    0.725212
  502.000000    0.728484
  507.000000    0.736940
  512.000000    0.727276
  517.000000    0.732439
  522.000000    0.742915
  527.000000    0.750980
  532.000000    0.746385
  537.000000    0.753101
  542.000000    0.757568
  547.000000    0.752009
  552.000000    0.739874
  557.000000    0.725915
  562.000000    0.723492
  567.000000    0.725926
  572.000000    0.705355
  577.000000    0.686980
  582.000000    0.675154
  587.000000    0.670346
  592.000000    0.678589
  597.000000    0.728114
  602.000000    0.729756
  607.000000    0.726531
  612.000000    0.727551
  617.000000    0.714451
  622.000000    0.718851
  627.000000    0.714256
  632.000000    0.700240
  637.000000    0.703700
  642.000000    0.731146
  647.000000    0.750332
  652.000000    0.766446
  657.000000    0.781213
  662.000000    0.786668
  667.000000    0.784509
  672.000000    0.760003
  677.000000    0.718719
  682.000000    0.691600
  687.000000    0.648354
  692.000000    0.638501
  697.000000    0.657803
  702.000000    0.667673
  707.000000    0.664187
  712.000000    0.656253
  717.000000    0.650313
  722.000000    0.644453
  727.000000    0.604125
  732.000000    0.641465
  737.000000    0.665507
  742.000000    0.682698
  747.000000    0.690458
  752.000000    0.680871
  757.000000    0.659940
  762.000000    0.670193
  767.000000    0.687579
  772.000000    0.686353
  777.000000    0.704536
  782.000000    0.737522
  787.000000    0.782323
  792.000000    0.776695
  797.000000    0.765026
  802.000000    0.738743
  807.000000    0.727820
  812.000000    0.725934
  817.000000    0.746352
  822.000000    0.751769
  827.000000    0.759091
  832.000000    0.757171
  837.000000    0.764311
  842.000000    0.773274
  847.000000    0.744191
  852.000000    0.736540
  857.000000    0.728516
  862.000000    0.722138
  867.000000    0.711150
  872.000000    0.733869
  877.000000    0.744248
  882.000000    0.752614
  887.000000    0.762799
  892.000000    0.785557
  897.000000    0.785720
  902.000000    0.752357
  907.000000    0.719088
  912.000000    0.689887
  917.000000    0.677562
  922.000000    0.689934
  927.000000    0.713881
  932.000000    0.744262
  937.000000    0.739267
  942.000000    0.749628
  947.000000    0.753058
  952.000000    0.760059
  957.000000    0.745300
  962.000000    0.740692
  967.000000    0.776941
  972.000000    0.762801
  977.000000    0.741453
  982.000000    0.749292
  987.000000    0.746960
  992.000000    0.776515
  997.000000    0.765196
 1002.000000    0.756695
 1007.000000    0.751876
 1012.000000    0.727965
 1017.000000    0.673701
 1022.000000    0.657155
 1027.000000    0.610054
 1032.000000    0.588415
 1037.000000    0.607386
 1042.000000    0.622964
 1047.000000    0.630437
 1052.000000    0.627759
 1057.000000    0.629408
 1062.000000    0.664842
 1067.000000    0.716253
 1072.000000    0.719998
 1077.000000    0.737229
 1082.000000    0.722814
 1087.000000    0.714758
 1092.000000    0.712508
 1097.000000    0.714311
 1102.000000    0.725309
 1107.000000    0.748127
 1112.000000    0.750411
 1117.000000    0.729632
 1122.000000    0.745725
 1127.000000    0.744134
 1132.000000    0.735252
 1137.000000    0.739876
 1142.000000    0.752890
 1147.000000    0.770394
 1152.000000    0.780149
 1157.000000    0.775668
 1162.000000    0.757313
 1167.000000    0.744164
 1172.000000    0.740937
 1177.000000    0.750470
 1182.000000    0.756623
 1187.000000    0.748700
 1192.000000    0.755973
 1197.000000    0.792742
 1202.000000    0.795319
 1207.000000    0.800414
 1212.000000    0.819307
 1217.000000    0.817879
 1222.000000    0.830988
 1227.000000    0.825057
 1232.000000    0.812342
 1237.000000    0.790686
 1242.000000    0.788213
 1247.000000    0.776384
 1252.000000    0.791403
 1257.000000    0.779451
 1262.000000    0.762649
 1267.000000    0.740099
 1272.000000    0.721817
 1277.000000    0.702725
 1282.000000    0.663638
 1287.000000    0.656200
 1292.000000    0.654504
 1297.000000    0.674657
 1302.000000    0.715525
 1307.000000    0.724528
 1312.000000    0.735710
 1317.000000    0.767432
 1322.000000    0.778573
 1327.000000    0.788867
 1332.000000    0.773917
 1337.000000    0.784365
 1342.000000    0.775114
 1347.000000    0.755613
 1352.000000    0.753613
 1357.000000    0.763753
 1362.000000    0.803040
 1367.000000    0.802299
 1372.000000    0.772327
 1377.000000    0.746296
 1382.000000    0.744594
 1387.000000    0.707622
 1392.000000    0.686339
 1397.000000    0.684715
 1402.000000    0.674247
 1407.000000    0.675393
 1412.000000    0.687072
 1417.000000    0.693534
 1422.000000    0.708437
 1427.000000    0.712279
 1432.000000    0.720079
 1437.000000    0.726849
 1442.000000    0.738262
 1447.000000    0.749309
 1452.000000    0.780871
 1457.000000    0.785358
 1462.000000    0.774941
 1467.000000    0.764588
 1472.000000    0.768719
 1477.000000    0.755629
 1482.000000    0.748289
 1487.000000    0.755707
 1492.000000    0.765972
 1497.000000    0.772864
 1502.000000    0.778341
 1507.000000    0.767413
 1512.000000    0.737694
 1517.000000    0.741370
 1522.000000    0.749883
 1527.000000    0.754235
 1532.000000    0.768581
 1537.000000    0.763851
 1542.000000    0.763076
 1547.000000    0.744996
 1552.000000    0.736821
 1557.000000    0.735826
 1562.000000    0.740250
 1567.000000    0.742365
 1572.000000    0.751405
 1577.000000    0.753902
 1582.000000    0.757901
 1587.000000    0.750931
 1592.000000    0.755134
 1597.000000    0.741223
 1602.000000    0.725964
 1607.000000    0.694281
 1612.000000    0.654430
 1617.000000    0.661732
 1622.000000    0.657390
 1627.000000    0.664617
 1632.000000    0.684622
 1637.000000    0.725081
 1642.000000    0.742055
 1647.000000    0.738007
 1652.000000    0.727596
 1657.000000    0.759908
 1662.000000    0.779297
 1667.000000    0.805131
 1672.000000    0.824461
 1677.000000    0.798632
 1682.000000    0.807845
 1687.000000    0.822485
 1692.000000    0.826636
 1697.000000    0.813155
 1702.000000    0.784004
 1707.000000    0.768667
 1712.000000    0.760653
 1717.000000    0.733615
 1722.000000    0.753882
 1727.000000    0.743212
 1732.000000    0.745578
 1737.000000    0.750667
 1742.000000    0.770168
 1747.000000    0.776446
 1752.000000    0.765501
 1757.000000    0.752897
 1762.000000    0.734462
 1767.000000    0.703857
 1772.000000    0.679742
 1777.000000    0.668808
 1782.000000    0.632072
 1787.000000    0.650679
 1792.000000    0.683472
 1797.000000    0.730789
 1802.000000    0.773920
 1807.000000    0.788594
 1812.000000    0.794018
 1817.000000    0.785583
 1822.000000    0.768006
