#  pixel_depth  alphabetafraction   >  Analysis of alpha beta fraction
   71.000000    0.765543
   76.000000    0.742108
   81.000000    0.731554
   86.000000    0.704232
   91.000000    0.668818
   96.000000    0.659086
  101.000000    0.657315
  106.000000    0.661995
  111.000000    0.657214
  116.000000    0.667723
  121.000000    0.690781
  126.000000    0.705457
  131.000000    0.736304
  136.000000    0.756083
  141.000000    0.774012
  146.000000    0.758944
  151.000000    0.746326
  156.000000    0.741799
  161.000000    0.739381
  166.000000    0.732133
  171.000000    0.697764
  176.000000    0.654109
  181.000000    0.647652
  186.000000    0.602449
  191.000000    0.599213
  196.000000    0.609503
  201.000000    0.657402
  206.000000    0.710541
  211.000000    0.746294
  216.000000    0.756283
  221.000000    0.784633
  226.000000    0.801376
  231.000000    0.823900
  236.000000    0.816814
  241.000000    0.781205
  246.000000    0.777759
  251.000000    0.783385
  256.000000    0.795427
  261.000000    0.795797
  266.000000    0.783652
  271.000000    0.770811
  276.000000    0.705278
  281.000000    0.677557
  286.000000    0.666769
  291.000000    0.660252
  296.000000    0.674865
  301.000000    0.696602
  306.000000    0.713545
  311.000000    0.727036
  316.000000    0.743394
  321.000000    0.725725
  326.000000    0.708588
  331.000000    0.704294
  336.000000    0.711265
  341.000000    0.698010
  346.000000    0.718455
  351.000000    0.726764
  356.000000    0.720824
  361.000000    0.724463
  366.000000    0.720449
  371.000000    0.710626
  376.000000    0.736526
  381.000000    0.745150
  386.000000    0.738260
  391.000000    0.772565
  396.000000    0.776614
  401.000000    0.777459
  406.000000    0.784095
  411.000000    0.773325
  416.000000    0.773890
  421.000000    0.774012
  426.000000    0.786110
  431.000000    0.804162
  436.000000    0.829259
  441.000000    0.857759
  446.000000    0.841431
  451.000000    0.824313
  456.000000    0.807072
  461.000000    0.792747
  466.000000    0.746008
  471.000000    0.718757
  476.000000    0.699632
  481.000000    0.741071
  486.000000    0.762890
  491.000000    0.751347
  496.000000    0.776355
  501.000000    0.785613
  506.000000    0.791764
  511.000000    0.806688
  516.000000    0.805311
  521.000000    0.758600
  526.000000    0.759416
  531.000000    0.694243
  536.000000    0.700484
  541.000000    0.737028
  546.000000    0.757774
  551.000000    0.767960
  556.000000    0.815305
  561.000000    0.834124
  566.000000    0.847415
  571.000000    0.831595
  576.000000    0.833004
  581.000000    0.825271
  586.000000    0.821764
  591.000000    0.856034
  596.000000    0.851333
  601.000000    0.841108
  606.000000    0.834116
  611.000000    0.821761
  616.000000    0.806164
  621.000000    0.780830
  626.000000    0.781352
  631.000000    0.783366
  636.000000    0.769397
  641.000000    0.762112
  646.000000    0.770743
  651.000000    0.770587
  656.000000    0.773323
  661.000000    0.734727
  666.000000    0.716113
  671.000000    0.717544
  676.000000    0.704552
  681.000000    0.713623
  686.000000    0.700996
  691.000000    0.689818
  696.000000    0.702230
  701.000000    0.733508
  706.000000    0.736059
  711.000000    0.729640
  716.000000    0.744164
  721.000000    0.761475
  726.000000    0.774145
  731.000000    0.788337
  736.000000    0.789989
  741.000000    0.782947
  746.000000    0.786578
  751.000000    0.785411
  756.000000    0.810069
  761.000000    0.844215
  766.000000    0.867321
  771.000000    0.884034
  776.000000    0.874590
  781.000000    0.857868
  786.000000    0.838439
  791.000000    0.833060
  796.000000    0.835329
  801.000000    0.829812
  806.000000    0.863586
  811.000000    0.854047
  816.000000    0.866614
  821.000000    0.841004
  826.000000    0.795714
  831.000000    0.774186
  836.000000    0.741466
  841.000000    0.742516
  846.000000    0.753083
  851.000000    0.762497
  856.000000    0.765370
  861.000000    0.770989
  866.000000    0.769417
  871.000000    0.760994
  876.000000    0.749465
  881.000000    0.721797
  886.000000    0.726246
  891.000000    0.731878
  896.000000    0.751486
  901.000000    0.782211
  906.000000    0.810138
  911.000000    0.827484
  916.000000    0.797632
  921.000000    0.756876
  926.000000    0.758994
  931.000000    0.760828
  936.000000    0.765795
  941.000000    0.775798
  946.000000    0.779250
  951.000000    0.738070
  956.000000    0.720989
  961.000000    0.751539
  966.000000    0.772536
  971.000000    0.807843
  976.000000    0.839713
  981.000000    0.859927
  986.000000    0.858857
  991.000000    0.869181
  996.000000    0.884542
 1001.000000    0.881522
 1006.000000    0.859158
 1011.000000    0.826796
 1016.000000    0.796698
 1021.000000    0.783715
 1026.000000    0.755803
 1031.000000    0.771036
 1036.000000    0.787207
 1041.000000    0.793841
 1046.000000    0.768279
 1051.000000    0.784786
 1056.000000    0.794640
 1061.000000    0.820675
 1066.000000    0.847481
 1071.000000    0.832334
 1076.000000    0.835895
 1081.000000    0.839561
 1086.000000    0.851345
 1091.000000    0.879418
 1096.000000    0.883583
 1101.000000    0.882756
 1106.000000    0.877929
 1111.000000    0.872550
 1116.000000    0.842627
 1121.000000    0.828688
 1126.000000    0.832627
 1131.000000    0.843846
 1136.000000    0.845596
 1141.000000    0.844202
 1146.000000    0.840801
 1151.000000    0.825302
 1156.000000    0.793329
 1161.000000    0.785823
 1166.000000    0.789901
 1171.000000    0.808858
 1176.000000    0.826759
 1181.000000    0.836692
 1186.000000    0.804937
 1191.000000    0.774641
 1196.000000    0.746984
 1201.000000    0.751446
 1206.000000    0.732085
 1211.000000    0.709294
 1216.000000    0.696548
 1221.000000    0.703516
 1226.000000    0.703004
 1231.000000    0.717204
 1236.000000    0.726923
 1241.000000    0.732641
 1246.000000    0.735394
 1251.000000    0.732091
 1256.000000    0.732961
 1261.000000    0.744916
 1266.000000    0.726690
 1271.000000    0.745735
 1276.000000    0.780496
 1281.000000    0.796540
 1286.000000    0.807525
 1291.000000    0.803079
 1296.000000    0.801711
 1301.000000    0.773073
 1306.000000    0.742344
 1311.000000    0.731926
 1316.000000    0.725019
 1321.000000    0.737045
 1326.000000    0.766287
 1331.000000    0.796803
 1336.000000    0.830774
 1341.000000    0.815737
 1346.000000    0.822716
 1351.000000    0.826868
 1356.000000    0.847764
 1361.000000    0.846211
 1366.000000    0.837582
 1371.000000    0.832571
 1376.000000    0.822810
 1381.000000    0.814684
 1386.000000    0.831890
 1391.000000    0.836789
 1396.000000    0.825819
 1401.000000    0.819995
 1406.000000    0.802023
 1411.000000    0.810681
 1416.000000    0.817787
 1421.000000    0.835308
 1426.000000    0.864791
 1431.000000    0.865718
 1436.000000    0.868396
 1441.000000    0.849153
 1446.000000    0.827366
 1451.000000    0.800852
 1456.000000    0.815860
 1461.000000    0.800875
 1466.000000    0.792597
 1471.000000    0.814138
 1476.000000    0.833624
 1481.000000    0.847832
 1486.000000    0.856205
 1491.000000    0.850730
 1496.000000    0.837733
 1501.000000    0.855918
 1506.000000    0.848570
 1511.000000    0.849861
 1516.000000    0.830116
 1521.000000    0.837467
 1526.000000    0.820655
 1531.000000    0.804955
 1536.000000    0.806229
 1541.000000    0.810406
 1546.000000    0.811851
 1551.000000    0.805807
 1556.000000    0.822428
 1561.000000    0.817254
 1566.000000    0.797715
 1571.000000    0.773584
 1576.000000    0.735190
 1581.000000    0.734753
 1586.000000    0.704324
 1591.000000    0.702557
 1596.000000    0.745415
 1601.000000    0.801637
 1606.000000    0.851729
 1611.000000    0.845163
 1616.000000    0.836452
 1621.000000    0.840299
 1626.000000    0.837997
 1631.000000    0.814569
 1636.000000    0.799096
 1641.000000    0.807048
 1646.000000    0.799624
 1651.000000    0.771944
 1656.000000    0.734135
 1661.000000    0.762157
 1666.000000    0.771507
 1671.000000    0.767935
 1676.000000    0.772732
 1681.000000    0.739410
 1686.000000    0.770016
 1691.000000    0.772798
 1696.000000    0.793054
 1701.000000    0.796835
 1706.000000    0.809835
 1711.000000    0.816712
 1716.000000    0.803459
 1721.000000    0.782117
 1726.000000    0.759440
 1731.000000    0.759992
 1736.000000    0.765375
 1741.000000    0.760484
 1746.000000    0.767537
 1751.000000    0.789048
 1756.000000    0.760477
 1761.000000    0.763524
 1766.000000    0.746946
 1771.000000    0.746767
 1776.000000    0.752266
 1781.000000    0.757316
 1786.000000    0.783693
 1791.000000    0.815260
 1796.000000    0.813321
 1801.000000    0.787560
 1806.000000    0.766745
 1811.000000    0.732669
 1816.000000    0.752565
 1821.000000    0.743111
 1826.000000    0.720529
 1831.000000    0.721288
 1836.000000    0.686380
 1841.000000    0.720868
 1846.000000    0.761040
 1851.000000    0.801309
