#  pixel_depth  alphabetafraction   >  Analysis of alpha beta fraction
  214.000000    0.714858
  219.000000    0.707012
  224.000000    0.707325
  229.000000    0.684565
  234.000000    0.707464
  239.000000    0.726726
  244.000000    0.756313
  249.000000    0.766442
  254.000000    0.741712
  259.000000    0.749494
  264.000000    0.749610
  269.000000    0.731774
  274.000000    0.726990
  279.000000    0.741699
  284.000000    0.737509
  289.000000    0.704103
  294.000000    0.684378
  299.000000    0.660419
  304.000000    0.630920
  309.000000    0.614968
  314.000000    0.593160
  319.000000    0.578233
  324.000000    0.569264
  329.000000    0.583120
  334.000000    0.615090
  339.000000    0.625136
  344.000000    0.636878
  349.000000    0.672163
  354.000000    0.740002
  359.000000    0.769072
  364.000000    0.802240
  369.000000    0.833375
  374.000000    0.843780
  379.000000    0.855399
  384.000000    0.852326
  389.000000    0.862082
  394.000000    0.855560
  399.000000    0.810399
  404.000000    0.803409
  409.000000    0.793859
  414.000000    0.797203
  419.000000    0.803877
  424.000000    0.765281
  429.000000    0.736787
  434.000000    0.733604
  439.000000    0.735261
  444.000000    0.729923
  449.000000    0.744465
  454.000000    0.720800
  459.000000    0.689036
  464.000000    0.703635
  469.000000    0.721586
  474.000000    0.709683
  479.000000    0.710562
  484.000000    0.718422
  489.000000    0.740777
  494.000000    0.732383
  499.000000    0.734519
  504.000000    0.737867
  509.000000    0.743769
  514.000000    0.763277
  519.000000    0.783628
  524.000000    0.782907
  529.000000    0.789105
  534.000000    0.779538
  539.000000    0.756199
  544.000000    0.773879
  549.000000    0.771099
  554.000000    0.787603
  559.000000    0.810749
  564.000000    0.810682
  569.000000    0.817222
  574.000000    0.812235
  579.000000    0.808751
  584.000000    0.777021
  589.000000    0.716493
  594.000000    0.671377
  599.000000    0.656858
  604.000000    0.665650
  609.000000    0.665651
  614.000000    0.679278
  619.000000    0.675343
  624.000000    0.694105
  629.000000    0.691482
  634.000000    0.688189
  639.000000    0.715309
  644.000000    0.721499
  649.000000    0.751193
  654.000000    0.767863
  659.000000    0.783896
  664.000000    0.785605
  669.000000    0.784563
  674.000000    0.778545
  679.000000    0.769091
  684.000000    0.759449
  689.000000    0.735975
  694.000000    0.743935
  699.000000    0.739946
  704.000000    0.733979
  709.000000    0.740405
  714.000000    0.788338
  719.000000    0.802986
  724.000000    0.801283
  729.000000    0.772585
  734.000000    0.777382
  739.000000    0.785880
  744.000000    0.795521
  749.000000    0.824840
  754.000000    0.848702
  759.000000    0.822902
  764.000000    0.815681
  769.000000    0.808010
  774.000000    0.825207
  779.000000    0.849479
  784.000000    0.850154
  789.000000    0.847803
  794.000000    0.816284
  799.000000    0.807635
  804.000000    0.787924
  809.000000    0.783390
  814.000000    0.736173
  819.000000    0.737907
  824.000000    0.755179
  829.000000    0.776348
  834.000000    0.777441
  839.000000    0.783170
  844.000000    0.775982
  849.000000    0.790878
  854.000000    0.786536
  859.000000    0.794843
  864.000000    0.792005
  869.000000    0.802491
  874.000000    0.801845
  879.000000    0.815024
  884.000000    0.801485
  889.000000    0.815502
  894.000000    0.822799
  899.000000    0.823810
  904.000000    0.818360
  909.000000    0.776816
  914.000000    0.752132
  919.000000    0.739723
  924.000000    0.710547
  929.000000    0.704419
  934.000000    0.700809
  939.000000    0.699761
  944.000000    0.712975
  949.000000    0.715980
  954.000000    0.714236
  959.000000    0.697849
  964.000000    0.667678
  969.000000    0.651964
  974.000000    0.671360
  979.000000    0.684725
  984.000000    0.719270
  989.000000    0.730956
  994.000000    0.737028
  999.000000    0.764226
 1004.000000    0.779278
 1009.000000    0.786177
 1014.000000    0.767090
 1019.000000    0.719770
 1024.000000    0.707104
 1029.000000    0.699024
 1034.000000    0.695706
 1039.000000    0.702716
 1044.000000    0.699028
 1049.000000    0.713017
 1054.000000    0.727931
 1059.000000    0.743756
 1064.000000    0.723300
 1069.000000    0.731223
 1074.000000    0.713033
 1079.000000    0.716909
 1084.000000    0.734709
 1089.000000    0.758049
 1094.000000    0.762007
 1099.000000    0.753293
 1104.000000    0.760037
 1109.000000    0.796297
 1114.000000    0.783780
 1119.000000    0.798583
 1124.000000    0.820395
 1129.000000    0.839681
 1134.000000    0.854546
 1139.000000    0.837670
 1144.000000    0.805875
 1149.000000    0.782747
 1154.000000    0.780701
 1159.000000    0.783976
 1164.000000    0.796297
 1169.000000    0.800428
 1174.000000    0.780083
 1179.000000    0.764185
 1184.000000    0.744026
 1189.000000    0.738280
 1194.000000    0.721323
 1199.000000    0.678414
 1204.000000    0.671693
 1209.000000    0.670899
 1214.000000    0.662723
 1219.000000    0.678018
 1224.000000    0.729777
 1229.000000    0.755018
 1234.000000    0.781323
 1239.000000    0.785438
 1244.000000    0.796221
 1249.000000    0.798842
 1254.000000    0.803215
 1259.000000    0.817098
 1264.000000    0.825679
 1269.000000    0.829959
 1274.000000    0.833800
 1279.000000    0.814932
 1284.000000    0.792673
 1289.000000    0.764219
 1294.000000    0.733271
 1299.000000    0.742553
 1304.000000    0.723909
 1309.000000    0.724107
 1314.000000    0.723565
 1319.000000    0.720890
 1324.000000    0.725969
 1329.000000    0.721971
 1334.000000    0.725008
 1339.000000    0.746076
 1344.000000    0.788912
 1349.000000    0.796561
 1354.000000    0.784314
 1359.000000    0.759927
 1364.000000    0.740037
 1369.000000    0.709284
 1374.000000    0.678470
 1379.000000    0.650581
 1384.000000    0.640507
 1389.000000    0.626077
 1394.000000    0.670675
 1399.000000    0.689623
 1404.000000    0.665587
 1409.000000    0.623486
 1414.000000    0.605969
 1419.000000    0.598803
 1424.000000    0.596347
 1429.000000    0.604343
 1434.000000    0.651080
 1439.000000    0.688316
 1444.000000    0.722547
 1449.000000    0.740668
 1454.000000    0.760842
 1459.000000    0.761704
 1464.000000    0.726066
 1469.000000    0.708979
 1474.000000    0.683982
 1479.000000    0.684674
 1484.000000    0.705090
 1489.000000    0.706914
 1494.000000    0.723503
 1499.000000    0.740345
 1504.000000    0.750294
 1509.000000    0.768896
 1514.000000    0.749137
 1519.000000    0.744659
 1524.000000    0.721786
 1529.000000    0.724947
 1534.000000    0.770146
 1539.000000    0.786227
 1544.000000    0.786200
 1549.000000    0.797947
 1554.000000    0.820008
 1559.000000    0.829850
 1564.000000    0.823418
 1569.000000    0.822296
 1574.000000    0.806919
 1579.000000    0.778407
 1584.000000    0.758555
 1589.000000    0.738067
 1594.000000    0.736684
 1599.000000    0.757354
 1604.000000    0.764764
 1609.000000    0.750600
 1614.000000    0.739956
 1619.000000    0.727288
 1624.000000    0.744362
 1629.000000    0.741483
 1634.000000    0.727141
 1639.000000    0.694696
 1644.000000    0.727372
 1649.000000    0.736064
 1654.000000    0.732406
 1659.000000    0.740122
 1664.000000    0.726093
 1669.000000    0.715539
 1674.000000    0.726478
 1679.000000    0.720717
 1684.000000    0.717686
 1689.000000    0.723103
 1694.000000    0.713654
 1699.000000    0.712436
 1704.000000    0.715860
 1709.000000    0.717011
 1714.000000    0.694123
 1719.000000    0.680796
 1724.000000    0.714102
 1729.000000    0.740780
 1734.000000    0.753660
 1739.000000    0.769111
 1744.000000    0.774467
 1749.000000    0.755161
 1754.000000    0.730290
 1759.000000    0.699751
 1764.000000    0.662470
 1769.000000    0.627812
 1774.000000    0.614060
 1779.000000    0.649288
 1784.000000    0.686634
 1789.000000    0.712092
 1794.000000    0.731628
 1799.000000    0.729384
 1804.000000    0.749123
 1809.000000    0.777258
 1814.000000    0.787275
 1819.000000    0.779677
 1824.000000    0.776517
 1829.000000    0.797040
 1834.000000    0.798706
 1839.000000    0.784425
 1844.000000    0.770670
 1849.000000    0.760956
 1854.000000    0.788858
 1859.000000    0.804852
 1864.000000    0.784764
 1869.000000    0.793363
 1874.000000    0.800624
 1879.000000    0.796610
 1884.000000    0.798522
 1889.000000    0.803375
 1894.000000    0.811510
 1899.000000    0.778959
 1904.000000    0.744973
 1909.000000    0.745149
