#  pixel_depth  alphabetafraction   >  Analysis of alpha beta fraction
  112.000000    0.724161
  117.000000    0.738036
  122.000000    0.764296
  127.000000    0.782148
  132.000000    0.789820
  137.000000    0.783738
  142.000000    0.795208
  147.000000    0.789180
  152.000000    0.769555
  157.000000    0.756678
  162.000000    0.766700
  167.000000    0.742714
  172.000000    0.732828
  177.000000    0.717719
  182.000000    0.722773
  187.000000    0.723311
  192.000000    0.703514
  197.000000    0.672448
  202.000000    0.693626
  207.000000    0.708304
  212.000000    0.694106
  217.000000    0.702415
  222.000000    0.763968
  227.000000    0.776244
  232.000000    0.759941
  237.000000    0.732221
  242.000000    0.731505
  247.000000    0.738048
  252.000000    0.765977
  257.000000    0.801548
  262.000000    0.797837
  267.000000    0.795877
  272.000000    0.779762
  277.000000    0.745640
  282.000000    0.728711
  287.000000    0.709174
  292.000000    0.722524
  297.000000    0.734691
  302.000000    0.734247
  307.000000    0.767647
  312.000000    0.803243
  317.000000    0.815728
  322.000000    0.836961
  327.000000    0.838872
  332.000000    0.845186
  337.000000    0.823659
  342.000000    0.807527
  347.000000    0.799557
  352.000000    0.787113
  357.000000    0.775175
  362.000000    0.750177
  367.000000    0.756374
  372.000000    0.747796
  377.000000    0.780744
  382.000000    0.808724
  387.000000    0.825936
  392.000000    0.831870
  397.000000    0.842653
  402.000000    0.860752
  407.000000    0.859702
  412.000000    0.843774
  417.000000    0.843684
  422.000000    0.830225
  427.000000    0.807118
  432.000000    0.783905
  437.000000    0.758369
  442.000000    0.728114
  447.000000    0.706222
  452.000000    0.720840
  457.000000    0.745304
  462.000000    0.764965
  467.000000    0.772281
  472.000000    0.805424
  477.000000    0.784155
  482.000000    0.794308
  487.000000    0.804176
  492.000000    0.821454
  497.000000    0.829335
  502.000000    0.828345
  507.000000    0.811740
  512.000000    0.804058
  517.000000    0.803306
  522.000000    0.813226
  527.000000    0.805936
  532.000000    0.805245
  537.000000    0.808071
  542.000000    0.830985
  547.000000    0.824289
  552.000000    0.817275
  557.000000    0.815969
  562.000000    0.791274
  567.000000    0.784763
  572.000000    0.787176
  577.000000    0.791366
  582.000000    0.764325
  587.000000    0.768087
  592.000000    0.756792
  597.000000    0.774739
  602.000000    0.792780
  607.000000    0.805633
  612.000000    0.795646
  617.000000    0.790456
  622.000000    0.794146
  627.000000    0.769066
  632.000000    0.750597
  637.000000    0.710167
  642.000000    0.705375
  647.000000    0.722449
  652.000000    0.723217
  657.000000    0.718117
  662.000000    0.722730
  667.000000    0.724890
  672.000000    0.750908
  677.000000    0.797365
  682.000000    0.834608
  687.000000    0.837571
  692.000000    0.835598
  697.000000    0.814495
  702.000000    0.833296
  707.000000    0.818013
  712.000000    0.818619
  717.000000    0.839938
  722.000000    0.850232
  727.000000    0.852162
  732.000000    0.834655
  737.000000    0.814836
  742.000000    0.804583
  747.000000    0.771209
  752.000000    0.746449
  757.000000    0.746310
  762.000000    0.776583
  767.000000    0.770486
  772.000000    0.765973
  777.000000    0.750265
  782.000000    0.733793
  787.000000    0.741627
  792.000000    0.754177
  797.000000    0.767119
  802.000000    0.793610
  807.000000    0.805899
  812.000000    0.808999
  817.000000    0.805375
  822.000000    0.820526
  827.000000    0.832871
  832.000000    0.835367
  837.000000    0.810438
  842.000000    0.786968
  847.000000    0.815701
  852.000000    0.793727
  857.000000    0.797646
  862.000000    0.785862
  867.000000    0.783225
  872.000000    0.783700
  877.000000    0.797654
  882.000000    0.789638
  887.000000    0.788972
  892.000000    0.806818
  897.000000    0.810350
  902.000000    0.800555
  907.000000    0.777655
  912.000000    0.767743
  917.000000    0.728580
  922.000000    0.750423
  927.000000    0.757947
  932.000000    0.756068
  937.000000    0.762094
  942.000000    0.783124
  947.000000    0.762589
  952.000000    0.738922
  957.000000    0.756973
  962.000000    0.806928
  967.000000    0.808650
  972.000000    0.801363
  977.000000    0.820799
  982.000000    0.829878
  987.000000    0.811339
  992.000000    0.799694
  997.000000    0.797924
 1002.000000    0.776351
 1007.000000    0.760894
 1012.000000    0.772730
 1017.000000    0.767636
 1022.000000    0.767228
 1027.000000    0.763428
 1032.000000    0.789633
 1037.000000    0.826689
 1042.000000    0.852143
 1047.000000    0.847854
 1052.000000    0.825836
 1057.000000    0.808625
 1062.000000    0.807641
 1067.000000    0.827996
 1072.000000    0.809131
 1077.000000    0.805717
 1082.000000    0.789163
 1087.000000    0.776915
 1092.000000    0.784603
 1097.000000    0.797474
 1102.000000    0.781662
 1107.000000    0.784558
 1112.000000    0.796959
 1117.000000    0.810010
 1122.000000    0.835227
 1127.000000    0.827309
 1132.000000    0.815142
 1137.000000    0.788785
 1142.000000    0.769417
 1147.000000    0.738290
 1152.000000    0.755017
 1157.000000    0.770187
 1162.000000    0.789826
 1167.000000    0.802862
 1172.000000    0.797567
 1177.000000    0.818839
 1182.000000    0.804992
 1187.000000    0.804657
 1192.000000    0.802166
 1197.000000    0.809624
 1202.000000    0.803880
 1207.000000    0.805891
 1212.000000    0.789903
 1217.000000    0.775383
 1222.000000    0.769694
 1227.000000    0.766470
 1232.000000    0.755920
 1237.000000    0.763110
 1242.000000    0.750413
 1247.000000    0.750478
 1252.000000    0.757152
 1257.000000    0.733173
 1262.000000    0.746278
 1267.000000    0.742141
 1272.000000    0.757267
 1277.000000    0.743813
 1282.000000    0.759456
 1287.000000    0.781460
 1292.000000    0.782884
 1297.000000    0.792900
 1302.000000    0.779102
 1307.000000    0.755939
 1312.000000    0.746066
 1317.000000    0.734612
 1322.000000    0.730877
 1327.000000    0.756426
 1332.000000    0.743692
 1337.000000    0.769113
 1342.000000    0.776996
 1347.000000    0.756197
 1352.000000    0.728688
 1357.000000    0.740752
 1362.000000    0.759592
 1367.000000    0.758346
 1372.000000    0.721570
 1377.000000    0.721107
 1382.000000    0.750976
 1387.000000    0.772374
 1392.000000    0.794752
 1397.000000    0.781828
 1402.000000    0.770046
 1407.000000    0.766747
 1412.000000    0.754120
 1417.000000    0.760324
 1422.000000    0.764204
 1427.000000    0.784116
 1432.000000    0.790824
 1437.000000    0.793011
 1442.000000    0.766724
 1447.000000    0.745157
 1452.000000    0.739222
 1457.000000    0.763629
 1462.000000    0.784664
 1467.000000    0.767120
 1472.000000    0.797776
 1477.000000    0.817971
 1482.000000    0.817379
 1487.000000    0.806373
 1492.000000    0.798604
 1497.000000    0.792265
 1502.000000    0.754167
 1507.000000    0.779003
 1512.000000    0.790784
 1517.000000    0.777024
 1522.000000    0.784313
 1527.000000    0.796605
 1532.000000    0.782780
 1537.000000    0.748959
 1542.000000    0.743414
 1547.000000    0.730111
 1552.000000    0.712106
 1557.000000    0.710535
 1562.000000    0.726809
 1567.000000    0.735570
 1572.000000    0.745429
 1577.000000    0.742547
 1582.000000    0.768318
 1587.000000    0.797057
 1592.000000    0.819366
 1597.000000    0.842661
 1602.000000    0.847531
 1607.000000    0.824527
 1612.000000    0.783571
 1617.000000    0.776758
 1622.000000    0.777527
 1627.000000    0.764028
 1632.000000    0.787366
 1637.000000    0.795049
 1642.000000    0.804959
 1647.000000    0.814421
 1652.000000    0.812824
 1657.000000    0.786603
 1662.000000    0.780608
 1667.000000    0.773343
 1672.000000    0.787801
 1677.000000    0.785675
 1682.000000    0.764439
 1687.000000    0.755665
 1692.000000    0.768739
 1697.000000    0.734204
 1702.000000    0.719705
 1707.000000    0.721749
 1712.000000    0.747855
 1717.000000    0.753770
 1722.000000    0.757616
 1727.000000    0.807414
 1732.000000    0.830478
 1737.000000    0.838168
 1742.000000    0.847454
 1747.000000    0.839839
 1752.000000    0.846866
 1757.000000    0.865573
 1762.000000    0.895895
 1767.000000    0.881189
 1772.000000    0.874246
 1777.000000    0.862036
 1782.000000    0.855032
 1787.000000    0.850027
 1792.000000    0.857424
 1797.000000    0.861114
