#  pixel_depth  alphabetafraction   >  Analysis of alpha beta fraction
   32.000000    0.924065
   37.000000    0.904453
   42.000000    0.893228
   47.000000    0.881827
   52.000000    0.867894
   57.000000    0.869935
   62.000000    0.873231
   67.000000    0.870352
   72.000000    0.855261
   77.000000    0.842824
   82.000000    0.812931
   87.000000    0.831209
   92.000000    0.842898
   97.000000    0.858768
  102.000000    0.877495
  107.000000    0.881417
  112.000000    0.885750
  117.000000    0.874063
  122.000000    0.864967
  127.000000    0.841718
  132.000000    0.790571
  137.000000    0.726181
  142.000000    0.691608
  147.000000    0.685869
  152.000000    0.714316
  157.000000    0.752991
  162.000000    0.765368
  167.000000    0.794787
  172.000000    0.797475
  177.000000    0.812718
  182.000000    0.840190
  187.000000    0.830421
  192.000000    0.824120
  197.000000    0.802899
  202.000000    0.792695
  207.000000    0.796767
  212.000000    0.808733
  217.000000    0.787943
  222.000000    0.780817
  227.000000    0.766707
  232.000000    0.728925
  237.000000    0.731653
  242.000000    0.728307
  247.000000    0.726919
  252.000000    0.722340
  257.000000    0.707689
  262.000000    0.702012
  267.000000    0.727725
  272.000000    0.735834
  277.000000    0.728325
  282.000000    0.700710
  287.000000    0.721097
  292.000000    0.733983
  297.000000    0.757320
  302.000000    0.756509
  307.000000    0.768307
  312.000000    0.781829
  317.000000    0.772745
  322.000000    0.767289
  327.000000    0.746374
  332.000000    0.757486
  337.000000    0.762829
  342.000000    0.755670
  347.000000    0.761933
  352.000000    0.765407
  357.000000    0.762326
  362.000000    0.761047
  367.000000    0.756327
  372.000000    0.786152
  377.000000    0.777699
  382.000000    0.778032
  387.000000    0.770146
  392.000000    0.793398
  397.000000    0.784170
  402.000000    0.775580
  407.000000    0.753463
  412.000000    0.728204
  417.000000    0.719215
  422.000000    0.717542
  427.000000    0.716897
  432.000000    0.712623
  437.000000    0.712673
  442.000000    0.705170
  447.000000    0.696808
  452.000000    0.700751
  457.000000    0.673350
  462.000000    0.685336
  467.000000    0.664026
  472.000000    0.646490
  477.000000    0.672444
  482.000000    0.677861
  487.000000    0.697130
  492.000000    0.700568
  497.000000    0.717022
  502.000000    0.743637
  507.000000    0.744421
  512.000000    0.733851
  517.000000    0.697846
  522.000000    0.683788
  527.000000    0.707593
  532.000000    0.749973
  537.000000    0.775146
  542.000000    0.787546
  547.000000    0.770898
  552.000000    0.757283
  557.000000    0.715422
  562.000000    0.707626
  567.000000    0.700141
  572.000000    0.714233
  577.000000    0.703831
  582.000000    0.715951
  587.000000    0.703078
  592.000000    0.689199
  597.000000    0.668324
  602.000000    0.669316
  607.000000    0.664487
  612.000000    0.664629
  617.000000    0.666669
  622.000000    0.677877
  627.000000    0.679036
  632.000000    0.704069
  637.000000    0.701928
  642.000000    0.688418
  647.000000    0.680966
  652.000000    0.685256
  657.000000    0.662980
  662.000000    0.681605
  667.000000    0.693101
  672.000000    0.676813
  677.000000    0.676409
  682.000000    0.647829
  687.000000    0.629623
  692.000000    0.639580
  697.000000    0.627283
  702.000000    0.637235
  707.000000    0.671382
  712.000000    0.711137
  717.000000    0.767129
  722.000000    0.778198
  727.000000    0.757799
  732.000000    0.732912
  737.000000    0.712631
  742.000000    0.690568
  747.000000    0.662120
  752.000000    0.658084
  757.000000    0.663071
  762.000000    0.689741
  767.000000    0.718875
  772.000000    0.721275
  777.000000    0.721509
  782.000000    0.736946
  787.000000    0.746809
  792.000000    0.727189
  797.000000    0.715201
  802.000000    0.689845
  807.000000    0.746640
  812.000000    0.753464
  817.000000    0.760625
  822.000000    0.758143
  827.000000    0.761629
  832.000000    0.747373
  837.000000    0.747688
  842.000000    0.748236
  847.000000    0.731749
  852.000000    0.738162
  857.000000    0.756902
  862.000000    0.748817
  867.000000    0.730184
  872.000000    0.706107
  877.000000    0.652852
  882.000000    0.644463
  887.000000    0.630973
  892.000000    0.634857
  897.000000    0.651247
  902.000000    0.669208
  907.000000    0.690573
  912.000000    0.716237
  917.000000    0.750152
  922.000000    0.800836
  927.000000    0.823662
  932.000000    0.807313
  937.000000    0.825152
  942.000000    0.847439
  947.000000    0.847863
  952.000000    0.853597
  957.000000    0.848376
  962.000000    0.856121
  967.000000    0.832315
  972.000000    0.784701
  977.000000    0.722407
  982.000000    0.681005
  987.000000    0.677248
  992.000000    0.658585
  997.000000    0.648002
 1002.000000    0.674347
 1007.000000    0.663079
 1012.000000    0.661580
 1017.000000    0.659969
 1022.000000    0.645054
 1027.000000    0.662443
 1032.000000    0.691406
 1037.000000    0.714491
 1042.000000    0.718131
 1047.000000    0.709429
 1052.000000    0.741235
 1057.000000    0.767176
 1062.000000    0.782414
 1067.000000    0.797869
 1072.000000    0.799515
 1077.000000    0.809746
 1082.000000    0.789275
 1087.000000    0.790002
 1092.000000    0.797467
 1097.000000    0.791140
 1102.000000    0.756695
 1107.000000    0.786241
 1112.000000    0.769815
 1117.000000    0.792242
 1122.000000    0.803576
 1127.000000    0.808389
 1132.000000    0.825174
 1137.000000    0.824368
 1142.000000    0.831073
 1147.000000    0.825581
 1152.000000    0.812264
 1157.000000    0.766446
 1162.000000    0.731285
 1167.000000    0.733537
 1172.000000    0.726704
 1177.000000    0.730499
 1182.000000    0.758357
 1187.000000    0.764637
 1192.000000    0.752043
 1197.000000    0.748494
 1202.000000    0.756848
 1207.000000    0.750320
 1212.000000    0.768285
 1217.000000    0.759144
 1222.000000    0.745005
 1227.000000    0.720798
 1232.000000    0.719606
 1237.000000    0.712568
 1242.000000    0.708667
 1247.000000    0.731754
 1252.000000    0.747288
 1257.000000    0.725688
 1262.000000    0.704243
 1267.000000    0.694074
 1272.000000    0.707209
 1277.000000    0.728975
 1282.000000    0.752943
 1287.000000    0.768684
 1292.000000    0.796298
 1297.000000    0.804807
 1302.000000    0.803462
 1307.000000    0.786624
 1312.000000    0.774801
 1317.000000    0.783765
 1322.000000    0.792463
 1327.000000    0.790605
 1332.000000    0.779972
 1337.000000    0.771998
 1342.000000    0.761280
 1347.000000    0.771362
 1352.000000    0.724348
 1357.000000    0.682666
 1362.000000    0.595122
 1367.000000    0.559934
 1372.000000    0.543822
 1377.000000    0.571033
 1382.000000    0.601538
 1387.000000    0.602553
 1392.000000    0.641680
 1397.000000    0.654704
 1402.000000    0.674143
 1407.000000    0.692343
 1412.000000    0.694199
 1417.000000    0.683708
 1422.000000    0.695154
 1427.000000    0.682931
 1432.000000    0.709992
 1437.000000    0.739603
 1442.000000    0.743270
 1447.000000    0.745090
 1452.000000    0.705951
 1457.000000    0.622215
 1462.000000    0.597403
 1467.000000    0.601445
 1472.000000    0.618822
 1477.000000    0.662371
 1482.000000    0.693042
 1487.000000    0.734395
 1492.000000    0.731113
 1497.000000    0.774338
 1502.000000    0.805348
 1507.000000    0.800094
 1512.000000    0.792176
 1517.000000    0.762631
 1522.000000    0.751341
 1527.000000    0.735943
 1532.000000    0.704998
 1537.000000    0.702590
 1542.000000    0.686037
 1547.000000    0.676171
 1552.000000    0.674319
 1557.000000    0.665318
 1562.000000    0.680429
 1567.000000    0.674422
 1572.000000    0.690225
 1577.000000    0.695072
 1582.000000    0.688430
 1587.000000    0.686031
 1592.000000    0.667181
 1597.000000    0.703388
 1602.000000    0.687264
 1607.000000    0.706888
 1612.000000    0.721236
 1617.000000    0.735098
 1622.000000    0.757346
 1627.000000    0.783200
 1632.000000    0.781429
 1637.000000    0.768901
 1642.000000    0.773769
 1647.000000    0.782517
 1652.000000    0.780927
 1657.000000    0.765066
 1662.000000    0.791116
 1667.000000    0.772075
 1672.000000    0.738900
 1677.000000    0.748157
 1682.000000    0.727659
 1687.000000    0.728174
 1692.000000    0.715801
 1697.000000    0.709789
 1702.000000    0.703618
 1707.000000    0.691475
 1712.000000    0.693649
 1717.000000    0.691496
 1722.000000    0.715857
 1727.000000    0.732622
 1732.000000    0.759676
 1737.000000    0.763137
 1742.000000    0.761007
 1747.000000    0.773459
 1752.000000    0.783198
 1757.000000    0.749417
 1762.000000    0.745814
 1767.000000    0.757378
 1772.000000    0.776799
 1777.000000    0.793590
 1782.000000    0.790044
 1787.000000    0.784610
 1792.000000    0.780407
 1797.000000    0.726305
 1802.000000    0.722271
 1807.000000    0.730826
 1812.000000    0.707479
 1817.000000    0.681455
 1822.000000    0.664292
 1827.000000    0.623978
 1832.000000    0.623771
 1837.000000    0.656533
 1842.000000    0.673671
 1847.000000    0.716781
