#  pixel_depth  alphabetafraction   >  Analysis of alpha beta fraction
   54.000000    0.706304
   59.000000    0.679204
   64.000000    0.665437
   69.000000    0.629182
   74.000000    0.609155
   79.000000    0.588564
   84.000000    0.609792
   89.000000    0.637580
   94.000000    0.618433
   99.000000    0.612364
  104.000000    0.599210
  109.000000    0.613797
  114.000000    0.579643
  119.000000    0.553841
  124.000000    0.541216
  129.000000    0.541632
  134.000000    0.562245
  139.000000    0.584021
  144.000000    0.613074
  149.000000    0.641308
  154.000000    0.639736
  159.000000    0.650458
  164.000000    0.656310
  169.000000    0.687581
  174.000000    0.721089
  179.000000    0.715873
  184.000000    0.734850
  189.000000    0.732897
  194.000000    0.716967
  199.000000    0.678720
  204.000000    0.656908
  209.000000    0.656989
  214.000000    0.643391
  219.000000    0.624605
  224.000000    0.622267
  229.000000    0.635062
  234.000000    0.636051
  239.000000    0.613937
  244.000000    0.623815
  249.000000    0.640819
  254.000000    0.648346
  259.000000    0.679123
  264.000000    0.709395
  269.000000    0.704550
  274.000000    0.684104
  279.000000    0.668968
  284.000000    0.695054
  289.000000    0.698556
  294.000000    0.689664
  299.000000    0.664811
  304.000000    0.648264
  309.000000    0.633457
  314.000000    0.600404
  319.000000    0.589117
  324.000000    0.576734
  329.000000    0.583589
  334.000000    0.614481
  339.000000    0.654826
  344.000000    0.673231
  349.000000    0.672746
  354.000000    0.629919
  359.000000    0.607380
  364.000000    0.622477
  369.000000    0.631149
  374.000000    0.657704
  379.000000    0.710504
  384.000000    0.752080
  389.000000    0.751541
  394.000000    0.786373
  399.000000    0.791699
  404.000000    0.762802
  409.000000    0.743736
  414.000000    0.707087
  419.000000    0.686034
  424.000000    0.701227
  429.000000    0.681391
  434.000000    0.658691
  439.000000    0.636051
  444.000000    0.643786
  449.000000    0.653005
  454.000000    0.632666
  459.000000    0.624876
  464.000000    0.620075
  469.000000    0.590723
  474.000000    0.597910
  479.000000    0.596282
  484.000000    0.626418
  489.000000    0.661725
  494.000000    0.660157
  499.000000    0.662245
  504.000000    0.691300
  509.000000    0.738611
  514.000000    0.737598
  519.000000    0.718576
  524.000000    0.690594
  529.000000    0.676996
  534.000000    0.653667
  539.000000    0.660851
  544.000000    0.710723
  549.000000    0.694894
  554.000000    0.684299
  559.000000    0.712238
  564.000000    0.726863
  569.000000    0.733431
  574.000000    0.751244
  579.000000    0.760440
  584.000000    0.761691
  589.000000    0.772244
  594.000000    0.780992
  599.000000    0.773282
  604.000000    0.767208
  609.000000    0.750664
  614.000000    0.737649
  619.000000    0.704693
  624.000000    0.658774
  629.000000    0.658215
  634.000000    0.657894
  639.000000    0.633594
  644.000000    0.621550
  649.000000    0.631596
  654.000000    0.629649
  659.000000    0.617690
  664.000000    0.618641
  669.000000    0.620313
  674.000000    0.608657
  679.000000    0.614760
  684.000000    0.617456
  689.000000    0.635498
  694.000000    0.656864
  699.000000    0.680603
  704.000000    0.701271
  709.000000    0.717517
  714.000000    0.725038
  719.000000    0.723985
  724.000000    0.729072
  729.000000    0.722032
  734.000000    0.700061
  739.000000    0.702508
  744.000000    0.688237
  749.000000    0.681288
  754.000000    0.705171
  759.000000    0.730031
  764.000000    0.748499
  769.000000    0.737139
  774.000000    0.702175
  779.000000    0.671684
  784.000000    0.640132
  789.000000    0.634122
  794.000000    0.641845
  799.000000    0.659864
  804.000000    0.666001
  809.000000    0.683371
  814.000000    0.717387
  819.000000    0.718833
  824.000000    0.732742
  829.000000    0.710439
  834.000000    0.704436
  839.000000    0.690467
  844.000000    0.665182
  849.000000    0.633099
  854.000000    0.597317
  859.000000    0.586299
  864.000000    0.588133
  869.000000    0.596454
  874.000000    0.596899
  879.000000    0.612519
  884.000000    0.622255
  889.000000    0.633397
  894.000000    0.621073
  899.000000    0.603117
  904.000000    0.614902
  909.000000    0.649716
  914.000000    0.657280
  919.000000    0.669174
  924.000000    0.669076
  929.000000    0.685406
  934.000000    0.718808
  939.000000    0.707554
  944.000000    0.683032
  949.000000    0.654953
  954.000000    0.642371
  959.000000    0.647091
  964.000000    0.660729
  969.000000    0.654180
  974.000000    0.644043
  979.000000    0.649243
  984.000000    0.629794
  989.000000    0.610425
  994.000000    0.584850
  999.000000    0.602526
 1004.000000    0.604631
 1009.000000    0.611059
 1014.000000    0.634359
 1019.000000    0.644614
 1024.000000    0.637239
 1029.000000    0.633787
 1034.000000    0.622484
 1039.000000    0.629371
 1044.000000    0.663815
 1049.000000    0.691992
 1054.000000    0.728957
 1059.000000    0.765223
 1064.000000    0.784627
 1069.000000    0.803545
 1074.000000    0.803669
 1079.000000    0.795453
 1084.000000    0.759571
 1089.000000    0.729971
 1094.000000    0.718540
 1099.000000    0.718851
 1104.000000    0.690743
 1109.000000    0.661011
 1114.000000    0.658103
 1119.000000    0.648320
 1124.000000    0.673150
 1129.000000    0.694778
 1134.000000    0.686783
 1139.000000    0.668423
 1144.000000    0.636190
 1149.000000    0.633150
 1154.000000    0.626257
 1159.000000    0.617630
 1164.000000    0.623850
 1169.000000    0.646981
 1174.000000    0.648546
 1179.000000    0.672405
 1184.000000    0.700202
 1189.000000    0.726463
 1194.000000    0.721444
 1199.000000    0.711963
 1204.000000    0.723230
 1209.000000    0.749915
 1214.000000    0.777983
 1219.000000    0.796434
 1224.000000    0.802913
 1229.000000    0.820517
 1234.000000    0.808933
 1239.000000    0.769212
 1244.000000    0.723843
 1249.000000    0.694415
 1254.000000    0.647823
 1259.000000    0.584377
 1264.000000    0.550572
 1269.000000    0.556213
 1274.000000    0.583198
 1279.000000    0.615076
 1284.000000    0.645952
 1289.000000    0.655959
 1294.000000    0.652044
 1299.000000    0.636671
 1304.000000    0.638893
 1309.000000    0.624702
 1314.000000    0.628472
 1319.000000    0.636265
 1324.000000    0.640030
 1329.000000    0.705225
 1334.000000    0.786734
 1339.000000    0.817994
 1344.000000    0.810141
 1349.000000    0.806345
 1354.000000    0.796936
 1359.000000    0.770760
 1364.000000    0.718746
 1369.000000    0.695070
 1374.000000    0.686267
 1379.000000    0.709519
 1384.000000    0.716737
 1389.000000    0.710481
 1394.000000    0.716436
 1399.000000    0.739375
 1404.000000    0.732522
 1409.000000    0.724444
 1414.000000    0.725141
 1419.000000    0.724295
 1424.000000    0.740407
 1429.000000    0.750057
 1434.000000    0.727147
 1439.000000    0.683142
 1444.000000    0.662660
 1449.000000    0.651744
 1454.000000    0.615159
 1459.000000    0.577932
 1464.000000    0.560661
 1469.000000    0.572334
 1474.000000    0.591603
 1479.000000    0.596778
 1484.000000    0.607072
 1489.000000    0.630575
 1494.000000    0.641718
 1499.000000    0.660958
 1504.000000    0.667752
 1509.000000    0.659383
 1514.000000    0.667697
 1519.000000    0.665649
 1524.000000    0.640961
 1529.000000    0.640608
 1534.000000    0.652422
 1539.000000    0.671009
 1544.000000    0.657200
 1549.000000    0.704036
 1554.000000    0.766154
 1559.000000    0.764353
 1564.000000    0.743610
 1569.000000    0.749257
 1574.000000    0.757833
 1579.000000    0.763143
 1584.000000    0.759364
 1589.000000    0.768701
 1594.000000    0.749971
 1599.000000    0.751861
 1604.000000    0.739595
 1609.000000    0.740160
 1614.000000    0.737703
 1619.000000    0.727572
 1624.000000    0.728778
 1629.000000    0.735652
 1634.000000    0.741535
 1639.000000    0.721831
 1644.000000    0.710934
 1649.000000    0.686283
 1654.000000    0.690783
 1659.000000    0.678607
 1664.000000    0.666500
 1669.000000    0.655573
 1674.000000    0.659818
 1679.000000    0.678706
 1684.000000    0.642579
 1689.000000    0.638941
 1694.000000    0.650851
 1699.000000    0.704859
 1704.000000    0.733373
 1709.000000    0.744086
 1714.000000    0.735752
 1719.000000    0.744662
 1724.000000    0.756590
 1729.000000    0.749579
 1734.000000    0.753143
 1739.000000    0.750581
 1744.000000    0.721417
 1749.000000    0.715363
 1754.000000    0.750126
 1759.000000    0.789435
 1764.000000    0.789878
 1769.000000    0.780013
 1774.000000    0.796473
 1779.000000    0.809020
 1784.000000    0.813790
 1789.000000    0.774683
 1794.000000    0.763702
 1799.000000    0.755199
 1804.000000    0.739793
