#  pixel_depth  alphabetafraction   >  Analysis of alpha beta fraction
   59.000000    0.752383
   64.000000    0.745041
   69.000000    0.750035
   74.000000    0.740339
   79.000000    0.754112
   84.000000    0.768630
   89.000000    0.761063
   94.000000    0.781331
   99.000000    0.792861
  104.000000    0.781354
  109.000000    0.793324
  114.000000    0.786947
  119.000000    0.775654
  124.000000    0.741842
  129.000000    0.721691
  134.000000    0.704015
  139.000000    0.658108
  144.000000    0.630461
  149.000000    0.614769
  154.000000    0.660294
  159.000000    0.673841
  164.000000    0.688733
  169.000000    0.691965
  174.000000    0.700842
  179.000000    0.713199
  184.000000    0.706881
  189.000000    0.685195
  194.000000    0.683672
  199.000000    0.720079
  204.000000    0.748619
  209.000000    0.761898
  214.000000    0.742329
  219.000000    0.724169
  224.000000    0.719386
  229.000000    0.723257
  234.000000    0.727883
  239.000000    0.726981
  244.000000    0.717297
  249.000000    0.703426
  254.000000    0.685510
  259.000000    0.625155
  264.000000    0.636202
  269.000000    0.638655
  274.000000    0.662176
  279.000000    0.685378
  284.000000    0.708791
  289.000000    0.748061
  294.000000    0.766737
  299.000000    0.789930
  304.000000    0.816449
  309.000000    0.829731
  314.000000    0.857396
  319.000000    0.841261
  324.000000    0.807201
  329.000000    0.790714
  334.000000    0.805354
  339.000000    0.805990
  344.000000    0.800579
  349.000000    0.805684
  354.000000    0.805788
  359.000000    0.821918
  364.000000    0.852836
  369.000000    0.857853
  374.000000    0.826243
  379.000000    0.805239
  384.000000    0.809139
  389.000000    0.802929
  394.000000    0.821974
  399.000000    0.821076
  404.000000    0.799455
  409.000000    0.787274
  414.000000    0.766317
  419.000000    0.748615
  424.000000    0.721563
  429.000000    0.687967
  434.000000    0.638627
  439.000000    0.633230
  444.000000    0.670111
  449.000000    0.684045
  454.000000    0.683148
  459.000000    0.718397
  464.000000    0.734259
  469.000000    0.745811
  474.000000    0.740757
  479.000000    0.724458
  484.000000    0.693365
  489.000000    0.692503
  494.000000    0.679591
  499.000000    0.700374
  504.000000    0.709717
  509.000000    0.700117
  514.000000    0.699275
  519.000000    0.688391
  524.000000    0.678497
  529.000000    0.675989
  534.000000    0.679987
  539.000000    0.682735
  544.000000    0.671142
  549.000000    0.665768
  554.000000    0.664487
  559.000000    0.666591
  564.000000    0.703439
  569.000000    0.712915
  574.000000    0.715355
  579.000000    0.729815
  584.000000    0.728404
  589.000000    0.743439
  594.000000    0.741742
  599.000000    0.740036
  604.000000    0.725352
  609.000000    0.708970
  614.000000    0.703019
  619.000000    0.690070
  624.000000    0.690771
  629.000000    0.707156
  634.000000    0.694576
  639.000000    0.723220
  644.000000    0.730932
  649.000000    0.750591
  654.000000    0.730602
  659.000000    0.710968
  664.000000    0.708077
  669.000000    0.736367
  674.000000    0.731762
  679.000000    0.736522
  684.000000    0.724105
  689.000000    0.741311
  694.000000    0.738564
  699.000000    0.755210
  704.000000    0.738492
  709.000000    0.698904
  714.000000    0.686284
  719.000000    0.663031
  724.000000    0.665779
  729.000000    0.686943
  734.000000    0.691818
  739.000000    0.689591
  744.000000    0.683102
  749.000000    0.675525
  754.000000    0.717598
  759.000000    0.726109
  764.000000    0.722373
  769.000000    0.739988
  774.000000    0.719846
  779.000000    0.716246
  784.000000    0.753461
  789.000000    0.799130
  794.000000    0.822742
  799.000000    0.842057
  804.000000    0.851575
  809.000000    0.849124
  814.000000    0.851628
  819.000000    0.821273
  824.000000    0.798311
  829.000000    0.769182
  834.000000    0.752301
  839.000000    0.758897
  844.000000    0.742206
  849.000000    0.767771
  854.000000    0.785003
  859.000000    0.791722
  864.000000    0.772163
  869.000000    0.748279
  874.000000    0.713108
  879.000000    0.687801
  884.000000    0.671804
  889.000000    0.675416
  894.000000    0.680451
  899.000000    0.665753
  904.000000    0.654896
  909.000000    0.661336
  914.000000    0.665844
  919.000000    0.670556
  924.000000    0.679484
  929.000000    0.680073
  934.000000    0.709155
  939.000000    0.698510
  944.000000    0.656070
  949.000000    0.646726
  954.000000    0.676979
  959.000000    0.696998
  964.000000    0.717234
  969.000000    0.730080
  974.000000    0.743195
  979.000000    0.765883
  984.000000    0.761981
  989.000000    0.770645
  994.000000    0.717585
  999.000000    0.696016
 1004.000000    0.699725
 1009.000000    0.695742
 1014.000000    0.695212
 1019.000000    0.666309
 1024.000000    0.645598
 1029.000000    0.664505
 1034.000000    0.708176
 1039.000000    0.720120
 1044.000000    0.705114
 1049.000000    0.709268
 1054.000000    0.704373
 1059.000000    0.691655
 1064.000000    0.702660
 1069.000000    0.705745
 1074.000000    0.683080
 1079.000000    0.660917
 1084.000000    0.670232
 1089.000000    0.658393
 1094.000000    0.681823
 1099.000000    0.706387
 1104.000000    0.713355
 1109.000000    0.693721
 1114.000000    0.707129
 1119.000000    0.744949
 1124.000000    0.760112
 1129.000000    0.739619
 1134.000000    0.702094
 1139.000000    0.665669
 1144.000000    0.638142
 1149.000000    0.672150
 1154.000000    0.691784
 1159.000000    0.687413
 1164.000000    0.697990
 1169.000000    0.722432
 1174.000000    0.736748
 1179.000000    0.744894
 1184.000000    0.775949
 1189.000000    0.784533
 1194.000000    0.789502
 1199.000000    0.784754
 1204.000000    0.792342
 1209.000000    0.803247
 1214.000000    0.770993
 1219.000000    0.731897
 1224.000000    0.712031
 1229.000000    0.690177
 1234.000000    0.665108
 1239.000000    0.647270
 1244.000000    0.597950
 1249.000000    0.592151
 1254.000000    0.576373
 1259.000000    0.632823
 1264.000000    0.644638
 1269.000000    0.648764
 1274.000000    0.669572
 1279.000000    0.661452
 1284.000000    0.650565
 1289.000000    0.634536
 1294.000000    0.611212
 1299.000000    0.590210
 1304.000000    0.554380
 1309.000000    0.546524
 1314.000000    0.586009
 1319.000000    0.626402
 1324.000000    0.663167
 1329.000000    0.711969
 1334.000000    0.734945
 1339.000000    0.774848
 1344.000000    0.787465
 1349.000000    0.809060
 1354.000000    0.774069
 1359.000000    0.756974
 1364.000000    0.750984
 1369.000000    0.740539
 1374.000000    0.737592
 1379.000000    0.702804
 1384.000000    0.665182
 1389.000000    0.678639
 1394.000000    0.675781
 1399.000000    0.644086
 1404.000000    0.637147
 1409.000000    0.640306
 1414.000000    0.622528
 1419.000000    0.603119
 1424.000000    0.609195
 1429.000000    0.628908
 1434.000000    0.685311
 1439.000000    0.735210
 1444.000000    0.786665
 1449.000000    0.793803
 1454.000000    0.800193
 1459.000000    0.808974
 1464.000000    0.790561
 1469.000000    0.759604
 1474.000000    0.749355
 1479.000000    0.744444
 1484.000000    0.720956
 1489.000000    0.709094
 1494.000000    0.681409
 1499.000000    0.645149
 1504.000000    0.645258
 1509.000000    0.635226
 1514.000000    0.624837
 1519.000000    0.636817
 1524.000000    0.648258
 1529.000000    0.633600
 1534.000000    0.607473
 1539.000000    0.597158
 1544.000000    0.596056
 1549.000000    0.577000
 1554.000000    0.582464
 1559.000000    0.607735
 1564.000000    0.661145
 1569.000000    0.716378
 1574.000000    0.753111
 1579.000000    0.787436
 1584.000000    0.820084
 1589.000000    0.848800
 1594.000000    0.834577
 1599.000000    0.827109
 1604.000000    0.798406
 1609.000000    0.776762
 1614.000000    0.768688
 1619.000000    0.771638
 1624.000000    0.763708
 1629.000000    0.754190
 1634.000000    0.747993
 1639.000000    0.742391
 1644.000000    0.737289
 1649.000000    0.748907
 1654.000000    0.768589
 1659.000000    0.803115
 1664.000000    0.834684
 1669.000000    0.822244
 1674.000000    0.832192
 1679.000000    0.840736
 1684.000000    0.847688
 1689.000000    0.834079
 1694.000000    0.814546
 1699.000000    0.794739
 1704.000000    0.815807
 1709.000000    0.827815
 1714.000000    0.842259
 1719.000000    0.829489
 1724.000000    0.798914
 1729.000000    0.756784
 1734.000000    0.708516
 1739.000000    0.696414
 1744.000000    0.698634
 1749.000000    0.705998
 1754.000000    0.704140
 1759.000000    0.713838
 1764.000000    0.721840
 1769.000000    0.728608
 1774.000000    0.717940
 1779.000000    0.731186
 1784.000000    0.721807
 1789.000000    0.733220
 1794.000000    0.702757
 1799.000000    0.695966
 1804.000000    0.693910
 1809.000000    0.685059
 1814.000000    0.666555
 1819.000000    0.651047
 1824.000000    0.654137
 1829.000000    0.654231
 1834.000000    0.664931
 1839.000000    0.659827
 1844.000000    0.688608
 1849.000000    0.738937
 1854.000000    0.749689
 1859.000000    0.764270
 1864.000000    0.777128
