#  pixel_depth  alphabetafraction   >  Analysis of alpha beta fraction
   56.000000    0.752537
   61.000000    0.718952
   66.000000    0.737426
   71.000000    0.722518
   76.000000    0.735323
   81.000000    0.737995
   86.000000    0.729018
   91.000000    0.731733
   96.000000    0.737555
  101.000000    0.746815
  106.000000    0.719535
  111.000000    0.718266
  116.000000    0.741401
  121.000000    0.734494
  126.000000    0.738094
  131.000000    0.772964
  136.000000    0.784941
  141.000000    0.812612
  146.000000    0.814387
  151.000000    0.811322
  156.000000    0.821011
  161.000000    0.834527
  166.000000    0.817566
  171.000000    0.792092
  176.000000    0.787779
  181.000000    0.748027
  186.000000    0.732222
  191.000000    0.751218
  196.000000    0.749492
  201.000000    0.739117
  206.000000    0.747783
  211.000000    0.751182
  216.000000    0.733913
  221.000000    0.701270
  226.000000    0.680521
  231.000000    0.662660
  236.000000    0.659818
  241.000000    0.649039
  246.000000    0.629938
  251.000000    0.610471
  256.000000    0.619188
  261.000000    0.614558
  266.000000    0.612548
  271.000000    0.670874
  276.000000    0.734324
  281.000000    0.729952
  286.000000    0.737956
  291.000000    0.748691
  296.000000    0.745290
  301.000000    0.736283
  306.000000    0.784832
  311.000000    0.831406
  316.000000    0.849721
  321.000000    0.857511
  326.000000    0.846332
  331.000000    0.814512
  336.000000    0.795090
  341.000000    0.781555
  346.000000    0.778645
  351.000000    0.767960
  356.000000    0.776012
  361.000000    0.720533
  366.000000    0.717672
  371.000000    0.692196
  376.000000    0.695023
  381.000000    0.685000
  386.000000    0.694290
  391.000000    0.710485
  396.000000    0.725991
  401.000000    0.715855
  406.000000    0.764316
  411.000000    0.811793
  416.000000    0.796311
  421.000000    0.744598
  426.000000    0.723082
  431.000000    0.710966
  436.000000    0.721231
  441.000000    0.704330
  446.000000    0.699722
  451.000000    0.690179
  456.000000    0.714665
  461.000000    0.745223
  466.000000    0.780662
  471.000000    0.791888
  476.000000    0.798598
  481.000000    0.805538
  486.000000    0.790339
  491.000000    0.804815
  496.000000    0.830442
  501.000000    0.853419
  506.000000    0.844349
  511.000000    0.850188
  516.000000    0.852068
  521.000000    0.845264
  526.000000    0.868121
  531.000000    0.860027
  536.000000    0.841506
  541.000000    0.803993
  546.000000    0.790926
  551.000000    0.764806
  556.000000    0.729497
  561.000000    0.720068
  566.000000    0.746209
  571.000000    0.768329
  576.000000    0.774335
  581.000000    0.732342
  586.000000    0.726363
  591.000000    0.714514
  596.000000    0.711736
  601.000000    0.723891
  606.000000    0.755129
  611.000000    0.766595
  616.000000    0.771808
  621.000000    0.743696
  626.000000    0.737948
  631.000000    0.704856
  636.000000    0.664859
  641.000000    0.662994
  646.000000    0.648599
  651.000000    0.651465
  656.000000    0.667765
  661.000000    0.680958
  666.000000    0.698087
  671.000000    0.736121
  676.000000    0.782706
  681.000000    0.782353
  686.000000    0.785790
  691.000000    0.791154
  696.000000    0.806375
  701.000000    0.804077
  706.000000    0.738241
  711.000000    0.716634
  716.000000    0.698439
  721.000000    0.713261
  726.000000    0.705926
  731.000000    0.686141
  736.000000    0.705157
  741.000000    0.738975
  746.000000    0.757690
  751.000000    0.775693
  756.000000    0.780345
  761.000000    0.777540
  766.000000    0.782745
  771.000000    0.798640
  776.000000    0.798587
  781.000000    0.789338
  786.000000    0.794921
  791.000000    0.752053
  796.000000    0.700808
  801.000000    0.691847
  806.000000    0.684770
  811.000000    0.672502
  816.000000    0.676259
  821.000000    0.673837
  826.000000    0.698925
  831.000000    0.702728
  836.000000    0.710223
  841.000000    0.716096
  846.000000    0.717965
  851.000000    0.778261
  856.000000    0.838903
  861.000000    0.840834
  866.000000    0.821042
  871.000000    0.809528
  876.000000    0.790853
  881.000000    0.782414
  886.000000    0.771823
  891.000000    0.749015
  896.000000    0.743356
  901.000000    0.725338
  906.000000    0.698940
  911.000000    0.692555
  916.000000    0.684641
  921.000000    0.702276
  926.000000    0.723857
  931.000000    0.731021
  936.000000    0.726504
  941.000000    0.743686
  946.000000    0.766235
  951.000000    0.753994
  956.000000    0.756550
  961.000000    0.736265
  966.000000    0.715065
  971.000000    0.704931
  976.000000    0.704754
  981.000000    0.710617
  986.000000    0.742889
  991.000000    0.767500
  996.000000    0.768492
 1001.000000    0.743775
 1006.000000    0.737578
 1011.000000    0.751803
 1016.000000    0.760038
 1021.000000    0.757580
 1026.000000    0.712798
 1031.000000    0.691592
 1036.000000    0.658001
 1041.000000    0.668020
 1046.000000    0.670920
 1051.000000    0.700929
 1056.000000    0.697108
 1061.000000    0.693914
 1066.000000    0.717916
 1071.000000    0.713771
 1076.000000    0.696980
 1081.000000    0.696684
 1086.000000    0.679239
 1091.000000    0.655224
 1096.000000    0.647244
 1101.000000    0.676124
 1106.000000    0.699467
 1111.000000    0.710167
 1116.000000    0.739644
 1121.000000    0.749129
 1126.000000    0.743356
 1131.000000    0.722483
 1136.000000    0.698316
 1141.000000    0.697110
 1146.000000    0.683634
 1151.000000    0.705668
 1156.000000    0.724947
 1161.000000    0.743912
 1166.000000    0.717124
 1171.000000    0.641240
 1176.000000    0.632698
 1181.000000    0.611659
 1186.000000    0.620267
 1191.000000    0.605213
 1196.000000    0.639133
 1201.000000    0.676969
 1206.000000    0.761260
 1211.000000    0.789217
 1216.000000    0.791218
 1221.000000    0.778385
 1226.000000    0.755484
 1231.000000    0.727247
 1236.000000    0.704159
 1241.000000    0.689262
 1246.000000    0.669708
 1251.000000    0.681124
 1256.000000    0.665050
 1261.000000    0.630641
 1266.000000    0.611916
 1271.000000    0.623710
 1276.000000    0.624254
 1281.000000    0.648695
 1286.000000    0.658448
 1291.000000    0.689486
 1296.000000    0.688455
 1301.000000    0.729850
 1306.000000    0.712956
 1311.000000    0.706287
 1316.000000    0.695383
 1321.000000    0.697397
 1326.000000    0.709579
 1331.000000    0.739950
 1336.000000    0.753454
 1341.000000    0.759671
 1346.000000    0.759805
 1351.000000    0.781090
 1356.000000    0.777847
 1361.000000    0.748224
 1366.000000    0.716518
 1371.000000    0.690018
 1376.000000    0.690830
 1381.000000    0.702897
 1386.000000    0.709720
 1391.000000    0.733579
 1396.000000    0.734049
 1401.000000    0.737029
 1406.000000    0.764357
 1411.000000    0.802319
 1416.000000    0.754789
 1421.000000    0.708383
 1426.000000    0.687477
 1431.000000    0.657660
 1436.000000    0.655748
 1441.000000    0.636081
 1446.000000    0.651810
 1451.000000    0.648282
 1456.000000    0.671839
 1461.000000    0.696291
 1466.000000    0.723315
 1471.000000    0.756197
 1476.000000    0.782872
 1481.000000    0.799229
 1486.000000    0.808371
 1491.000000    0.823805
 1496.000000    0.815663
 1501.000000    0.817134
 1506.000000    0.817525
 1511.000000    0.805393
 1516.000000    0.792625
 1521.000000    0.781037
 1526.000000    0.763819
 1531.000000    0.740060
 1536.000000    0.688761
 1541.000000    0.654865
 1546.000000    0.607988
 1551.000000    0.613663
 1556.000000    0.618539
 1561.000000    0.640985
 1566.000000    0.680577
 1571.000000    0.734289
 1576.000000    0.761429
 1581.000000    0.767710
 1586.000000    0.754100
 1591.000000    0.743524
 1596.000000    0.723072
 1601.000000    0.699990
 1606.000000    0.693054
 1611.000000    0.694846
 1616.000000    0.688557
 1621.000000    0.677969
 1626.000000    0.683221
 1631.000000    0.676668
 1636.000000    0.673624
 1641.000000    0.670674
 1646.000000    0.648815
 1651.000000    0.658808
 1656.000000    0.706498
 1661.000000    0.753771
 1666.000000    0.775635
 1671.000000    0.800856
 1676.000000    0.814307
 1681.000000    0.793553
 1686.000000    0.777750
 1691.000000    0.752201
 1696.000000    0.725001
 1701.000000    0.717415
 1706.000000    0.717535
 1711.000000    0.743654
 1716.000000    0.757798
 1721.000000    0.736670
 1726.000000    0.721727
 1731.000000    0.738275
 1736.000000    0.751439
 1741.000000    0.755940
 1746.000000    0.752922
 1751.000000    0.755783
 1756.000000    0.763573
 1761.000000    0.772768
 1766.000000    0.794114
 1771.000000    0.808506
 1776.000000    0.828845
 1781.000000    0.840398
