#  pixel_depth  alphabetafraction   >  Analysis of alpha beta fraction
   36.000000    0.959530
   41.000000    0.898570
   46.000000    0.875803
   51.000000    0.819974
   56.000000    0.821211
   61.000000    0.799250
   66.000000    0.781180
   71.000000    0.767541
   76.000000    0.776707
   81.000000    0.757419
   86.000000    0.751705
   91.000000    0.761500
   96.000000    0.790685
  101.000000    0.813447
  106.000000    0.801844
  111.000000    0.811024
  116.000000    0.825013
  121.000000    0.828984
  126.000000    0.802395
  131.000000    0.763784
  136.000000    0.781224
  141.000000    0.752478
  146.000000    0.740081
  151.000000    0.743521
  156.000000    0.726365
  161.000000    0.733454
  166.000000    0.749700
  171.000000    0.741582
  176.000000    0.763654
  181.000000    0.792069
  186.000000    0.787616
  191.000000    0.774179
  196.000000    0.781819
  201.000000    0.782772
  206.000000    0.780501
  211.000000    0.779356
  216.000000    0.744016
  221.000000    0.714142
  226.000000    0.707127
  231.000000    0.712721
  236.000000    0.713389
  241.000000    0.670831
  246.000000    0.658776
  251.000000    0.665278
  256.000000    0.649844
  261.000000    0.653723
  266.000000    0.647708
  271.000000    0.634639
  276.000000    0.646450
  281.000000    0.656240
  286.000000    0.659842
  291.000000    0.661523
  296.000000    0.657654
  301.000000    0.619915
  306.000000    0.634881
  311.000000    0.651836
  316.000000    0.651277
  321.000000    0.653627
  326.000000    0.692076
  331.000000    0.690843
  336.000000    0.705927
  341.000000    0.718747
  346.000000    0.729573
  351.000000    0.723250
  356.000000    0.683930
  361.000000    0.655064
  366.000000    0.646914
  371.000000    0.575720
  376.000000    0.529992
  381.000000    0.578778
  386.000000    0.585662
  391.000000    0.574517
  396.000000    0.577955
  401.000000    0.628009
  406.000000    0.639660
  411.000000    0.698125
  416.000000    0.769487
  421.000000    0.787000
  426.000000    0.786063
  431.000000    0.776800
  436.000000    0.765394
  441.000000    0.765025
  446.000000    0.759271
  451.000000    0.752882
  456.000000    0.732423
  461.000000    0.706646
  466.000000    0.715184
  471.000000    0.719967
  476.000000    0.707832
  481.000000    0.693973
  486.000000    0.656848
  491.000000    0.605034
  496.000000    0.616061
  501.000000    0.679868
  506.000000    0.690530
  511.000000    0.696332
  516.000000    0.718763
  521.000000    0.723086
  526.000000    0.737781
  531.000000    0.738073
  536.000000    0.719357
  541.000000    0.716925
  546.000000    0.722140
  551.000000    0.718394
  556.000000    0.718933
  561.000000    0.695513
  566.000000    0.673034
  571.000000    0.657239
  576.000000    0.664677
  581.000000    0.682532
  586.000000    0.675896
  591.000000    0.689514
  596.000000    0.676551
  601.000000    0.664120
  606.000000    0.643565
  611.000000    0.648964
  616.000000    0.662702
  621.000000    0.689534
  626.000000    0.686656
  631.000000    0.701651
  636.000000    0.705225
  641.000000    0.732575
  646.000000    0.717013
  651.000000    0.693462
  656.000000    0.697544
  661.000000    0.695934
  666.000000    0.710055
  671.000000    0.666941
  676.000000    0.645144
  681.000000    0.655377
  686.000000    0.647206
  691.000000    0.634853
  696.000000    0.652237
  701.000000    0.689719
  706.000000    0.667774
  711.000000    0.670468
  716.000000    0.710866
  721.000000    0.734384
  726.000000    0.720848
  731.000000    0.707723
  736.000000    0.658215
  741.000000    0.611409
  746.000000    0.563398
  751.000000    0.532998
  756.000000    0.534412
  761.000000    0.565004
  766.000000    0.626992
  771.000000    0.664767
  776.000000    0.663496
  781.000000    0.642737
  786.000000    0.652863
  791.000000    0.642119
  796.000000    0.659010
  801.000000    0.640469
  806.000000    0.614997
  811.000000    0.649192
  816.000000    0.706594
  821.000000    0.702622
  826.000000    0.695731
  831.000000    0.727395
  836.000000    0.747592
  841.000000    0.753886
  846.000000    0.760186
  851.000000    0.817202
  856.000000    0.810177
  861.000000    0.788477
  866.000000    0.769104
  871.000000    0.787502
  876.000000    0.775436
  881.000000    0.742880
  886.000000    0.733235
  891.000000    0.725589
  896.000000    0.728516
  901.000000    0.723284
  906.000000    0.724311
  911.000000    0.719510
  916.000000    0.649946
  921.000000    0.626556
  926.000000    0.637762
  931.000000    0.672225
  936.000000    0.681814
  941.000000    0.698152
  946.000000    0.731304
  951.000000    0.711375
  956.000000    0.704501
  961.000000    0.692908
  966.000000    0.702924
  971.000000    0.676276
  976.000000    0.638589
  981.000000    0.636833
  986.000000    0.634329
  991.000000    0.670466
  996.000000    0.694685
 1001.000000    0.667625
 1006.000000    0.705198
 1011.000000    0.726395
 1016.000000    0.733593
 1021.000000    0.734777
 1026.000000    0.739356
 1031.000000    0.749525
 1036.000000    0.770283
 1041.000000    0.783991
 1046.000000    0.747589
 1051.000000    0.714853
 1056.000000    0.704933
 1061.000000    0.714794
 1066.000000    0.706773
 1071.000000    0.679328
 1076.000000    0.624195
 1081.000000    0.621865
 1086.000000    0.643154
 1091.000000    0.650184
 1096.000000    0.645745
 1101.000000    0.634034
 1106.000000    0.606971
 1111.000000    0.608992
 1116.000000    0.595906
 1121.000000    0.616186
 1126.000000    0.632042
 1131.000000    0.689322
 1136.000000    0.707864
 1141.000000    0.726486
 1146.000000    0.764917
 1151.000000    0.820068
 1156.000000    0.834895
 1161.000000    0.851017
 1166.000000    0.855553
 1171.000000    0.842487
 1176.000000    0.866484
 1181.000000    0.878924
 1186.000000    0.836542
 1191.000000    0.802335
 1196.000000    0.806837
 1201.000000    0.758089
 1206.000000    0.713773
 1211.000000    0.690408
 1216.000000    0.663076
 1221.000000    0.650570
 1226.000000    0.683562
 1231.000000    0.695597
 1236.000000    0.703921
 1241.000000    0.729221
 1246.000000    0.713777
 1251.000000    0.721753
 1256.000000    0.736358
 1261.000000    0.733188
 1266.000000    0.710917
 1271.000000    0.716413
 1276.000000    0.712944
 1281.000000    0.753820
 1286.000000    0.741566
 1291.000000    0.741093
 1296.000000    0.736249
 1301.000000    0.729145
 1306.000000    0.715417
 1311.000000    0.710632
 1316.000000    0.721724
 1321.000000    0.733115
 1326.000000    0.713430
 1331.000000    0.673933
 1336.000000    0.686939
 1341.000000    0.719932
 1346.000000    0.737384
 1351.000000    0.742030
 1356.000000    0.730863
 1361.000000    0.727694
 1366.000000    0.721499
 1371.000000    0.717049
 1376.000000    0.680188
 1381.000000    0.663065
 1386.000000    0.663748
 1391.000000    0.660730
 1396.000000    0.666372
 1401.000000    0.674706
 1406.000000    0.659767
 1411.000000    0.662502
 1416.000000    0.677149
 1421.000000    0.695255
 1426.000000    0.696571
 1431.000000    0.671607
 1436.000000    0.684543
 1441.000000    0.699202
 1446.000000    0.697334
 1451.000000    0.693440
 1456.000000    0.700719
 1461.000000    0.707944
 1466.000000    0.700857
 1471.000000    0.701401
 1476.000000    0.709572
 1481.000000    0.686640
 1486.000000    0.684075
 1491.000000    0.706047
 1496.000000    0.689240
 1501.000000    0.698599
 1506.000000    0.690291
 1511.000000    0.689468
 1516.000000    0.714097
 1521.000000    0.719934
 1526.000000    0.700324
 1531.000000    0.707844
 1536.000000    0.737627
 1541.000000    0.753775
 1546.000000    0.742157
 1551.000000    0.718431
 1556.000000    0.704666
 1561.000000    0.673042
 1566.000000    0.702115
 1571.000000    0.731281
 1576.000000    0.718750
 1581.000000    0.695623
 1586.000000    0.667231
 1591.000000    0.692489
 1596.000000    0.676761
 1601.000000    0.685299
 1606.000000    0.705595
 1611.000000    0.717067
 1616.000000    0.726295
 1621.000000    0.710087
 1626.000000    0.697226
 1631.000000    0.710497
 1636.000000    0.712220
 1641.000000    0.703486
 1646.000000    0.737485
 1651.000000    0.736781
 1656.000000    0.736492
 1661.000000    0.721812
 1666.000000    0.725011
 1671.000000    0.702049
 1676.000000    0.653717
 1681.000000    0.653522
 1686.000000    0.655868
 1691.000000    0.630236
 1696.000000    0.631369
 1701.000000    0.618864
 1706.000000    0.627549
 1711.000000    0.605198
 1716.000000    0.607612
 1721.000000    0.619110
 1726.000000    0.621821
 1731.000000    0.637621
 1736.000000    0.667800
 1741.000000    0.672632
 1746.000000    0.678008
 1751.000000    0.727818
 1756.000000    0.705759
 1761.000000    0.674740
 1766.000000    0.672488
 1771.000000    0.665606
 1776.000000    0.673680
 1781.000000    0.648936
 1786.000000    0.591945
 1791.000000    0.585887
 1796.000000    0.586747
 1801.000000    0.591673
 1806.000000    0.624125
 1811.000000    0.638654
 1816.000000    0.642479
 1821.000000    0.649861
 1826.000000    0.667907
 1831.000000    0.689266
 1836.000000    0.681789
 1841.000000    0.682932
 1846.000000    0.671394
 1851.000000    0.641997
 1856.000000    0.608866
 1861.000000    0.585573
 1866.000000    0.590356
 1871.000000    0.601050
 1876.000000    0.625956
