#  pixel_depth  alphabetafraction   >  Analysis of alpha beta fraction
    5.000000    0.420099
   10.000000    0.423829
   15.000000    0.429356
   20.000000    0.399298
   25.000000    0.378112
   30.000000    0.454645
   35.000000    0.474848
   40.000000    0.473627
   45.000000    0.531042
   50.000000    0.592048
   55.000000    0.588023
   60.000000    0.620085
   65.000000    0.624304
   70.000000    0.597761
   75.000000    0.615114
   80.000000    0.645317
   85.000000    0.680773
   90.000000    0.693164
   95.000000    0.714933
  100.000000    0.707296
  105.000000    0.712619
  110.000000    0.729721
  115.000000    0.717156
  120.000000    0.694675
  125.000000    0.685065
  130.000000    0.698789
  135.000000    0.705633
  140.000000    0.681265
  145.000000    0.652447
  150.000000    0.649787
  155.000000    0.665211
  160.000000    0.705440
  165.000000    0.762541
  170.000000    0.778676
  175.000000    0.765296
  180.000000    0.728520
  185.000000    0.727294
  190.000000    0.715416
  195.000000    0.700511
  200.000000    0.746277
  205.000000    0.792424
  210.000000    0.802233
  215.000000    0.793583
  220.000000    0.790700
  225.000000    0.766603
  230.000000    0.752957
  235.000000    0.745215
  240.000000    0.728612
  245.000000    0.693602
  250.000000    0.661295
  255.000000    0.649396
  260.000000    0.637386
  265.000000    0.649679
  270.000000    0.657801
  275.000000    0.653233
  280.000000    0.646280
  285.000000    0.656941
  290.000000    0.635201
  295.000000    0.632316
  300.000000    0.610037
  305.000000    0.630477
  310.000000    0.659747
  315.000000    0.669387
  320.000000    0.656279
  325.000000    0.679340
  330.000000    0.673711
  335.000000    0.669964
  340.000000    0.663610
  345.000000    0.666564
  350.000000    0.693251
  355.000000    0.697695
  360.000000    0.709976
  365.000000    0.673115
  370.000000    0.691143
  375.000000    0.682378
  380.000000    0.685904
  385.000000    0.652099
  390.000000    0.615909
  395.000000    0.603945
  400.000000    0.617329
  405.000000    0.650342
  410.000000    0.634818
  415.000000    0.612944
  420.000000    0.647493
  425.000000    0.662131
  430.000000    0.622627
  435.000000    0.611677
  440.000000    0.651488
  445.000000    0.666422
  450.000000    0.682529
  455.000000    0.696547
  460.000000    0.679622
  465.000000    0.682308
  470.000000    0.713265
  475.000000    0.735320
  480.000000    0.747834
  485.000000    0.758817
  490.000000    0.764467
  495.000000    0.777579
  500.000000    0.799483
  505.000000    0.787896
  510.000000    0.773083
  515.000000    0.768922
  520.000000    0.775083
  525.000000    0.764535
  530.000000    0.755915
  535.000000    0.747232
  540.000000    0.746295
  545.000000    0.711734
  550.000000    0.693043
  555.000000    0.722517
  560.000000    0.742093
  565.000000    0.742340
  570.000000    0.738338
  575.000000    0.743498
  580.000000    0.736048
  585.000000    0.737239
  590.000000    0.751123
  595.000000    0.747801
  600.000000    0.707523
  605.000000    0.681827
  610.000000    0.688453
  615.000000    0.701079
  620.000000    0.702813
  625.000000    0.687738
  630.000000    0.687149
  635.000000    0.701691
  640.000000    0.689479
  645.000000    0.668836
  650.000000    0.648383
  655.000000    0.619383
  660.000000    0.611487
  665.000000    0.627308
  670.000000    0.610711
  675.000000    0.613629
  680.000000    0.625847
  685.000000    0.677385
  690.000000    0.716945
  695.000000    0.693828
  700.000000    0.673602
  705.000000    0.676855
  710.000000    0.688567
  715.000000    0.676003
  720.000000    0.667980
  725.000000    0.685651
  730.000000    0.635476
  735.000000    0.630613
  740.000000    0.629539
  745.000000    0.623547
  750.000000    0.634494
  755.000000    0.633072
  760.000000    0.677937
  765.000000    0.709028
  770.000000    0.701672
  775.000000    0.637762
  780.000000    0.615358
  785.000000    0.592942
  790.000000    0.603747
  795.000000    0.625938
  800.000000    0.642156
  805.000000    0.656107
  810.000000    0.675836
  815.000000    0.694069
  820.000000    0.723667
  825.000000    0.722173
  830.000000    0.719160
  835.000000    0.701476
  840.000000    0.694181
  845.000000    0.705738
  850.000000    0.728798
  855.000000    0.731765
  860.000000    0.727260
  865.000000    0.721952
  870.000000    0.667001
  875.000000    0.622099
  880.000000    0.595638
  885.000000    0.546591
  890.000000    0.588175
  895.000000    0.613220
  900.000000    0.643371
  905.000000    0.661543
  910.000000    0.664425
  915.000000    0.674503
  920.000000    0.683451
  925.000000    0.687669
  930.000000    0.687065
  935.000000    0.657030
  940.000000    0.680948
  945.000000    0.713637
  950.000000    0.748718
  955.000000    0.730394
  960.000000    0.689593
  965.000000    0.689226
  970.000000    0.696795
  975.000000    0.700346
  980.000000    0.726237
  985.000000    0.703480
  990.000000    0.673871
  995.000000    0.690151
 1000.000000    0.703338
 1005.000000    0.725679
 1010.000000    0.729473
 1015.000000    0.728284
 1020.000000    0.731729
 1025.000000    0.748958
 1030.000000    0.777119
 1035.000000    0.777307
 1040.000000    0.805171
 1045.000000    0.813533
 1050.000000    0.811898
 1055.000000    0.794926
 1060.000000    0.785217
 1065.000000    0.760698
 1070.000000    0.754870
 1075.000000    0.809103
 1080.000000    0.823641
 1085.000000    0.832790
 1090.000000    0.823909
 1095.000000    0.843040
 1100.000000    0.856305
 1105.000000    0.830800
 1110.000000    0.806400
 1115.000000    0.783246
 1120.000000    0.777198
 1125.000000    0.773599
 1130.000000    0.762050
 1135.000000    0.751615
 1140.000000    0.783314
 1145.000000    0.795816
 1150.000000    0.811667
 1155.000000    0.812199
 1160.000000    0.808992
 1165.000000    0.825948
 1170.000000    0.833632
 1175.000000    0.845090
 1180.000000    0.851914
 1185.000000    0.816856
 1190.000000    0.810383
 1195.000000    0.819118
 1200.000000    0.822271
 1205.000000    0.854504
 1210.000000    0.848847
 1215.000000    0.804049
 1220.000000    0.767788
 1225.000000    0.752913
 1230.000000    0.750543
 1235.000000    0.732939
 1240.000000    0.743336
 1245.000000    0.755038
 1250.000000    0.753918
 1255.000000    0.766745
 1260.000000    0.784736
 1265.000000    0.784060
 1270.000000    0.824296
 1275.000000    0.838778
 1280.000000    0.815719
 1285.000000    0.826614
 1290.000000    0.803335
 1295.000000    0.795095
 1300.000000    0.784564
 1305.000000    0.752274
 1310.000000    0.739403
 1315.000000    0.768816
 1320.000000    0.748421
 1325.000000    0.784651
 1330.000000    0.765317
 1335.000000    0.701123
 1340.000000    0.671075
 1345.000000    0.680597
 1350.000000    0.714070
 1355.000000    0.719155
 1360.000000    0.725282
 1365.000000    0.715119
 1370.000000    0.715512
 1375.000000    0.728683
 1380.000000    0.752700
 1385.000000    0.782142
 1390.000000    0.827179
 1395.000000    0.830831
 1400.000000    0.824271
 1405.000000    0.821042
 1410.000000    0.838937
 1415.000000    0.845660
 1420.000000    0.807084
 1425.000000    0.800826
 1430.000000    0.802921
 1435.000000    0.793871
 1440.000000    0.756230
 1445.000000    0.726598
 1450.000000    0.720934
 1455.000000    0.708456
 1460.000000    0.675878
 1465.000000    0.667303
 1470.000000    0.657153
 1475.000000    0.710067
 1480.000000    0.699778
 1485.000000    0.689746
 1490.000000    0.688405
 1495.000000    0.684693
 1500.000000    0.645635
 1505.000000    0.624978
 1510.000000    0.616991
 1515.000000    0.609679
 1520.000000    0.594928
 1525.000000    0.607366
 1530.000000    0.639830
 1535.000000    0.637308
 1540.000000    0.626520
 1545.000000    0.610721
 1550.000000    0.646695
 1555.000000    0.688089
 1560.000000    0.694449
 1565.000000    0.733019
 1570.000000    0.739161
 1575.000000    0.733376
 1580.000000    0.728347
 1585.000000    0.729737
 1590.000000    0.730587
 1595.000000    0.708011
 1600.000000    0.666514
 1605.000000    0.694638
 1610.000000    0.692139
 1615.000000    0.673411
 1620.000000    0.653488
 1625.000000    0.627036
 1630.000000    0.604224
 1635.000000    0.592431
 1640.000000    0.592820
 1645.000000    0.626803
 1650.000000    0.645597
 1655.000000    0.692027
 1660.000000    0.703851
 1665.000000    0.712137
 1670.000000    0.741768
 1675.000000    0.743947
 1680.000000    0.737718
 1685.000000    0.735599
 1690.000000    0.727245
 1695.000000    0.666911
 1700.000000    0.609131
 1705.000000    0.605702
 1710.000000    0.575974
 1715.000000    0.545104
 1720.000000    0.535974
 1725.000000    0.552255
 1730.000000    0.567533
 1735.000000    0.593778
 1740.000000    0.610287
 1745.000000    0.607954
 1750.000000    0.619839
 1755.000000    0.636184
 1760.000000    0.630258
 1765.000000    0.618704
 1770.000000    0.606482
 1775.000000    0.617161
 1780.000000    0.616725
 1785.000000    0.621160
 1790.000000    0.621667
 1795.000000    0.670752
 1800.000000    0.680772
 1805.000000    0.681663
