#  pixel_depth  alphabetafraction   >  Analysis of alpha beta fraction
   88.000000    0.729473
   93.000000    0.739298
   98.000000    0.789650
  103.000000    0.790643
  108.000000    0.800633
  113.000000    0.824246
  118.000000    0.840145
  123.000000    0.829705
  128.000000    0.795576
  133.000000    0.778716
  138.000000    0.747144
  143.000000    0.708131
  148.000000    0.679216
  153.000000    0.639349
  158.000000    0.607687
  163.000000    0.589485
  168.000000    0.574840
  173.000000    0.594363
  178.000000    0.629697
  183.000000    0.649787
  188.000000    0.645857
  193.000000    0.629642
  198.000000    0.636259
  203.000000    0.647351
  208.000000    0.639010
  213.000000    0.630823
  218.000000    0.647965
  223.000000    0.634417
  228.000000    0.647535
  233.000000    0.652468
  238.000000    0.644718
  243.000000    0.641222
  248.000000    0.650636
  253.000000    0.679536
  258.000000    0.684926
  263.000000    0.706932
  268.000000    0.686045
  273.000000    0.686677
  278.000000    0.698727
  283.000000    0.739183
  288.000000    0.746988
  293.000000    0.760868
  298.000000    0.750813
  303.000000    0.750550
  308.000000    0.740552
  313.000000    0.760605
  318.000000    0.778721
  323.000000    0.772322
  328.000000    0.766380
  333.000000    0.767356
  338.000000    0.738952
  343.000000    0.694313
  348.000000    0.673404
  353.000000    0.655488
  358.000000    0.627390
  363.000000    0.642902
  368.000000    0.665620
  373.000000    0.699932
  378.000000    0.692967
  383.000000    0.682117
  388.000000    0.682938
  393.000000    0.687423
  398.000000    0.700575
  403.000000    0.666484
  408.000000    0.644444
  413.000000    0.631335
  418.000000    0.632513
  423.000000    0.596407
  428.000000    0.568048
  433.000000    0.538115
  438.000000    0.524012
  443.000000    0.582801
  448.000000    0.618505
  453.000000    0.606002
  458.000000    0.591004
  463.000000    0.619549
  468.000000    0.630097
  473.000000    0.651386
  478.000000    0.650674
  483.000000    0.659904
  488.000000    0.664687
  493.000000    0.666126
  498.000000    0.672753
  503.000000    0.684014
  508.000000    0.666866
  513.000000    0.640085
  518.000000    0.616131
  523.000000    0.639745
  528.000000    0.663055
  533.000000    0.687483
  538.000000    0.663822
  543.000000    0.682324
  548.000000    0.691441
  553.000000    0.707432
  558.000000    0.712350
  563.000000    0.692531
  568.000000    0.669936
  573.000000    0.667061
  578.000000    0.649968
  583.000000    0.654341
  588.000000    0.634027
  593.000000    0.626765
  598.000000    0.634005
  603.000000    0.655029
  608.000000    0.672711
  613.000000    0.687791
  618.000000    0.655559
  623.000000    0.647481
  628.000000    0.662753
  633.000000    0.690049
  638.000000    0.714768
  643.000000    0.737069
  648.000000    0.747509
  653.000000    0.750938
  658.000000    0.745250
  663.000000    0.702705
  668.000000    0.688001
  673.000000    0.676712
  678.000000    0.679641
  683.000000    0.662214
  688.000000    0.628859
  693.000000    0.598790
  698.000000    0.589738
  703.000000    0.587840
  708.000000    0.617505
  713.000000    0.674798
  718.000000    0.701301
  723.000000    0.708646
  728.000000    0.670135
  733.000000    0.647119
  738.000000    0.668115
  743.000000    0.669298
  748.000000    0.677768
  753.000000    0.697071
  758.000000    0.685096
  763.000000    0.681100
  768.000000    0.681902
  773.000000    0.678210
  778.000000    0.660612
  783.000000    0.661814
  788.000000    0.684703
  793.000000    0.690388
  798.000000    0.694046
  803.000000    0.685033
  808.000000    0.670661
  813.000000    0.675621
  818.000000    0.667356
  823.000000    0.653099
  828.000000    0.659227
  833.000000    0.698211
  838.000000    0.707717
  843.000000    0.703785
  848.000000    0.716575
  853.000000    0.715537
  858.000000    0.708182
  863.000000    0.674539
  868.000000    0.666419
  873.000000    0.643104
  878.000000    0.587756
  883.000000    0.567889
  888.000000    0.603348
  893.000000    0.664250
  898.000000    0.692855
  903.000000    0.733295
  908.000000    0.760496
  913.000000    0.746091
  918.000000    0.763035
  923.000000    0.739486
  928.000000    0.708773
  933.000000    0.662163
  938.000000    0.663895
  943.000000    0.664732
  948.000000    0.654437
  953.000000    0.629223
  958.000000    0.586049
  963.000000    0.562000
  968.000000    0.505565
  973.000000    0.525547
  978.000000    0.502829
  983.000000    0.518008
  988.000000    0.549388
  993.000000    0.563072
  998.000000    0.586757
 1003.000000    0.623776
 1008.000000    0.636987
 1013.000000    0.673393
 1018.000000    0.700954
 1023.000000    0.695099
 1028.000000    0.698257
 1033.000000    0.703469
 1038.000000    0.710513
 1043.000000    0.715894
 1048.000000    0.715600
 1053.000000    0.724218
 1058.000000    0.690014
 1063.000000    0.664183
 1068.000000    0.685195
 1073.000000    0.692238
 1078.000000    0.674962
 1083.000000    0.644604
 1088.000000    0.654505
 1093.000000    0.634090
 1098.000000    0.630165
 1103.000000    0.606254
 1108.000000    0.593073
 1113.000000    0.577275
 1118.000000    0.568178
 1123.000000    0.559476
 1128.000000    0.556254
 1133.000000    0.577478
 1138.000000    0.562803
 1143.000000    0.551246
 1148.000000    0.531731
 1153.000000    0.551287
 1158.000000    0.557296
 1163.000000    0.573297
 1168.000000    0.557459
 1173.000000    0.546415
 1178.000000    0.547867
 1183.000000    0.520958
 1188.000000    0.518186
 1193.000000    0.507595
 1198.000000    0.523751
 1203.000000    0.518822
 1208.000000    0.523751
 1213.000000    0.509503
 1218.000000    0.521656
 1223.000000    0.519185
 1228.000000    0.516231
 1233.000000    0.508623
 1238.000000    0.504348
 1243.000000    0.491249
 1248.000000    0.544007
 1253.000000    0.567930
 1258.000000    0.568817
 1263.000000    0.600593
 1268.000000    0.623154
 1273.000000    0.676079
 1278.000000    0.712522
 1283.000000    0.713147
 1288.000000    0.709801
 1293.000000    0.707824
 1298.000000    0.697907
 1303.000000    0.702307
 1308.000000    0.689435
 1313.000000    0.688505
 1318.000000    0.648825
 1323.000000    0.606980
 1328.000000    0.604299
 1333.000000    0.575296
 1338.000000    0.573852
 1343.000000    0.560201
 1348.000000    0.549139
 1353.000000    0.538773
 1358.000000    0.535435
 1363.000000    0.558335
 1368.000000    0.571014
 1373.000000    0.581264
 1378.000000    0.609800
 1383.000000    0.615485
 1388.000000    0.633706
 1393.000000    0.677340
 1398.000000    0.677733
 1403.000000    0.688114
 1408.000000    0.703491
 1413.000000    0.720101
 1418.000000    0.744874
 1423.000000    0.742115
 1428.000000    0.723953
 1433.000000    0.693182
 1438.000000    0.663101
 1443.000000    0.667536
 1448.000000    0.672219
 1453.000000    0.676427
 1458.000000    0.655898
 1463.000000    0.640630
 1468.000000    0.640827
 1473.000000    0.648004
 1478.000000    0.672182
 1483.000000    0.662811
 1488.000000    0.637989
 1493.000000    0.605431
 1498.000000    0.600989
 1503.000000    0.644123
 1508.000000    0.662516
 1513.000000    0.638039
 1518.000000    0.636021
 1523.000000    0.633186
 1528.000000    0.618621
 1533.000000    0.614416
 1538.000000    0.633924
 1543.000000    0.681894
 1548.000000    0.682134
 1553.000000    0.698573
 1558.000000    0.683934
 1563.000000    0.694336
 1568.000000    0.675648
 1573.000000    0.635838
 1578.000000    0.618509
 1583.000000    0.605318
 1588.000000    0.577318
 1593.000000    0.559048
 1598.000000    0.600211
 1603.000000    0.608326
 1608.000000    0.598483
 1613.000000    0.594805
 1618.000000    0.574335
 1623.000000    0.569414
 1628.000000    0.595503
 1633.000000    0.604142
 1638.000000    0.604724
 1643.000000    0.595920
 1648.000000    0.591210
 1653.000000    0.555661
 1658.000000    0.527574
 1663.000000    0.500825
 1668.000000    0.509661
 1673.000000    0.529243
 1678.000000    0.558015
 1683.000000    0.594058
 1688.000000    0.608734
 1693.000000    0.629083
 1698.000000    0.648448
 1703.000000    0.648592
 1708.000000    0.641417
 1713.000000    0.663159
 1718.000000    0.672122
 1723.000000    0.662239
 1728.000000    0.636090
 1733.000000    0.601111
 1738.000000    0.576807
 1743.000000    0.551593
 1748.000000    0.523202
 1753.000000    0.549641
 1758.000000    0.555708
 1763.000000    0.548783
 1768.000000    0.572620
 1773.000000    0.584044
 1778.000000    0.590989
 1783.000000    0.629867
 1788.000000    0.675952
 1793.000000    0.720772
