#  pixel_depth  alphabetafraction   >  Analysis of alpha beta fraction
    5.000000    0.807991
   10.000000    0.808124
   15.000000    0.801303
   20.000000    0.808220
   25.000000    0.819139
   30.000000    0.828314
   35.000000    0.823184
   40.000000    0.830930
   45.000000    0.867416
   50.000000    0.864238
   55.000000    0.824571
   60.000000    0.783600
   65.000000    0.740844
   70.000000    0.712505
   75.000000    0.712432
   80.000000    0.721836
   85.000000    0.718625
   90.000000    0.745387
   95.000000    0.753910
  100.000000    0.773230
  105.000000    0.809413
  110.000000    0.826678
  115.000000    0.820925
  120.000000    0.803119
  125.000000    0.789437
  130.000000    0.783758
  135.000000    0.809932
  140.000000    0.836960
  145.000000    0.836404
  150.000000    0.827430
  155.000000    0.818858
  160.000000    0.821968
  165.000000    0.826524
  170.000000    0.837859
  175.000000    0.837988
  180.000000    0.818625
  185.000000    0.785649
  190.000000    0.725709
  195.000000    0.706815
  200.000000    0.712738
  205.000000    0.747768
  210.000000    0.769956
  215.000000    0.781935
  220.000000    0.786782
  225.000000    0.804118
  230.000000    0.813369
  235.000000    0.805450
  240.000000    0.799457
  245.000000    0.802052
  250.000000    0.799279
  255.000000    0.764533
  260.000000    0.719423
  265.000000    0.704497
  270.000000    0.697724
  275.000000    0.690027
  280.000000    0.698252
  285.000000    0.705917
  290.000000    0.723776
  295.000000    0.757868
  300.000000    0.751568
  305.000000    0.736431
  310.000000    0.727184
  315.000000    0.733613
  320.000000    0.728340
  325.000000    0.735513
  330.000000    0.712850
  335.000000    0.686907
  340.000000    0.658156
  345.000000    0.639722
  350.000000    0.660448
  355.000000    0.692196
  360.000000    0.696230
  365.000000    0.703731
  370.000000    0.735035
  375.000000    0.743880
  380.000000    0.750804
  385.000000    0.752933
  390.000000    0.774586
  395.000000    0.745942
  400.000000    0.728888
  405.000000    0.721177
  410.000000    0.702242
  415.000000    0.683640
  420.000000    0.701978
  425.000000    0.723803
  430.000000    0.745209
  435.000000    0.748515
  440.000000    0.790696
  445.000000    0.808561
  450.000000    0.798294
  455.000000    0.809239
  460.000000    0.812572
  465.000000    0.816654
  470.000000    0.804152
  475.000000    0.814395
  480.000000    0.808703
  485.000000    0.807596
  490.000000    0.839533
  495.000000    0.851819
  500.000000    0.853130
  505.000000    0.805269
  510.000000    0.764079
  515.000000    0.748708
  520.000000    0.746802
  525.000000    0.748230
  530.000000    0.755858
  535.000000    0.797187
  540.000000    0.812192
  545.000000    0.814782
  550.000000    0.780996
  555.000000    0.782153
  560.000000    0.787461
  565.000000    0.781498
  570.000000    0.786803
  575.000000    0.789263
  580.000000    0.789420
  585.000000    0.785489
  590.000000    0.795156
  595.000000    0.769521
  600.000000    0.810002
  605.000000    0.813350
  610.000000    0.797993
  615.000000    0.788027
  620.000000    0.777557
  625.000000    0.787790
  630.000000    0.766076
  635.000000    0.782408
  640.000000    0.826558
  645.000000    0.832962
  650.000000    0.806751
  655.000000    0.763607
  660.000000    0.744981
  665.000000    0.737191
  670.000000    0.754664
  675.000000    0.768409
  680.000000    0.797622
  685.000000    0.811238
  690.000000    0.831946
  695.000000    0.804351
  700.000000    0.732601
  705.000000    0.692177
  710.000000    0.687443
  715.000000    0.663106
  720.000000    0.657339
  725.000000    0.681823
  730.000000    0.696217
  735.000000    0.710543
  740.000000    0.718936
  745.000000    0.719121
  750.000000    0.691335
  755.000000    0.704892
  760.000000    0.733258
  765.000000    0.731190
  770.000000    0.732320
  775.000000    0.761207
  780.000000    0.756769
  785.000000    0.775502
  790.000000    0.812331
  795.000000    0.824273
  800.000000    0.813362
  805.000000    0.782118
  810.000000    0.783399
  815.000000    0.799200
  820.000000    0.788908
  825.000000    0.769240
  830.000000    0.758255
  835.000000    0.761363
  840.000000    0.770771
  845.000000    0.759197
  850.000000    0.727636
  855.000000    0.700187
  860.000000    0.676347
  865.000000    0.643718
  870.000000    0.640895
  875.000000    0.671304
  880.000000    0.694580
  885.000000    0.708841
  890.000000    0.744364
  895.000000    0.766461
  900.000000    0.774692
  905.000000    0.781902
  910.000000    0.799249
  915.000000    0.805772
  920.000000    0.808091
  925.000000    0.831483
  930.000000    0.828003
  935.000000    0.815268
  940.000000    0.802762
  945.000000    0.810004
  950.000000    0.822076
  955.000000    0.824341
  960.000000    0.794478
  965.000000    0.771029
  970.000000    0.781557
  975.000000    0.803409
  980.000000    0.814840
  985.000000    0.807328
  990.000000    0.797519
  995.000000    0.803368
 1000.000000    0.805247
 1005.000000    0.818561
 1010.000000    0.826459
 1015.000000    0.825285
 1020.000000    0.832173
 1025.000000    0.822860
 1030.000000    0.809831
 1035.000000    0.799443
 1040.000000    0.807218
 1045.000000    0.818763
 1050.000000    0.808607
 1055.000000    0.810180
 1060.000000    0.811390
 1065.000000    0.822907
 1070.000000    0.834430
 1075.000000    0.842087
 1080.000000    0.826866
 1085.000000    0.802484
 1090.000000    0.754870
 1095.000000    0.729451
 1100.000000    0.721225
 1105.000000    0.723079
 1110.000000    0.719922
 1115.000000    0.715630
 1120.000000    0.706688
 1125.000000    0.727836
 1130.000000    0.722973
 1135.000000    0.704531
 1140.000000    0.698381
 1145.000000    0.695372
 1150.000000    0.669219
 1155.000000    0.639860
 1160.000000    0.647378
 1165.000000    0.681362
 1170.000000    0.671444
 1175.000000    0.673665
 1180.000000    0.675729
 1185.000000    0.682380
 1190.000000    0.647438
 1195.000000    0.645518
 1200.000000    0.695345
 1205.000000    0.767131
 1210.000000    0.784557
 1215.000000    0.797287
 1220.000000    0.819614
 1225.000000    0.837375
 1230.000000    0.848099
 1235.000000    0.853137
 1240.000000    0.853491
 1245.000000    0.846555
 1250.000000    0.832397
 1255.000000    0.826070
 1260.000000    0.806705
 1265.000000    0.759363
 1270.000000    0.752322
 1275.000000    0.764427
 1280.000000    0.787633
 1285.000000    0.766115
 1290.000000    0.768323
