#  pixel_depth  alphabetafraction   >  Analysis of alpha beta fraction
  227.000000    0.643452
  232.000000    0.605774
  237.000000    0.590187
  242.000000    0.580591
  247.000000    0.575416
  252.000000    0.578546
  257.000000    0.591018
  262.000000    0.570054
  267.000000    0.562228
  272.000000    0.596153
  277.000000    0.616566
  282.000000    0.615182
  287.000000    0.643944
  292.000000    0.670011
  297.000000    0.684155
  302.000000    0.697847
  307.000000    0.708314
  312.000000    0.734812
  317.000000    0.717191
  322.000000    0.718481
  327.000000    0.732476
  332.000000    0.716960
  337.000000    0.708737
  342.000000    0.703341
  347.000000    0.700943
  352.000000    0.702893
  357.000000    0.704561
  362.000000    0.708637
  367.000000    0.725823
  372.000000    0.724129
  377.000000    0.739684
  382.000000    0.778588
  387.000000    0.811881
  392.000000    0.815912
  397.000000    0.812288
  402.000000    0.811998
  407.000000    0.818089
  412.000000    0.812305
  417.000000    0.787714
  422.000000    0.783217
  427.000000    0.766401
  432.000000    0.740476
  437.000000    0.725992
  442.000000    0.725515
  447.000000    0.723806
  452.000000    0.694270
  457.000000    0.684691
  462.000000    0.749811
  467.000000    0.775569
  472.000000    0.797692
  477.000000    0.786249
  482.000000    0.772544
  487.000000    0.759857
  492.000000    0.753846
  497.000000    0.749964
  502.000000    0.729677
  507.000000    0.731514
  512.000000    0.757065
  517.000000    0.772436
  522.000000    0.782686
  527.000000    0.796406
  532.000000    0.793094
  537.000000    0.780864
  542.000000    0.775270
  547.000000    0.778556
  552.000000    0.772612
  557.000000    0.763358
  562.000000    0.760553
  567.000000    0.747883
  572.000000    0.722322
  577.000000    0.692703
  582.000000    0.655966
  587.000000    0.658808
  592.000000    0.695625
  597.000000    0.712399
  602.000000    0.728300
  607.000000    0.767898
  612.000000    0.754417
  617.000000    0.725235
  622.000000    0.681447
  627.000000    0.650352
  632.000000    0.649695
  637.000000    0.670842
  642.000000    0.703743
  647.000000    0.735408
  652.000000    0.777726
  657.000000    0.789404
  662.000000    0.783181
  667.000000    0.786773
  672.000000    0.787915
  677.000000    0.777299
  682.000000    0.749403
  687.000000    0.766997
  692.000000    0.771646
  697.000000    0.794824
  702.000000    0.799733
  707.000000    0.793603
  712.000000    0.777480
  717.000000    0.780016
  722.000000    0.740965
  727.000000    0.691502
  732.000000    0.659903
  737.000000    0.699444
  742.000000    0.708186
  747.000000    0.702360
  752.000000    0.687939
  757.000000    0.675207
  762.000000    0.662197
  767.000000    0.644372
  772.000000    0.709873
  777.000000    0.753991
  782.000000    0.736685
  787.000000    0.693043
  792.000000    0.661880
  797.000000    0.650103
  802.000000    0.658519
  807.000000    0.670260
  812.000000    0.693080
  817.000000    0.734701
  822.000000    0.771454
  827.000000    0.800567
  832.000000    0.821123
  837.000000    0.821106
  842.000000    0.824576
  847.000000    0.807238
  852.000000    0.760342
  857.000000    0.710674
  862.000000    0.713383
  867.000000    0.730548
  872.000000    0.737812
  877.000000    0.747112
  882.000000    0.714099
  887.000000    0.700688
  892.000000    0.691881
  897.000000    0.710476
  902.000000    0.750404
  907.000000    0.785824
  912.000000    0.769369
  917.000000    0.745692
  922.000000    0.734354
  927.000000    0.747139
  932.000000    0.734880
  937.000000    0.760303
  942.000000    0.766406
  947.000000    0.738829
  952.000000    0.737370
  957.000000    0.730945
  962.000000    0.701280
  967.000000    0.672809
  972.000000    0.644972
  977.000000    0.667526
  982.000000    0.697793
  987.000000    0.757274
  992.000000    0.768242
  997.000000    0.765503
 1002.000000    0.746846
 1007.000000    0.725853
 1012.000000    0.728727
 1017.000000    0.742530
 1022.000000    0.748815
 1027.000000    0.765303
 1032.000000    0.770705
 1037.000000    0.740925
 1042.000000    0.744617
 1047.000000    0.747400
 1052.000000    0.731672
 1057.000000    0.707894
 1062.000000    0.708659
 1067.000000    0.709267
 1072.000000    0.705050
 1077.000000    0.703242
 1082.000000    0.700578
 1087.000000    0.710813
 1092.000000    0.703751
 1097.000000    0.694193
 1102.000000    0.693922
 1107.000000    0.717039
 1112.000000    0.737424
 1117.000000    0.750732
 1122.000000    0.757926
 1127.000000    0.754588
 1132.000000    0.736688
 1137.000000    0.737079
 1142.000000    0.736154
 1147.000000    0.763691
 1152.000000    0.765214
 1157.000000    0.766120
 1162.000000    0.770655
 1167.000000    0.784060
 1172.000000    0.793073
 1177.000000    0.792391
 1182.000000    0.800239
 1187.000000    0.812443
 1192.000000    0.789758
 1197.000000    0.761305
 1202.000000    0.775377
 1207.000000    0.751223
 1212.000000    0.726418
 1217.000000    0.738549
 1222.000000    0.741724
 1227.000000    0.741680
 1232.000000    0.753304
 1237.000000    0.767357
 1242.000000    0.775744
 1247.000000    0.801113
 1252.000000    0.790111
 1257.000000    0.784564
 1262.000000    0.785545
 1267.000000    0.795206
 1272.000000    0.804608
 1277.000000    0.812751
 1282.000000    0.809509
 1287.000000    0.792290
 1292.000000    0.781934
 1297.000000    0.746241
 1302.000000    0.744802
 1307.000000    0.738720
 1312.000000    0.766846
 1317.000000    0.748489
 1322.000000    0.754023
 1327.000000    0.755497
 1332.000000    0.739204
 1337.000000    0.701387
 1342.000000    0.694335
 1347.000000    0.714842
 1352.000000    0.703809
 1357.000000    0.711803
 1362.000000    0.709909
 1367.000000    0.683886
 1372.000000    0.658511
 1377.000000    0.657857
 1382.000000    0.665958
 1387.000000    0.668879
 1392.000000    0.699843
 1397.000000    0.737928
 1402.000000    0.766599
 1407.000000    0.795437
 1412.000000    0.818058
 1417.000000    0.816190
 1422.000000    0.821118
 1427.000000    0.817485
 1432.000000    0.803212
 1437.000000    0.812670
 1442.000000    0.833060
 1447.000000    0.839641
 1452.000000    0.843425
 1457.000000    0.840093
 1462.000000    0.857678
 1467.000000    0.855926
 1472.000000    0.827076
 1477.000000    0.824409
 1482.000000    0.826934
 1487.000000    0.832796
 1492.000000    0.830742
 1497.000000    0.826347
 1502.000000    0.811415
 1507.000000    0.804747
 1512.000000    0.791452
 1517.000000    0.796322
 1522.000000    0.777832
 1527.000000    0.736641
 1532.000000    0.723158
 1537.000000    0.718388
 1542.000000    0.722886
 1547.000000    0.730872
 1552.000000    0.771571
 1557.000000    0.799530
 1562.000000    0.791761
 1567.000000    0.774982
 1572.000000    0.748578
 1577.000000    0.724245
 1582.000000    0.726292
 1587.000000    0.733048
 1592.000000    0.747334
 1597.000000    0.728287
 1602.000000    0.689892
 1607.000000    0.671405
 1612.000000    0.673648
 1617.000000    0.710399
 1622.000000    0.738463
 1627.000000    0.733045
 1632.000000    0.722755
 1637.000000    0.697378
 1642.000000    0.684098
 1647.000000    0.696321
 1652.000000    0.725621
 1657.000000    0.730444
 1662.000000    0.745106
 1667.000000    0.736373
 1672.000000    0.740616
 1677.000000    0.766240
 1682.000000    0.761397
 1687.000000    0.772251
 1692.000000    0.775296
 1697.000000    0.782861
 1702.000000    0.801174
 1707.000000    0.833349
 1712.000000    0.845332
 1717.000000    0.816650
 1722.000000    0.800265
 1727.000000    0.775104
 1732.000000    0.786623
 1737.000000    0.785454
 1742.000000    0.754069
 1747.000000    0.738285
 1752.000000    0.724143
 1757.000000    0.740313
 1762.000000    0.764035
 1767.000000    0.749847
 1772.000000    0.735811
 1777.000000    0.730242
 1782.000000    0.719143
 1787.000000    0.716339
 1792.000000    0.731007
 1797.000000    0.749460
 1802.000000    0.749998
 1807.000000    0.750675
 1812.000000    0.743733
 1817.000000    0.750522
 1822.000000    0.748549
 1827.000000    0.751662
 1832.000000    0.782250
 1837.000000    0.809528
 1842.000000    0.804820
 1847.000000    0.791531
 1852.000000    0.786040
 1857.000000    0.786235
 1862.000000    0.786879
 1867.000000    0.809527
 1872.000000    0.822212
 1877.000000    0.838693
 1882.000000    0.836324
 1887.000000    0.831999
 1892.000000    0.838352
 1897.000000    0.855480
 1902.000000    0.853074
 1907.000000    0.855755
 1912.000000    0.866213
 1917.000000    0.873801
 1922.000000    0.863934
 1927.000000    0.829369
 1932.000000    0.785631
 1937.000000    0.743428
 1942.000000    0.697481
