#  pixel_depth  alphabetafraction   >  Analysis of alpha beta fraction
   46.000000    0.905406
   51.000000    0.887943
   56.000000    0.844924
   61.000000    0.805318
   66.000000    0.793474
   71.000000    0.780185
   76.000000    0.769393
   81.000000    0.740924
   86.000000    0.716769
   91.000000    0.752474
   96.000000    0.774623
  101.000000    0.756594
  106.000000    0.760016
  111.000000    0.727989
  116.000000    0.705078
  121.000000    0.700894
  126.000000    0.722397
  131.000000    0.729919
  136.000000    0.710016
  141.000000    0.709579
  146.000000    0.699854
  151.000000    0.692453
  156.000000    0.711609
  161.000000    0.711687
  166.000000    0.710621
  171.000000    0.732225
  176.000000    0.720113
  181.000000    0.693136
  186.000000    0.700457
  191.000000    0.738417
  196.000000    0.728914
  201.000000    0.747094
  206.000000    0.746015
  211.000000    0.728440
  216.000000    0.701431
  221.000000    0.688472
  226.000000    0.667391
  231.000000    0.638759
  236.000000    0.626908
  241.000000    0.631116
  246.000000    0.658050
  251.000000    0.631232
  256.000000    0.655927
  261.000000    0.674042
  266.000000    0.659456
  271.000000    0.668445
  276.000000    0.675988
  281.000000    0.680186
  286.000000    0.677087
  291.000000    0.696427
  296.000000    0.715364
  301.000000    0.747829
  306.000000    0.778398
  311.000000    0.817829
  316.000000    0.811855
  321.000000    0.804968
  326.000000    0.799357
  331.000000    0.772176
  336.000000    0.732742
  341.000000    0.717342
  346.000000    0.718877
  351.000000    0.724655
  356.000000    0.718632
  361.000000    0.725725
  366.000000    0.725115
  371.000000    0.762367
  376.000000    0.758146
  381.000000    0.758187
  386.000000    0.771806
  391.000000    0.769469
  396.000000    0.755725
  401.000000    0.736959
  406.000000    0.729060
  411.000000    0.709451
  416.000000    0.691839
  421.000000    0.681186
  426.000000    0.659738
  431.000000    0.655336
  436.000000    0.636230
  441.000000    0.626640
  446.000000    0.628690
  451.000000    0.629864
  456.000000    0.583458
  461.000000    0.574576
  466.000000    0.565970
  471.000000    0.537857
  476.000000    0.512374
  481.000000    0.512855
  486.000000    0.573750
  491.000000    0.621820
  496.000000    0.618111
  501.000000    0.634952
  506.000000    0.674731
  511.000000    0.691583
  516.000000    0.696599
  521.000000    0.690971
  526.000000    0.730116
  531.000000    0.727089
  536.000000    0.762657
  541.000000    0.786696
  546.000000    0.802221
  551.000000    0.815978
  556.000000    0.800607
  561.000000    0.790427
  566.000000    0.796751
  571.000000    0.791853
  576.000000    0.818198
  581.000000    0.811084
  586.000000    0.790725
  591.000000    0.812857
  596.000000    0.790883
  601.000000    0.761054
  606.000000    0.735494
  611.000000    0.692513
  616.000000    0.677101
  621.000000    0.675236
  626.000000    0.681492
  631.000000    0.651268
  636.000000    0.657522
  641.000000    0.665393
  646.000000    0.671865
  651.000000    0.668290
  656.000000    0.678571
  661.000000    0.668034
  666.000000    0.684131
  671.000000    0.704645
  676.000000    0.735089
  681.000000    0.740920
  686.000000    0.699553
  691.000000    0.707590
  696.000000    0.718954
  701.000000    0.728707
  706.000000    0.725244
  711.000000    0.716943
  716.000000    0.718594
  721.000000    0.728640
  726.000000    0.738075
  731.000000    0.740187
  736.000000    0.722965
  741.000000    0.749939
  746.000000    0.724992
  751.000000    0.727335
  756.000000    0.714490
  761.000000    0.707239
  766.000000    0.691920
  771.000000    0.662730
  776.000000    0.650527
  781.000000    0.630316
  786.000000    0.650514
  791.000000    0.666276
  796.000000    0.666924
  801.000000    0.695248
  806.000000    0.701954
  811.000000    0.698349
  816.000000    0.698420
  821.000000    0.697488
  826.000000    0.671652
  831.000000    0.657265
  836.000000    0.661921
  841.000000    0.645001
  846.000000    0.654512
  851.000000    0.652141
  856.000000    0.605104
  861.000000    0.565532
  866.000000    0.542983
  871.000000    0.530131
  876.000000    0.541110
  881.000000    0.530264
  886.000000    0.526905
  891.000000    0.562879
  896.000000    0.584289
  901.000000    0.546951
  906.000000    0.532449
  911.000000    0.551646
  916.000000    0.535666
  921.000000    0.544153
  926.000000    0.580838
  931.000000    0.617633
  936.000000    0.631953
  941.000000    0.646992
  946.000000    0.701289
  951.000000    0.727202
  956.000000    0.771176
  961.000000    0.780435
  966.000000    0.781632
  971.000000    0.797250
  976.000000    0.777764
  981.000000    0.780416
  986.000000    0.771985
  991.000000    0.772137
  996.000000    0.776998
 1001.000000    0.757627
 1006.000000    0.715241
 1011.000000    0.697913
 1016.000000    0.668205
 1021.000000    0.650776
 1026.000000    0.645943
 1031.000000    0.662502
 1036.000000    0.674093
 1041.000000    0.688339
 1046.000000    0.693841
 1051.000000    0.699012
 1056.000000    0.691499
 1061.000000    0.680784
 1066.000000    0.690287
 1071.000000    0.675643
 1076.000000    0.657317
 1081.000000    0.630591
 1086.000000    0.596784
 1091.000000    0.588702
 1096.000000    0.567344
 1101.000000    0.558841
 1106.000000    0.608458
 1111.000000    0.648521
 1116.000000    0.680372
 1121.000000    0.695797
 1126.000000    0.701698
 1131.000000    0.713460
 1136.000000    0.718660
 1141.000000    0.721627
 1146.000000    0.700544
 1151.000000    0.713151
 1156.000000    0.703464
 1161.000000    0.668966
 1166.000000    0.660527
 1171.000000    0.641428
 1176.000000    0.606930
 1181.000000    0.630178
 1186.000000    0.649026
 1191.000000    0.646612
 1196.000000    0.637636
 1201.000000    0.631124
 1206.000000    0.603480
 1211.000000    0.579060
 1216.000000    0.574202
 1221.000000    0.553515
 1226.000000    0.549107
 1231.000000    0.588712
 1236.000000    0.616167
 1241.000000    0.630918
 1246.000000    0.660959
 1251.000000    0.691822
 1256.000000    0.703684
 1261.000000    0.733093
 1266.000000    0.719657
 1271.000000    0.718674
 1276.000000    0.710199
 1281.000000    0.706500
 1286.000000    0.712396
 1291.000000    0.733518
 1296.000000    0.735942
 1301.000000    0.735916
 1306.000000    0.724453
 1311.000000    0.705877
 1316.000000    0.654717
 1321.000000    0.600379
 1326.000000    0.543379
 1331.000000    0.498642
 1336.000000    0.488173
 1341.000000    0.516032
 1346.000000    0.567429
 1351.000000    0.612864
 1356.000000    0.635640
 1361.000000    0.650915
 1366.000000    0.656085
 1371.000000    0.644804
 1376.000000    0.639564
 1381.000000    0.626077
 1386.000000    0.595281
 1391.000000    0.586801
 1396.000000    0.615480
 1401.000000    0.640323
 1406.000000    0.633229
 1411.000000    0.646481
 1416.000000    0.639984
 1421.000000    0.637157
 1426.000000    0.644218
 1431.000000    0.644362
 1436.000000    0.666674
 1441.000000    0.670954
 1446.000000    0.679879
 1451.000000    0.676780
 1456.000000    0.663356
 1461.000000    0.633160
 1466.000000    0.621871
 1471.000000    0.625717
 1476.000000    0.628660
 1481.000000    0.656269
 1486.000000    0.674221
 1491.000000    0.656102
 1496.000000    0.679042
 1501.000000    0.713972
 1506.000000    0.781851
 1511.000000    0.783464
 1516.000000    0.788457
 1521.000000    0.782852
 1526.000000    0.774190
 1531.000000    0.755889
 1536.000000    0.730971
 1541.000000    0.705410
 1546.000000    0.675675
 1551.000000    0.643912
 1556.000000    0.626513
 1561.000000    0.610152
 1566.000000    0.572738
 1571.000000    0.563866
 1576.000000    0.553137
 1581.000000    0.550456
 1586.000000    0.560521
 1591.000000    0.591022
 1596.000000    0.568771
 1601.000000    0.599384
 1606.000000    0.603078
 1611.000000    0.623607
 1616.000000    0.639940
 1621.000000    0.656640
 1626.000000    0.679362
 1631.000000    0.669974
 1636.000000    0.706814
 1641.000000    0.738174
 1646.000000    0.750583
 1651.000000    0.749769
 1656.000000    0.726459
 1661.000000    0.688904
 1666.000000    0.647886
 1671.000000    0.622380
 1676.000000    0.611056
 1681.000000    0.590527
 1686.000000    0.552142
 1691.000000    0.497084
 1696.000000    0.452702
 1701.000000    0.505386
 1706.000000    0.498725
 1711.000000    0.480111
 1716.000000    0.498117
 1721.000000    0.556184
 1726.000000    0.600552
 1731.000000    0.629569
 1736.000000    0.664305
 1741.000000    0.688173
 1746.000000    0.697954
 1751.000000    0.720384
 1756.000000    0.685376
 1761.000000    0.697183
 1766.000000    0.691077
 1771.000000    0.692350
 1776.000000    0.688995
 1781.000000    0.696616
 1786.000000    0.693609
 1791.000000    0.679094
 1796.000000    0.680068
 1801.000000    0.662247
 1806.000000    0.666605
 1811.000000    0.667506
 1816.000000    0.668896
 1821.000000    0.666492
 1826.000000    0.694172
 1831.000000    0.714677
 1836.000000    0.785496
 1841.000000    0.788603
 1846.000000    0.785901
 1851.000000    0.757950
 1856.000000    0.715110
 1861.000000    0.701682
