#  pixel_depth  alphabetafraction   >  Analysis of alpha beta fraction
   62.000000    0.744061
   67.000000    0.702466
   72.000000    0.713406
   77.000000    0.694245
   82.000000    0.684966
   87.000000    0.689632
   92.000000    0.717787
   97.000000    0.731477
  102.000000    0.748912
  107.000000    0.735919
  112.000000    0.729227
  117.000000    0.723905
  122.000000    0.748638
  127.000000    0.739295
  132.000000    0.731850
  137.000000    0.729807
  142.000000    0.721805
  147.000000    0.735156
  152.000000    0.734763
  157.000000    0.728547
  162.000000    0.776272
  167.000000    0.780592
  172.000000    0.778100
  177.000000    0.806613
  182.000000    0.793405
  187.000000    0.755790
  192.000000    0.743311
  197.000000    0.739249
  202.000000    0.718016
  207.000000    0.721867
  212.000000    0.733191
  217.000000    0.721341
  222.000000    0.734025
  227.000000    0.742403
  232.000000    0.722314
  237.000000    0.691669
  242.000000    0.624035
  247.000000    0.658425
  252.000000    0.666004
  257.000000    0.655426
  262.000000    0.702915
  267.000000    0.725989
  272.000000    0.750034
  277.000000    0.746290
  282.000000    0.741298
  287.000000    0.730524
  292.000000    0.736149
  297.000000    0.744961
  302.000000    0.729671
  307.000000    0.714186
  312.000000    0.730186
  317.000000    0.732184
  322.000000    0.751439
  327.000000    0.750367
  332.000000    0.746276
  337.000000    0.703773
  342.000000    0.726836
  347.000000    0.735812
  352.000000    0.727479
  357.000000    0.720535
  362.000000    0.723544
  367.000000    0.739143
  372.000000    0.722549
  377.000000    0.721268
  382.000000    0.724304
  387.000000    0.739325
  392.000000    0.741781
  397.000000    0.757642
  402.000000    0.783167
  407.000000    0.769517
  412.000000    0.790737
  417.000000    0.799953
  422.000000    0.808891
  427.000000    0.770854
  432.000000    0.754945
  437.000000    0.766681
  442.000000    0.732677
  447.000000    0.737577
  452.000000    0.726889
  457.000000    0.718589
  462.000000    0.694042
  467.000000    0.704146
  472.000000    0.711251
  477.000000    0.717068
  482.000000    0.747826
  487.000000    0.755339
  492.000000    0.756629
  497.000000    0.745362
  502.000000    0.721841
  507.000000    0.705626
  512.000000    0.737351
  517.000000    0.752850
  522.000000    0.774831
  527.000000    0.772750
  532.000000    0.765000
  537.000000    0.764281
  542.000000    0.766614
  547.000000    0.779731
  552.000000    0.769631
  557.000000    0.722119
  562.000000    0.658028
  567.000000    0.650524
  572.000000    0.646453
  577.000000    0.649525
  582.000000    0.653286
  587.000000    0.646616
  592.000000    0.684658
  597.000000    0.713896
  602.000000    0.722641
  607.000000    0.721724
  612.000000    0.736725
  617.000000    0.751413
  622.000000    0.759202
  627.000000    0.761297
  632.000000    0.733792
  637.000000    0.733984
  642.000000    0.714723
  647.000000    0.708773
  652.000000    0.708912
  657.000000    0.730458
  662.000000    0.756541
  667.000000    0.782913
  672.000000    0.815313
  677.000000    0.798981
  682.000000    0.772099
  687.000000    0.745766
  692.000000    0.723902
  697.000000    0.709273
  702.000000    0.741514
  707.000000    0.763188
  712.000000    0.790284
  717.000000    0.801629
  722.000000    0.772278
  727.000000    0.798498
  732.000000    0.795475
  737.000000    0.781065
  742.000000    0.777240
  747.000000    0.786371
  752.000000    0.762697
  757.000000    0.798266
  762.000000    0.836990
  767.000000    0.816617
  772.000000    0.828646
  777.000000    0.830561
  782.000000    0.840314
  787.000000    0.831475
  792.000000    0.811338
  797.000000    0.795768
  802.000000    0.787315
  807.000000    0.776685
  812.000000    0.764086
  817.000000    0.744354
  822.000000    0.739607
  827.000000    0.746096
  832.000000    0.730583
  837.000000    0.713828
  842.000000    0.715594
  847.000000    0.706806
  852.000000    0.713634
  857.000000    0.735133
  862.000000    0.731465
  867.000000    0.723380
  872.000000    0.754647
  877.000000    0.732422
  882.000000    0.735511
  887.000000    0.716904
  892.000000    0.731405
  897.000000    0.752625
  902.000000    0.804514
  907.000000    0.834060
  912.000000    0.856136
  917.000000    0.842601
  922.000000    0.833162
  927.000000    0.783573
  932.000000    0.759522
  937.000000    0.753657
  942.000000    0.763437
  947.000000    0.773109
  952.000000    0.767082
  957.000000    0.730996
  962.000000    0.737426
  967.000000    0.763609
  972.000000    0.771134
  977.000000    0.760111
  982.000000    0.767647
  987.000000    0.759367
  992.000000    0.739164
  997.000000    0.728167
 1002.000000    0.744567
 1007.000000    0.757139
 1012.000000    0.745605
 1017.000000    0.703443
 1022.000000    0.677619
 1027.000000    0.693575
 1032.000000    0.709310
 1037.000000    0.710120
 1042.000000    0.744285
 1047.000000    0.749854
 1052.000000    0.763141
 1057.000000    0.743210
 1062.000000    0.729427
 1067.000000    0.723170
 1072.000000    0.711502
 1077.000000    0.721468
 1082.000000    0.718710
 1087.000000    0.741206
 1092.000000    0.746640
 1097.000000    0.781821
 1102.000000    0.771618
 1107.000000    0.741787
 1112.000000    0.718075
 1117.000000    0.732329
 1122.000000    0.713516
 1127.000000    0.697059
 1132.000000    0.693602
 1137.000000    0.712559
 1142.000000    0.693696
 1147.000000    0.668965
 1152.000000    0.653406
 1157.000000    0.649146
 1162.000000    0.628545
 1167.000000    0.635296
 1172.000000    0.665299
 1177.000000    0.681230
 1182.000000    0.664036
 1187.000000    0.696959
 1192.000000    0.712415
 1197.000000    0.722306
 1202.000000    0.732481
 1207.000000    0.735218
 1212.000000    0.742344
 1217.000000    0.755869
 1222.000000    0.763249
 1227.000000    0.770370
 1232.000000    0.763647
 1237.000000    0.742151
 1242.000000    0.714139
 1247.000000    0.692095
 1252.000000    0.691954
 1257.000000    0.674668
 1262.000000    0.676569
 1267.000000    0.697952
 1272.000000    0.709275
 1277.000000    0.735579
 1282.000000    0.734113
 1287.000000    0.722892
 1292.000000    0.718032
 1297.000000    0.684013
 1302.000000    0.673620
 1307.000000    0.712768
 1312.000000    0.721579
 1317.000000    0.762956
 1322.000000    0.768563
 1327.000000    0.772011
 1332.000000    0.782049
 1337.000000    0.775175
 1342.000000    0.775494
 1347.000000    0.751104
 1352.000000    0.743247
 1357.000000    0.717889
 1362.000000    0.708583
 1367.000000    0.687981
 1372.000000    0.670702
 1377.000000    0.712777
 1382.000000    0.748570
 1387.000000    0.746650
 1392.000000    0.741554
 1397.000000    0.736446
 1402.000000    0.727628
 1407.000000    0.707145
 1412.000000    0.692793
 1417.000000    0.689827
 1422.000000    0.689573
 1427.000000    0.687378
 1432.000000    0.726454
 1437.000000    0.745496
 1442.000000    0.738499
 1447.000000    0.738985
 1452.000000    0.746896
 1457.000000    0.744595
 1462.000000    0.757387
 1467.000000    0.758860
 1472.000000    0.760944
 1477.000000    0.747767
 1482.000000    0.737848
 1487.000000    0.728830
 1492.000000    0.729058
 1497.000000    0.719769
 1502.000000    0.701530
 1507.000000    0.703113
 1512.000000    0.702754
 1517.000000    0.707915
 1522.000000    0.721792
 1527.000000    0.749137
 1532.000000    0.779738
 1537.000000    0.781542
 1542.000000    0.772878
 1547.000000    0.776964
 1552.000000    0.772866
 1557.000000    0.777711
 1562.000000    0.778060
 1567.000000    0.786807
 1572.000000    0.782826
 1577.000000    0.764734
 1582.000000    0.747147
 1587.000000    0.719025
 1592.000000    0.682282
 1597.000000    0.654254
 1602.000000    0.662278
 1607.000000    0.675834
 1612.000000    0.671837
 1617.000000    0.676388
 1622.000000    0.679014
 1627.000000    0.670830
 1632.000000    0.690618
 1637.000000    0.712583
 1642.000000    0.710298
 1647.000000    0.716644
 1652.000000    0.732237
 1657.000000    0.720827
 1662.000000    0.747654
 1667.000000    0.775607
 1672.000000    0.783087
 1677.000000    0.789735
 1682.000000    0.799619
 1687.000000    0.785798
 1692.000000    0.776522
 1697.000000    0.798420
 1702.000000    0.807807
 1707.000000    0.790769
 1712.000000    0.759812
 1717.000000    0.800281
 1722.000000    0.815650
 1727.000000    0.794983
 1732.000000    0.782554
 1737.000000    0.785023
 1742.000000    0.798711
 1747.000000    0.786045
 1752.000000    0.751482
 1757.000000    0.753861
 1762.000000    0.763635
 1767.000000    0.758278
 1772.000000    0.731307
 1777.000000    0.713540
 1782.000000    0.688736
 1787.000000    0.661173
 1792.000000    0.682149
 1797.000000    0.701305
 1802.000000    0.707139
 1807.000000    0.705414
 1812.000000    0.662576
 1817.000000    0.680665
 1822.000000    0.698138
 1827.000000    0.740284
 1832.000000    0.717177
 1837.000000    0.689648
 1842.000000    0.689274
 1847.000000    0.684959
 1852.000000    0.683461
 1857.000000    0.705430
 1862.000000    0.714329
 1867.000000    0.726499
 1872.000000    0.755068
 1877.000000    0.781712
 1882.000000    0.800946
 1887.000000    0.808000
