#  pixel_depth  alphabetafraction   >  Analysis of alpha beta fraction
  199.000000    0.803607
  204.000000    0.813476
  209.000000    0.784924
  214.000000    0.758408
  219.000000    0.725439
  224.000000    0.707910
  229.000000    0.716384
  234.000000    0.718811
  239.000000    0.729595
  244.000000    0.727972
  249.000000    0.718758
  254.000000    0.756142
  259.000000    0.769978
  264.000000    0.781724
  269.000000    0.763287
  274.000000    0.752452
  279.000000    0.731490
  284.000000    0.706465
  289.000000    0.720586
  294.000000    0.739427
  299.000000    0.757232
  304.000000    0.718993
  309.000000    0.691999
  314.000000    0.675931
  319.000000    0.692315
  324.000000    0.714202
  329.000000    0.699742
  334.000000    0.673212
  339.000000    0.666068
  344.000000    0.693360
  349.000000    0.711204
  354.000000    0.706909
  359.000000    0.699641
  364.000000    0.687385
  369.000000    0.687929
  374.000000    0.720471
  379.000000    0.747755
  384.000000    0.743998
  389.000000    0.739999
  394.000000    0.748681
  399.000000    0.746365
  404.000000    0.765081
  409.000000    0.755794
  414.000000    0.744377
  419.000000    0.732357
  424.000000    0.719184
  429.000000    0.708077
  434.000000    0.732947
  439.000000    0.770284
  444.000000    0.786718
  449.000000    0.822376
  454.000000    0.834126
  459.000000    0.827196
  464.000000    0.828052
  469.000000    0.801064
  474.000000    0.758632
  479.000000    0.746664
  484.000000    0.758785
  489.000000    0.777754
  494.000000    0.716851
  499.000000    0.686085
  504.000000    0.708654
  509.000000    0.746917
  514.000000    0.744138
  519.000000    0.772354
  524.000000    0.778445
  529.000000    0.797348
  534.000000    0.811940
  539.000000    0.808121
  544.000000    0.780019
  549.000000    0.794786
  554.000000    0.819230
  559.000000    0.817231
  564.000000    0.812677
  569.000000    0.795851
  574.000000    0.798532
  579.000000    0.791659
  584.000000    0.767854
  589.000000    0.760134
  594.000000    0.751220
  599.000000    0.753368
  604.000000    0.751101
  609.000000    0.732972
  614.000000    0.745563
  619.000000    0.744794
  624.000000    0.766478
  629.000000    0.798108
  634.000000    0.802028
  639.000000    0.792275
  644.000000    0.784136
  649.000000    0.751384
  654.000000    0.718990
  659.000000    0.721298
  664.000000    0.762228
  669.000000    0.802499
  674.000000    0.802306
  679.000000    0.796027
  684.000000    0.800702
  689.000000    0.783487
  694.000000    0.770465
  699.000000    0.740767
  704.000000    0.730648
  709.000000    0.721796
  714.000000    0.758057
  719.000000    0.781843
  724.000000    0.772969
  729.000000    0.780754
  734.000000    0.765299
  739.000000    0.748208
  744.000000    0.733496
  749.000000    0.704455
  754.000000    0.715335
  759.000000    0.693346
  764.000000    0.708221
  769.000000    0.711736
  774.000000    0.724182
  779.000000    0.728423
  784.000000    0.741014
  789.000000    0.755481
  794.000000    0.788440
  799.000000    0.787170
  804.000000    0.789362
  809.000000    0.774361
  814.000000    0.754926
  819.000000    0.733118
  824.000000    0.715296
  829.000000    0.693256
  834.000000    0.703068
  839.000000    0.727372
  844.000000    0.731266
  849.000000    0.734855
  854.000000    0.733953
  859.000000    0.760136
  864.000000    0.782706
  869.000000    0.783771
  874.000000    0.784521
  879.000000    0.793831
  884.000000    0.822693
  889.000000    0.818969
  894.000000    0.783225
  899.000000    0.782473
  904.000000    0.780705
  909.000000    0.775315
  914.000000    0.731636
  919.000000    0.700155
  924.000000    0.679552
  929.000000    0.669918
  934.000000    0.672615
  939.000000    0.682578
  944.000000    0.656723
  949.000000    0.657090
  954.000000    0.677667
  959.000000    0.716037
  964.000000    0.721471
  969.000000    0.762410
  974.000000    0.790679
  979.000000    0.812289
  984.000000    0.809923
  989.000000    0.803606
  994.000000    0.810257
  999.000000    0.795121
 1004.000000    0.756889
 1009.000000    0.741538
 1014.000000    0.735057
 1019.000000    0.751949
 1024.000000    0.752198
 1029.000000    0.740688
 1034.000000    0.731908
 1039.000000    0.725874
 1044.000000    0.723539
 1049.000000    0.749235
 1054.000000    0.765530
 1059.000000    0.762071
 1064.000000    0.728959
 1069.000000    0.740679
 1074.000000    0.737373
 1079.000000    0.738203
 1084.000000    0.737716
 1089.000000    0.750930
 1094.000000    0.743753
 1099.000000    0.768281
 1104.000000    0.776776
 1109.000000    0.765403
 1114.000000    0.783105
 1119.000000    0.787475
 1124.000000    0.779212
 1129.000000    0.757516
 1134.000000    0.759289
 1139.000000    0.763341
 1144.000000    0.733814
 1149.000000    0.713908
 1154.000000    0.683476
 1159.000000    0.659532
 1164.000000    0.664891
 1169.000000    0.685774
 1174.000000    0.667524
 1179.000000    0.675907
 1184.000000    0.682002
 1189.000000    0.699830
 1194.000000    0.735703
 1199.000000    0.763235
 1204.000000    0.767046
 1209.000000    0.797245
 1214.000000    0.842541
 1219.000000    0.855056
 1224.000000    0.828565
 1229.000000    0.802799
 1234.000000    0.807993
 1239.000000    0.822953
 1244.000000    0.797636
 1249.000000    0.766462
 1254.000000    0.734250
 1259.000000    0.726185
 1264.000000    0.713448
 1269.000000    0.711306
 1274.000000    0.703376
 1279.000000    0.723700
 1284.000000    0.710887
 1289.000000    0.693917
 1294.000000    0.713615
 1299.000000    0.743668
 1304.000000    0.720463
 1309.000000    0.740629
 1314.000000    0.763612
 1319.000000    0.773205
 1324.000000    0.758347
 1329.000000    0.768889
 1334.000000    0.774554
 1339.000000    0.728568
 1344.000000    0.694509
 1349.000000    0.688432
 1354.000000    0.708203
 1359.000000    0.710261
 1364.000000    0.696573
 1369.000000    0.678777
 1374.000000    0.678908
 1379.000000    0.709427
 1384.000000    0.690454
 1389.000000    0.692372
 1394.000000    0.703645
 1399.000000    0.707761
 1404.000000    0.704725
 1409.000000    0.693596
 1414.000000    0.691971
 1419.000000    0.669387
 1424.000000    0.693436
 1429.000000    0.680339
 1434.000000    0.685278
 1439.000000    0.676286
 1444.000000    0.701962
 1449.000000    0.735318
 1454.000000    0.748420
 1459.000000    0.739082
 1464.000000    0.752261
 1469.000000    0.735364
 1474.000000    0.681389
 1479.000000    0.648599
 1484.000000    0.650680
 1489.000000    0.678438
 1494.000000    0.684661
 1499.000000    0.685282
 1504.000000    0.708659
 1509.000000    0.741097
 1514.000000    0.724131
 1519.000000    0.731178
 1524.000000    0.750523
 1529.000000    0.773289
 1534.000000    0.782872
 1539.000000    0.803690
 1544.000000    0.798949
 1549.000000    0.774125
 1554.000000    0.751355
 1559.000000    0.749396
 1564.000000    0.758744
 1569.000000    0.769128
 1574.000000    0.774977
 1579.000000    0.750585
 1584.000000    0.745806
 1589.000000    0.734549
 1594.000000    0.705994
 1599.000000    0.645025
 1604.000000    0.614181
 1609.000000    0.619862
 1614.000000    0.617919
 1619.000000    0.640938
 1624.000000    0.690159
 1629.000000    0.733592
 1634.000000    0.760777
 1639.000000    0.769089
 1644.000000    0.784706
 1649.000000    0.789927
 1654.000000    0.791738
 1659.000000    0.755784
 1664.000000    0.737249
 1669.000000    0.743923
 1674.000000    0.744052
 1679.000000    0.761405
 1684.000000    0.752965
 1689.000000    0.744343
 1694.000000    0.742003
 1699.000000    0.753564
 1704.000000    0.742009
 1709.000000    0.736890
 1714.000000    0.749878
 1719.000000    0.746875
 1724.000000    0.739314
 1729.000000    0.755297
 1734.000000    0.773533
 1739.000000    0.769107
 1744.000000    0.759196
 1749.000000    0.769012
 1754.000000    0.768814
 1759.000000    0.764195
 1764.000000    0.721063
 1769.000000    0.681212
 1774.000000    0.668515
 1779.000000    0.660622
 1784.000000    0.667094
 1789.000000    0.683727
 1794.000000    0.697655
 1799.000000    0.701382
 1804.000000    0.703728
 1809.000000    0.695734
 1814.000000    0.716561
 1819.000000    0.766762
 1824.000000    0.775690
 1829.000000    0.804325
 1834.000000    0.813763
 1839.000000    0.796549
 1844.000000    0.795773
 1849.000000    0.785311
 1854.000000    0.791178
 1859.000000    0.783626
 1864.000000    0.747041
 1869.000000    0.726078
 1874.000000    0.691803
 1879.000000    0.687843
 1884.000000    0.659530
 1889.000000    0.674230
 1894.000000    0.676823
 1899.000000    0.706622
 1904.000000    0.721349
