#  pixel_depth  alphabetafraction   >  Analysis of alpha beta fraction
  106.000000    0.653544
  111.000000    0.640570
  116.000000    0.649762
  121.000000    0.667076
  126.000000    0.687754
  131.000000    0.676862
  136.000000    0.660796
  141.000000    0.680680
  146.000000    0.698320
  151.000000    0.702541
  156.000000    0.675770
  161.000000    0.654970
  166.000000    0.612676
  171.000000    0.567492
  176.000000    0.542330
  181.000000    0.544335
  186.000000    0.555073
  191.000000    0.568805
  196.000000    0.580773
  201.000000    0.614052
  206.000000    0.628657
  211.000000    0.630063
  216.000000    0.632349
  221.000000    0.634457
  226.000000    0.638687
  231.000000    0.625498
  236.000000    0.592887
  241.000000    0.566264
  246.000000    0.590843
  251.000000    0.615087
  256.000000    0.613263
  261.000000    0.647828
  266.000000    0.674700
  271.000000    0.652912
  276.000000    0.625586
  281.000000    0.607245
  286.000000    0.602867
  291.000000    0.616140
  296.000000    0.621205
  301.000000    0.626044
  306.000000    0.652178
  311.000000    0.654492
  316.000000    0.666859
  321.000000    0.695216
  326.000000    0.698703
  331.000000    0.715412
  336.000000    0.733313
  341.000000    0.718704
  346.000000    0.736544
  351.000000    0.768445
  356.000000    0.782002
  361.000000    0.770665
  366.000000    0.777225
  371.000000    0.764014
  376.000000    0.747817
  381.000000    0.711209
  386.000000    0.689420
  391.000000    0.656370
  396.000000    0.612854
  401.000000    0.630778
  406.000000    0.632105
  411.000000    0.658971
  416.000000    0.652211
  421.000000    0.654655
  426.000000    0.649083
  431.000000    0.633670
  436.000000    0.652535
  441.000000    0.675123
  446.000000    0.674943
  451.000000    0.651773
  456.000000    0.635253
  461.000000    0.609181
  466.000000    0.572305
  471.000000    0.573323
  476.000000    0.611445
  481.000000    0.639747
  486.000000    0.668523
  491.000000    0.662781
  496.000000    0.633624
  501.000000    0.616239
  506.000000    0.616385
  511.000000    0.603169
  516.000000    0.591938
  521.000000    0.603405
  526.000000    0.619264
  531.000000    0.629470
  536.000000    0.602205
  541.000000    0.585969
  546.000000    0.596374
  551.000000    0.617267
  556.000000    0.641005
  561.000000    0.632450
  566.000000    0.646514
  571.000000    0.658469
  576.000000    0.673777
  581.000000    0.732448
  586.000000    0.771918
  591.000000    0.789150
  596.000000    0.786693
  601.000000    0.769453
  606.000000    0.703827
  611.000000    0.679344
  616.000000    0.695404
  621.000000    0.709688
  626.000000    0.697076
  631.000000    0.670679
  636.000000    0.666764
  641.000000    0.627676
  646.000000    0.619700
  651.000000    0.640222
  656.000000    0.663387
  661.000000    0.685906
  666.000000    0.673749
  671.000000    0.655404
  676.000000    0.658631
  681.000000    0.652116
  686.000000    0.629141
  691.000000    0.606556
  696.000000    0.594036
  701.000000    0.570737
  706.000000    0.575055
  711.000000    0.594161
  716.000000    0.639574
  721.000000    0.683533
  726.000000    0.710048
  731.000000    0.728460
  736.000000    0.746187
  741.000000    0.732670
  746.000000    0.705000
  751.000000    0.683429
  756.000000    0.630379
  761.000000    0.667434
  766.000000    0.686875
  771.000000    0.664376
  776.000000    0.669399
  781.000000    0.655505
  786.000000    0.649029
  791.000000    0.631260
  796.000000    0.651641
  801.000000    0.638959
  806.000000    0.672648
  811.000000    0.695120
  816.000000    0.711711
  821.000000    0.697328
  826.000000    0.656120
  831.000000    0.637199
  836.000000    0.656493
  841.000000    0.655400
  846.000000    0.594869
  851.000000    0.614579
  856.000000    0.597183
  861.000000    0.612108
  866.000000    0.615732
  871.000000    0.618504
  876.000000    0.612902
  881.000000    0.635090
  886.000000    0.652225
  891.000000    0.682145
  896.000000    0.711455
  901.000000    0.728038
  906.000000    0.716741
  911.000000    0.710947
  916.000000    0.688880
  921.000000    0.656018
  926.000000    0.643154
  931.000000    0.667368
  936.000000    0.674858
  941.000000    0.700348
  946.000000    0.699527
  951.000000    0.734059
  956.000000    0.709011
  961.000000    0.694283
  966.000000    0.678497
  971.000000    0.683130
  976.000000    0.695922
  981.000000    0.706831
  986.000000    0.702518
  991.000000    0.689683
  996.000000    0.658657
 1001.000000    0.647868
 1006.000000    0.630766
 1011.000000    0.612258
 1016.000000    0.632454
 1021.000000    0.651032
 1026.000000    0.686197
 1031.000000    0.689728
 1036.000000    0.641885
 1041.000000    0.663987
 1046.000000    0.649843
 1051.000000    0.656705
 1056.000000    0.662968
 1061.000000    0.670700
 1066.000000    0.697951
 1071.000000    0.692856
 1076.000000    0.724948
 1081.000000    0.743682
 1086.000000    0.749148
 1091.000000    0.734048
 1096.000000    0.737712
 1101.000000    0.725727
 1106.000000    0.703303
 1111.000000    0.651124
 1116.000000    0.668768
 1121.000000    0.679310
 1126.000000    0.673628
 1131.000000    0.658389
 1136.000000    0.634085
 1141.000000    0.607457
 1146.000000    0.635551
 1151.000000    0.667773
 1156.000000    0.717729
 1161.000000    0.719234
 1166.000000    0.729706
 1171.000000    0.738054
 1176.000000    0.736669
 1181.000000    0.736307
 1186.000000    0.741912
 1191.000000    0.724031
 1196.000000    0.721232
 1201.000000    0.724377
 1206.000000    0.709626
 1211.000000    0.726550
 1216.000000    0.720287
 1221.000000    0.719132
 1226.000000    0.689997
 1231.000000    0.715175
 1236.000000    0.738263
 1241.000000    0.737710
 1246.000000    0.716741
 1251.000000    0.707941
 1256.000000    0.721746
 1261.000000    0.709314
 1266.000000    0.709996
 1271.000000    0.739114
 1276.000000    0.760404
 1281.000000    0.796965
 1286.000000    0.781767
 1291.000000    0.735422
 1296.000000    0.721562
 1301.000000    0.718329
 1306.000000    0.712213
 1311.000000    0.694699
 1316.000000    0.706699
 1321.000000    0.699628
 1326.000000    0.684662
 1331.000000    0.646204
 1336.000000    0.625988
 1341.000000    0.593205
 1346.000000    0.586574
 1351.000000    0.600996
 1356.000000    0.597226
 1361.000000    0.603982
 1366.000000    0.583392
 1371.000000    0.621116
 1376.000000    0.647644
 1381.000000    0.642959
 1386.000000    0.659000
 1391.000000    0.671658
 1396.000000    0.679599
 1401.000000    0.706464
 1406.000000    0.689527
 1411.000000    0.695222
 1416.000000    0.684237
 1421.000000    0.676129
 1426.000000    0.697344
 1431.000000    0.719924
 1436.000000    0.705470
 1441.000000    0.655817
 1446.000000    0.634942
 1451.000000    0.640017
 1456.000000    0.659852
 1461.000000    0.651706
 1466.000000    0.658827
 1471.000000    0.656913
 1476.000000    0.673897
 1481.000000    0.699816
 1486.000000    0.692857
 1491.000000    0.697963
 1496.000000    0.676937
 1501.000000    0.654948
 1506.000000    0.648683
 1511.000000    0.658663
 1516.000000    0.663326
 1521.000000    0.670440
 1526.000000    0.673256
 1531.000000    0.668594
 1536.000000    0.674874
 1541.000000    0.680342
 1546.000000    0.650452
 1551.000000    0.654468
 1556.000000    0.645691
 1561.000000    0.646841
 1566.000000    0.685701
 1571.000000    0.715275
 1576.000000    0.705348
 1581.000000    0.668494
 1586.000000    0.642150
 1591.000000    0.649161
 1596.000000    0.673106
 1601.000000    0.667468
 1606.000000    0.704463
 1611.000000    0.738605
 1616.000000    0.763824
 1621.000000    0.781722
 1626.000000    0.772521
 1631.000000    0.745017
 1636.000000    0.705766
 1641.000000    0.705483
 1646.000000    0.707340
 1651.000000    0.697560
 1656.000000    0.687499
 1661.000000    0.714791
 1666.000000    0.734330
 1671.000000    0.751014
 1676.000000    0.730159
 1681.000000    0.719151
 1686.000000    0.733774
 1691.000000    0.751590
 1696.000000    0.769332
 1701.000000    0.748464
 1706.000000    0.742962
 1711.000000    0.764105
 1716.000000    0.760408
 1721.000000    0.710976
 1726.000000    0.682621
 1731.000000    0.664168
 1736.000000    0.651510
 1741.000000    0.667713
 1746.000000    0.673642
 1751.000000    0.695620
 1756.000000    0.720174
 1761.000000    0.684162
 1766.000000    0.658388
 1771.000000    0.675672
 1776.000000    0.657962
