#  pixel_depth  alphabetafraction   >  Analysis of alpha beta fraction
    5.000000    0.638910
   10.000000    0.650945
   15.000000    0.611370
   20.000000    0.592389
   25.000000    0.588996
   30.000000    0.556784
   35.000000    0.567674
   40.000000    0.555866
   45.000000    0.559116
   50.000000    0.563108
   55.000000    0.521566
   60.000000    0.511412
   65.000000    0.518058
   70.000000    0.542610
   75.000000    0.542983
   80.000000    0.566166
   85.000000    0.582251
   90.000000    0.565766
   95.000000    0.572675
  100.000000    0.561416
  105.000000    0.580941
  110.000000    0.608840
  115.000000    0.609430
  120.000000    0.581884
  125.000000    0.581201
  130.000000    0.605298
  135.000000    0.600426
  140.000000    0.571950
  145.000000    0.550314
  150.000000    0.527117
  155.000000    0.517105
  160.000000    0.509394
  165.000000    0.529788
  170.000000    0.548472
  175.000000    0.531495
  180.000000    0.518670
  185.000000    0.504740
  190.000000    0.537842
  195.000000    0.546992
  200.000000    0.550644
  205.000000    0.539641
  210.000000    0.534929
  215.000000    0.553766
  220.000000    0.519822
  225.000000    0.518775
  230.000000    0.511145
  235.000000    0.507994
  240.000000    0.512299
  245.000000    0.518084
  250.000000    0.537632
  255.000000    0.554757
  260.000000    0.537800
  265.000000    0.523169
  270.000000    0.479005
  275.000000    0.471984
  280.000000    0.477938
  285.000000    0.472182
  290.000000    0.480140
  295.000000    0.467494
  300.000000    0.483133
  305.000000    0.498914
  310.000000    0.497825
  315.000000    0.516609
  320.000000    0.557322
  325.000000    0.536250
  330.000000    0.542460
  335.000000    0.560034
  340.000000    0.606062
  345.000000    0.583546
  350.000000    0.592170
  355.000000    0.604100
  360.000000    0.604994
  365.000000    0.640750
  370.000000    0.658043
  375.000000    0.672378
  380.000000    0.658521
  385.000000    0.641748
  390.000000    0.625133
  395.000000    0.606111
  400.000000    0.600018
  405.000000    0.613570
  410.000000    0.561712
  415.000000    0.510619
  420.000000    0.476417
  425.000000    0.474518
  430.000000    0.458093
  435.000000    0.494181
  440.000000    0.511407
  445.000000    0.517901
  450.000000    0.526041
  455.000000    0.571069
  460.000000    0.592185
  465.000000    0.607556
  470.000000    0.614489
  475.000000    0.639520
  480.000000    0.677320
  485.000000    0.705067
  490.000000    0.698649
  495.000000    0.671480
  500.000000    0.642041
  505.000000    0.626887
  510.000000    0.616286
  515.000000    0.589179
  520.000000    0.574316
  525.000000    0.592372
  530.000000    0.599286
  535.000000    0.578227
  540.000000    0.558203
  545.000000    0.573631
  550.000000    0.557176
  555.000000    0.520291
  560.000000    0.524114
  565.000000    0.474425
  570.000000    0.421107
  575.000000    0.405942
  580.000000    0.428452
  585.000000    0.435124
  590.000000    0.467897
  595.000000    0.490271
  600.000000    0.526857
  605.000000    0.541962
  610.000000    0.566938
  615.000000    0.591863
  620.000000    0.647391
  625.000000    0.688781
  630.000000    0.683774
  635.000000    0.667889
  640.000000    0.654831
  645.000000    0.639851
  650.000000    0.593675
  655.000000    0.555325
  660.000000    0.553376
  665.000000    0.554655
  670.000000    0.530086
  675.000000    0.500809
  680.000000    0.494870
  685.000000    0.546670
  690.000000    0.562039
  695.000000    0.576481
  700.000000    0.564020
  705.000000    0.547961
  710.000000    0.573216
  715.000000    0.592982
  720.000000    0.587484
  725.000000    0.569832
  730.000000    0.599797
  735.000000    0.619219
  740.000000    0.640161
  745.000000    0.653000
  750.000000    0.656859
  755.000000    0.642223
  760.000000    0.652602
  765.000000    0.661782
  770.000000    0.688686
  775.000000    0.684799
  780.000000    0.679585
  785.000000    0.650520
  790.000000    0.620777
  795.000000    0.606724
  800.000000    0.602123
  805.000000    0.598637
  810.000000    0.596716
  815.000000    0.615932
  820.000000    0.620409
  825.000000    0.643828
  830.000000    0.653544
  835.000000    0.635927
  840.000000    0.597989
  845.000000    0.582361
  850.000000    0.588192
  855.000000    0.563985
  860.000000    0.564606
  865.000000    0.566505
  870.000000    0.592835
  875.000000    0.595800
  880.000000    0.574155
  885.000000    0.565126
  890.000000    0.572251
  895.000000    0.598344
  900.000000    0.578027
  905.000000    0.587365
  910.000000    0.578681
  915.000000    0.564564
  920.000000    0.565274
  925.000000    0.551491
  930.000000    0.524915
  935.000000    0.501028
  940.000000    0.481410
  945.000000    0.448195
  950.000000    0.448120
  955.000000    0.434901
  960.000000    0.447609
  965.000000    0.416778
  970.000000    0.417801
  975.000000    0.424055
  980.000000    0.459166
  985.000000    0.486238
  990.000000    0.489019
  995.000000    0.506726
 1000.000000    0.496138
 1005.000000    0.494213
 1010.000000    0.502836
 1015.000000    0.512289
 1020.000000    0.545690
 1025.000000    0.548893
 1030.000000    0.538053
 1035.000000    0.563849
 1040.000000    0.585231
 1045.000000    0.585185
 1050.000000    0.579945
 1055.000000    0.568827
 1060.000000    0.559186
 1065.000000    0.557586
 1070.000000    0.551404
 1075.000000    0.534706
 1080.000000    0.524354
 1085.000000    0.521551
 1090.000000    0.524809
 1095.000000    0.504596
 1100.000000    0.515565
 1105.000000    0.540975
 1110.000000    0.565387
 1115.000000    0.578580
 1120.000000    0.580524
 1125.000000    0.570466
 1130.000000    0.581252
 1135.000000    0.588706
 1140.000000    0.618915
 1145.000000    0.614326
 1150.000000    0.604612
 1155.000000    0.609072
 1160.000000    0.602832
 1165.000000    0.575971
 1170.000000    0.537848
 1175.000000    0.526757
 1180.000000    0.569367
 1185.000000    0.574099
 1190.000000    0.556950
 1195.000000    0.561293
 1200.000000    0.555915
 1205.000000    0.547106
 1210.000000    0.540935
 1215.000000    0.550155
 1220.000000    0.546946
 1225.000000    0.528480
 1230.000000    0.542171
 1235.000000    0.575763
 1240.000000    0.593993
 1245.000000    0.591821
 1250.000000    0.553629
 1255.000000    0.533589
 1260.000000    0.518753
 1265.000000    0.512585
 1270.000000    0.520112
 1275.000000    0.551332
 1280.000000    0.575100
 1285.000000    0.611736
 1290.000000    0.641390
