#  pixel_depth  alphabetafraction   >  Analysis of alpha beta fraction
   36.000000    0.750930
   41.000000    0.750692
   46.000000    0.747761
   51.000000    0.729685
   56.000000    0.717714
   61.000000    0.708451
   66.000000    0.700467
   71.000000    0.716227
   76.000000    0.725836
   81.000000    0.739457
   86.000000    0.752709
   91.000000    0.744543
   96.000000    0.742200
  101.000000    0.753525
  106.000000    0.765593
  111.000000    0.785989
  116.000000    0.772399
  121.000000    0.747988
  126.000000    0.734359
  131.000000    0.727698
  136.000000    0.785971
  141.000000    0.796799
  146.000000    0.786376
  151.000000    0.756527
  156.000000    0.743813
  161.000000    0.750252
  166.000000    0.736311
  171.000000    0.733432
  176.000000    0.726747
  181.000000    0.733131
  186.000000    0.741197
  191.000000    0.739161
  196.000000    0.763663
  201.000000    0.757389
  206.000000    0.762019
  211.000000    0.768101
  216.000000    0.786488
  221.000000    0.799178
  226.000000    0.815255
  231.000000    0.841518
  236.000000    0.845242
  241.000000    0.826791
  246.000000    0.795709
  251.000000    0.761924
  256.000000    0.732144
  261.000000    0.700076
  266.000000    0.671492
  271.000000    0.654159
  276.000000    0.658062
  281.000000    0.668830
  286.000000    0.662932
  291.000000    0.692502
  296.000000    0.714017
  301.000000    0.745384
  306.000000    0.760646
  311.000000    0.731383
  316.000000    0.729859
  321.000000    0.739804
  326.000000    0.725266
  331.000000    0.725937
  336.000000    0.741605
  341.000000    0.759264
  346.000000    0.735288
  351.000000    0.714804
  356.000000    0.713199
  361.000000    0.701591
  366.000000    0.692780
  371.000000    0.727967
  376.000000    0.738352
  381.000000    0.744455
  386.000000    0.759729
  391.000000    0.773127
  396.000000    0.778684
  401.000000    0.784206
  406.000000    0.788337
  411.000000    0.795065
  416.000000    0.787394
  421.000000    0.785765
  426.000000    0.795309
  431.000000    0.776112
  436.000000    0.782196
  441.000000    0.806084
  446.000000    0.817074
  451.000000    0.807438
  456.000000    0.819318
  461.000000    0.784387
  466.000000    0.758968
  471.000000    0.768375
  476.000000    0.777574
  481.000000    0.743397
  486.000000    0.713980
  491.000000    0.693278
  496.000000    0.712190
  501.000000    0.743376
  506.000000    0.770906
  511.000000    0.762875
  516.000000    0.757236
  521.000000    0.747097
  526.000000    0.749993
  531.000000    0.725328
  536.000000    0.701356
  541.000000    0.699728
  546.000000    0.688556
  551.000000    0.696066
  556.000000    0.723295
  561.000000    0.768779
  566.000000    0.791508
  571.000000    0.818673
  576.000000    0.821742
  581.000000    0.824688
  586.000000    0.822537
  591.000000    0.828952
  596.000000    0.849755
  601.000000    0.845708
  606.000000    0.862848
  611.000000    0.829579
  616.000000    0.816151
  621.000000    0.790923
  626.000000    0.773407
  631.000000    0.755216
  636.000000    0.762364
  641.000000    0.763671
  646.000000    0.764835
  651.000000    0.746123
  656.000000    0.743547
  661.000000    0.748404
  666.000000    0.751808
  671.000000    0.752646
  676.000000    0.735677
  681.000000    0.731447
  686.000000    0.710625
  691.000000    0.688620
  696.000000    0.690596
  701.000000    0.680139
  706.000000    0.670975
  711.000000    0.647110
  716.000000    0.610331
  721.000000    0.642497
  726.000000    0.683811
  731.000000    0.728284
  736.000000    0.763431
  741.000000    0.791022
  746.000000    0.784869
  751.000000    0.779934
  756.000000    0.788558
  761.000000    0.820994
  766.000000    0.834409
  771.000000    0.834165
  776.000000    0.824592
  781.000000    0.817522
  786.000000    0.805718
  791.000000    0.788852
  796.000000    0.788748
  801.000000    0.790608
  806.000000    0.790211
  811.000000    0.784759
  816.000000    0.788618
  821.000000    0.796140
  826.000000    0.793052
  831.000000    0.805742
  836.000000    0.808829
  841.000000    0.824782
  846.000000    0.834409
  851.000000    0.840413
  856.000000    0.850916
  861.000000    0.827774
  866.000000    0.797780
  871.000000    0.792728
  876.000000    0.791818
  881.000000    0.767776
  886.000000    0.765968
  891.000000    0.781604
  896.000000    0.739377
  901.000000    0.729576
  906.000000    0.730393
  911.000000    0.746897
  916.000000    0.736829
  921.000000    0.722867
  926.000000    0.738914
  931.000000    0.779960
  936.000000    0.776308
  941.000000    0.764364
  946.000000    0.769391
  951.000000    0.790829
  956.000000    0.787340
  961.000000    0.772498
  966.000000    0.766873
  971.000000    0.726869
  976.000000    0.713764
  981.000000    0.710378
  986.000000    0.743317
  991.000000    0.747956
  996.000000    0.735525
 1001.000000    0.721256
 1006.000000    0.714359
 1011.000000    0.710854
 1016.000000    0.731870
 1021.000000    0.733309
 1026.000000    0.738864
 1031.000000    0.727863
 1036.000000    0.721894
 1041.000000    0.749965
 1046.000000    0.781568
 1051.000000    0.771118
 1056.000000    0.775364
 1061.000000    0.772623
 1066.000000    0.730721
 1071.000000    0.715427
 1076.000000    0.731788
 1081.000000    0.731514
 1086.000000    0.707768
 1091.000000    0.681561
 1096.000000    0.672751
 1101.000000    0.678968
 1106.000000    0.690855
 1111.000000    0.692480
 1116.000000    0.690572
 1121.000000    0.676836
 1126.000000    0.678700
 1131.000000    0.758480
 1136.000000    0.783579
 1141.000000    0.802226
 1146.000000    0.791591
 1151.000000    0.797067
 1156.000000    0.808393
 1161.000000    0.827696
 1166.000000    0.833836
 1171.000000    0.824903
 1176.000000    0.835470
 1181.000000    0.858818
 1186.000000    0.860583
 1191.000000    0.854269
 1196.000000    0.864291
 1201.000000    0.866902
 1206.000000    0.845398
 1211.000000    0.842625
 1216.000000    0.831263
 1221.000000    0.816087
 1226.000000    0.811281
 1231.000000    0.788805
 1236.000000    0.768588
 1241.000000    0.735923
 1246.000000    0.714063
 1251.000000    0.688350
 1256.000000    0.687595
 1261.000000    0.695385
 1266.000000    0.720165
 1271.000000    0.733013
 1276.000000    0.727544
 1281.000000    0.731312
 1286.000000    0.730174
 1291.000000    0.747035
 1296.000000    0.743254
 1301.000000    0.758697
 1306.000000    0.800340
 1311.000000    0.812657
 1316.000000    0.816258
 1321.000000    0.835092
 1326.000000    0.824986
 1331.000000    0.813422
 1336.000000    0.797483
 1341.000000    0.784078
 1346.000000    0.758173
 1351.000000    0.771249
 1356.000000    0.779465
 1361.000000    0.776421
 1366.000000    0.765796
 1371.000000    0.774368
 1376.000000    0.774086
 1381.000000    0.811722
 1386.000000    0.828340
 1391.000000    0.843470
 1396.000000    0.863083
 1401.000000    0.850406
 1406.000000    0.839986
 1411.000000    0.821974
 1416.000000    0.797802
 1421.000000    0.759392
 1426.000000    0.743558
 1431.000000    0.751542
 1436.000000    0.726442
 1441.000000    0.697825
 1446.000000    0.726645
 1451.000000    0.727458
 1456.000000    0.719807
 1461.000000    0.724620
 1466.000000    0.748213
 1471.000000    0.739979
 1476.000000    0.727132
 1481.000000    0.731805
 1486.000000    0.753388
 1491.000000    0.769850
 1496.000000    0.795089
 1501.000000    0.814796
 1506.000000    0.819037
 1511.000000    0.818852
 1516.000000    0.815187
 1521.000000    0.803214
 1526.000000    0.765346
 1531.000000    0.735234
 1536.000000    0.701637
 1541.000000    0.693352
 1546.000000    0.710107
 1551.000000    0.741060
 1556.000000    0.747293
 1561.000000    0.749129
 1566.000000    0.767169
 1571.000000    0.781276
 1576.000000    0.779094
 1581.000000    0.742487
 1586.000000    0.746668
 1591.000000    0.765596
 1596.000000    0.794368
 1601.000000    0.801431
 1606.000000    0.798288
 1611.000000    0.797770
 1616.000000    0.808586
 1621.000000    0.822478
 1626.000000    0.807072
 1631.000000    0.794773
 1636.000000    0.779009
 1641.000000    0.752453
 1646.000000    0.721796
 1651.000000    0.683563
 1656.000000    0.659456
 1661.000000    0.632224
 1666.000000    0.606326
 1671.000000    0.636183
 1676.000000    0.676601
 1681.000000    0.742084
 1686.000000    0.762967
 1691.000000    0.780475
 1696.000000    0.789947
 1701.000000    0.786993
 1706.000000    0.794321
 1711.000000    0.805833
 1716.000000    0.785272
 1721.000000    0.784555
 1726.000000    0.789500
 1731.000000    0.793363
 1736.000000    0.786010
 1741.000000    0.741580
 1746.000000    0.734726
 1751.000000    0.723883
 1756.000000    0.723346
 1761.000000    0.740420
 1766.000000    0.726544
 1771.000000    0.736702
 1776.000000    0.728041
 1781.000000    0.726534
 1786.000000    0.739435
 1791.000000    0.741484
 1796.000000    0.747133
 1801.000000    0.755591
 1806.000000    0.736395
 1811.000000    0.747594
 1816.000000    0.751919
 1821.000000    0.753347
 1826.000000    0.734845
 1831.000000    0.725194
