#  pixel_depth  alphabetafraction   >  Analysis of alpha beta fraction
    5.000000    0.741820
   10.000000    0.759475
   15.000000    0.705351
   20.000000    0.716628
   25.000000    0.739897
   30.000000    0.765323
   35.000000    0.794628
   40.000000    0.829703
   45.000000    0.820728
   50.000000    0.825030
   55.000000    0.804223
   60.000000    0.802250
   65.000000    0.787986
   70.000000    0.764891
   75.000000    0.765541
   80.000000    0.731219
   85.000000    0.708890
   90.000000    0.701432
   95.000000    0.698791
  100.000000    0.681269
  105.000000    0.684306
  110.000000    0.679865
  115.000000    0.674190
  120.000000    0.672722
  125.000000    0.690318
  130.000000    0.713024
  135.000000    0.740409
  140.000000    0.753696
  145.000000    0.749735
  150.000000    0.768791
  155.000000    0.758040
  160.000000    0.751878
  165.000000    0.766249
  170.000000    0.739026
  175.000000    0.764639
  180.000000    0.731159
  185.000000    0.768900
  190.000000    0.768442
  195.000000    0.776786
  200.000000    0.773026
  205.000000    0.751962
  210.000000    0.758885
  215.000000    0.732496
  220.000000    0.736688
  225.000000    0.702992
  230.000000    0.692260
  235.000000    0.640804
  240.000000    0.643410
  245.000000    0.656958
  250.000000    0.674216
  255.000000    0.679206
  260.000000    0.705894
  265.000000    0.737960
  270.000000    0.755698
  275.000000    0.757434
  280.000000    0.755352
  285.000000    0.742875
  290.000000    0.771056
  295.000000    0.788012
  300.000000    0.802924
  305.000000    0.814517
  310.000000    0.823987
  315.000000    0.834664
  320.000000    0.840452
  325.000000    0.843308
  330.000000    0.797114
  335.000000    0.794642
  340.000000    0.767775
  345.000000    0.746706
  350.000000    0.759914
  355.000000    0.755661
  360.000000    0.740380
  365.000000    0.740430
  370.000000    0.731155
  375.000000    0.741478
  380.000000    0.729508
  385.000000    0.722578
  390.000000    0.749450
  395.000000    0.738455
  400.000000    0.733764
  405.000000    0.778924
  410.000000    0.779565
  415.000000    0.774129
  420.000000    0.780849
  425.000000    0.755536
  430.000000    0.713136
  435.000000    0.701089
  440.000000    0.714569
  445.000000    0.703306
  450.000000    0.686100
  455.000000    0.702233
  460.000000    0.684837
  465.000000    0.673837
  470.000000    0.676086
  475.000000    0.676161
  480.000000    0.701704
  485.000000    0.704732
  490.000000    0.691978
  495.000000    0.683117
  500.000000    0.705610
  505.000000    0.708405
  510.000000    0.735438
  515.000000    0.770562
  520.000000    0.795937
  525.000000    0.839480
  530.000000    0.826445
  535.000000    0.822777
  540.000000    0.805650
  545.000000    0.810756
  550.000000    0.810970
  555.000000    0.814240
  560.000000    0.806765
  565.000000    0.788982
  570.000000    0.798675
  575.000000    0.791312
  580.000000    0.741254
  585.000000    0.699545
  590.000000    0.688617
  595.000000    0.720446
  600.000000    0.700899
  605.000000    0.690858
  610.000000    0.719978
  615.000000    0.709267
  620.000000    0.725472
  625.000000    0.771973
  630.000000    0.797712
  635.000000    0.773291
  640.000000    0.760859
  645.000000    0.751316
  650.000000    0.745850
  655.000000    0.758670
  660.000000    0.720383
  665.000000    0.740204
  670.000000    0.738687
  675.000000    0.734712
  680.000000    0.730255
  685.000000    0.733814
  690.000000    0.744840
  695.000000    0.763905
  700.000000    0.739765
  705.000000    0.689861
  710.000000    0.695569
  715.000000    0.641092
  720.000000    0.644539
  725.000000    0.635214
  730.000000    0.661732
  735.000000    0.686575
  740.000000    0.684454
  745.000000    0.671205
  750.000000    0.676161
  755.000000    0.686432
  760.000000    0.727804
  765.000000    0.724190
  770.000000    0.714508
  775.000000    0.751374
  780.000000    0.773748
  785.000000    0.791217
  790.000000    0.793283
  795.000000    0.804436
  800.000000    0.779504
  805.000000    0.743630
  810.000000    0.737438
  815.000000    0.732164
  820.000000    0.701789
  825.000000    0.695644
  830.000000    0.713499
  835.000000    0.736523
  840.000000    0.784501
  845.000000    0.803847
  850.000000    0.809185
  855.000000    0.831121
  860.000000    0.806712
  865.000000    0.782006
  870.000000    0.810225
  875.000000    0.834815
  880.000000    0.824594
  885.000000    0.821310
  890.000000    0.796183
  895.000000    0.790117
  900.000000    0.811789
  905.000000    0.799152
  910.000000    0.787878
  915.000000    0.771765
  920.000000    0.774640
  925.000000    0.770128
  930.000000    0.758260
  935.000000    0.722541
  940.000000    0.741490
  945.000000    0.718721
  950.000000    0.708125
  955.000000    0.722717
  960.000000    0.742628
  965.000000    0.737533
  970.000000    0.707948
  975.000000    0.730219
  980.000000    0.756203
  985.000000    0.751297
  990.000000    0.784392
  995.000000    0.790608
 1000.000000    0.797190
 1005.000000    0.811407
 1010.000000    0.812225
 1015.000000    0.786653
 1020.000000    0.765630
 1025.000000    0.711990
 1030.000000    0.686030
 1035.000000    0.662316
 1040.000000    0.682299
 1045.000000    0.685909
 1050.000000    0.681754
 1055.000000    0.686365
 1060.000000    0.693691
 1065.000000    0.716578
 1070.000000    0.754751
 1075.000000    0.769851
 1080.000000    0.775370
 1085.000000    0.786113
 1090.000000    0.771011
 1095.000000    0.754666
 1100.000000    0.731186
 1105.000000    0.738865
 1110.000000    0.754127
 1115.000000    0.754115
 1120.000000    0.753947
 1125.000000    0.764991
 1130.000000    0.756347
 1135.000000    0.771529
 1140.000000    0.786201
 1145.000000    0.765686
 1150.000000    0.748900
 1155.000000    0.743043
 1160.000000    0.771065
 1165.000000    0.777729
 1170.000000    0.788293
 1175.000000    0.761534
 1180.000000    0.771738
 1185.000000    0.806655
 1190.000000    0.810941
 1195.000000    0.807071
 1200.000000    0.829687
 1205.000000    0.820346
 1210.000000    0.807944
 1215.000000    0.799231
 1220.000000    0.800406
 1225.000000    0.792693
 1230.000000    0.786314
 1235.000000    0.799812
 1240.000000    0.807991
 1245.000000    0.802225
 1250.000000    0.806327
 1255.000000    0.811793
 1260.000000    0.822926
 1265.000000    0.823120
 1270.000000    0.809915
 1275.000000    0.800953
 1280.000000    0.809706
 1285.000000    0.821231
 1290.000000    0.815883
