#  pixel_depth  alphabetafraction   >  Analysis of alpha beta fraction
   97.000000    0.708847
  102.000000    0.695807
  107.000000    0.729893
  112.000000    0.739209
  117.000000    0.762864
  122.000000    0.772291
  127.000000    0.776978
  132.000000    0.780347
  137.000000    0.809713
  142.000000    0.823311
  147.000000    0.840199
  152.000000    0.839157
  157.000000    0.827424
  162.000000    0.804649
  167.000000    0.781228
  172.000000    0.817430
  177.000000    0.848787
  182.000000    0.839203
  187.000000    0.810912
  192.000000    0.793178
  197.000000    0.770069
  202.000000    0.754045
  207.000000    0.720844
  212.000000    0.710336
  217.000000    0.711113
  222.000000    0.719471
  227.000000    0.708730
  232.000000    0.694084
  237.000000    0.730820
  242.000000    0.746476
  247.000000    0.744491
  252.000000    0.746784
  257.000000    0.764317
  262.000000    0.766773
  267.000000    0.773567
  272.000000    0.776294
  277.000000    0.789621
  282.000000    0.801170
  287.000000    0.800469
  292.000000    0.798729
  297.000000    0.810855
  302.000000    0.807275
  307.000000    0.814017
  312.000000    0.836786
  317.000000    0.837791
  322.000000    0.835138
  327.000000    0.845674
  332.000000    0.844330
  337.000000    0.817643
  342.000000    0.799759
  347.000000    0.803025
  352.000000    0.790959
  357.000000    0.815617
  362.000000    0.858946
  367.000000    0.867839
  372.000000    0.870427
  377.000000    0.888406
  382.000000    0.907900
  387.000000    0.916490
  392.000000    0.910510
  397.000000    0.892319
  402.000000    0.865349
  407.000000    0.830210
  412.000000    0.825558
  417.000000    0.809729
  422.000000    0.802959
  427.000000    0.792546
  432.000000    0.771354
  437.000000    0.746937
  442.000000    0.708595
  447.000000    0.694161
  452.000000    0.647961
  457.000000    0.655771
  462.000000    0.624018
  467.000000    0.606987
  472.000000    0.613012
  477.000000    0.643929
  482.000000    0.643243
  487.000000    0.628694
  492.000000    0.650276
  497.000000    0.677715
  502.000000    0.692598
  507.000000    0.709421
  512.000000    0.725395
  517.000000    0.742342
  522.000000    0.713843
  527.000000    0.705076
  532.000000    0.717487
  537.000000    0.752068
  542.000000    0.741805
  547.000000    0.728016
  552.000000    0.716093
  557.000000    0.713224
  562.000000    0.710673
  567.000000    0.729391
  572.000000    0.745017
  577.000000    0.768380
  582.000000    0.767958
  587.000000    0.770999
  592.000000    0.782782
  597.000000    0.785178
  602.000000    0.778271
  607.000000    0.752209
  612.000000    0.733849
  617.000000    0.741458
  622.000000    0.749570
  627.000000    0.769068
  632.000000    0.783770
  637.000000    0.794535
  642.000000    0.797962
  647.000000    0.797089
  652.000000    0.797450
  657.000000    0.788128
  662.000000    0.759328
  667.000000    0.739927
  672.000000    0.726002
  677.000000    0.722844
  682.000000    0.728314
  687.000000    0.741996
  692.000000    0.733690
  697.000000    0.661034
  702.000000    0.609768
  707.000000    0.609566
  712.000000    0.657106
  717.000000    0.674381
  722.000000    0.676501
  727.000000    0.689623
  732.000000    0.701639
  737.000000    0.734521
  742.000000    0.756832
  747.000000    0.769214
  752.000000    0.773004
  757.000000    0.782364
  762.000000    0.776949
  767.000000    0.757864
  772.000000    0.796101
  777.000000    0.789530
  782.000000    0.751217
  787.000000    0.736837
  792.000000    0.728994
  797.000000    0.729140
  802.000000    0.729500
  807.000000    0.722858
  812.000000    0.729422
  817.000000    0.710434
  822.000000    0.696042
  827.000000    0.701183
  832.000000    0.708261
  837.000000    0.686205
  842.000000    0.699265
  847.000000    0.703277
  852.000000    0.671480
  857.000000    0.651741
  862.000000    0.639486
  867.000000    0.637301
  872.000000    0.645262
  877.000000    0.663112
  882.000000    0.682896
  887.000000    0.700372
  892.000000    0.723365
  897.000000    0.748718
  902.000000    0.777061
  907.000000    0.785474
  912.000000    0.764098
  917.000000    0.763488
  922.000000    0.799501
  927.000000    0.826308
  932.000000    0.849613
  937.000000    0.864029
  942.000000    0.863706
  947.000000    0.869971
  952.000000    0.864555
  957.000000    0.852244
  962.000000    0.839151
  967.000000    0.837996
  972.000000    0.827636
  977.000000    0.812747
  982.000000    0.786360
  987.000000    0.783046
  992.000000    0.806766
  997.000000    0.820109
 1002.000000    0.810463
 1007.000000    0.789414
 1012.000000    0.763914
 1017.000000    0.757388
 1022.000000    0.737245
 1027.000000    0.725024
 1032.000000    0.658827
 1037.000000    0.603841
 1042.000000    0.590336
 1047.000000    0.602733
 1052.000000    0.637202
 1057.000000    0.636827
 1062.000000    0.651940
 1067.000000    0.670514
 1072.000000    0.706069
 1077.000000    0.717783
 1082.000000    0.733539
 1087.000000    0.763912
 1092.000000    0.792074
 1097.000000    0.782869
 1102.000000    0.784929
 1107.000000    0.800734
 1112.000000    0.826083
 1117.000000    0.828102
 1122.000000    0.809298
 1127.000000    0.805480
 1132.000000    0.793904
 1137.000000    0.798053
 1142.000000    0.787139
 1147.000000    0.781109
 1152.000000    0.776045
 1157.000000    0.759461
 1162.000000    0.738305
 1167.000000    0.709720
 1172.000000    0.677953
 1177.000000    0.671791
 1182.000000    0.713642
 1187.000000    0.755217
 1192.000000    0.770115
 1197.000000    0.765478
 1202.000000    0.767315
 1207.000000    0.776327
 1212.000000    0.779559
 1217.000000    0.757627
 1222.000000    0.717317
 1227.000000    0.705078
 1232.000000    0.718398
 1237.000000    0.751668
 1242.000000    0.759421
 1247.000000    0.754858
 1252.000000    0.788738
 1257.000000    0.806294
 1262.000000    0.838677
 1267.000000    0.850096
 1272.000000    0.861521
 1277.000000    0.870259
 1282.000000    0.863513
 1287.000000    0.845453
 1292.000000    0.840632
 1297.000000    0.856876
 1302.000000    0.843515
 1307.000000    0.855196
 1312.000000    0.838944
 1317.000000    0.807508
 1322.000000    0.794655
 1327.000000    0.786121
 1332.000000    0.770416
 1337.000000    0.748189
 1342.000000    0.743135
 1347.000000    0.750662
 1352.000000    0.779602
 1357.000000    0.766153
 1362.000000    0.746811
 1367.000000    0.733294
 1372.000000    0.692200
 1377.000000    0.688711
 1382.000000    0.680463
 1387.000000    0.679622
 1392.000000    0.630179
 1397.000000    0.611482
 1402.000000    0.637538
 1407.000000    0.649856
 1412.000000    0.699678
 1417.000000    0.715899
 1422.000000    0.715252
 1427.000000    0.713416
 1432.000000    0.710912
 1437.000000    0.707950
 1442.000000    0.738415
 1447.000000    0.763980
 1452.000000    0.768334
 1457.000000    0.793528
 1462.000000    0.805415
 1467.000000    0.787392
 1472.000000    0.785268
 1477.000000    0.784660
 1482.000000    0.812943
 1487.000000    0.834128
 1492.000000    0.830724
 1497.000000    0.859452
 1502.000000    0.859346
 1507.000000    0.823312
 1512.000000    0.771311
 1517.000000    0.731531
 1522.000000    0.690310
 1527.000000    0.711914
 1532.000000    0.735043
 1537.000000    0.749158
 1542.000000    0.752038
 1547.000000    0.760193
 1552.000000    0.763121
 1557.000000    0.783143
 1562.000000    0.770863
 1567.000000    0.770883
 1572.000000    0.809364
 1577.000000    0.834677
 1582.000000    0.832539
 1587.000000    0.829598
 1592.000000    0.820018
 1597.000000    0.808509
 1602.000000    0.781487
 1607.000000    0.781959
 1612.000000    0.792401
 1617.000000    0.806598
 1622.000000    0.799236
 1627.000000    0.806445
 1632.000000    0.813666
 1637.000000    0.841830
 1642.000000    0.860038
 1647.000000    0.847541
 1652.000000    0.832768
 1657.000000    0.837487
 1662.000000    0.842642
 1667.000000    0.833434
 1672.000000    0.828428
 1677.000000    0.818944
 1682.000000    0.812620
 1687.000000    0.813395
 1692.000000    0.807375
 1697.000000    0.787272
 1702.000000    0.769240
 1707.000000    0.752622
 1712.000000    0.738744
 1717.000000    0.751722
 1722.000000    0.761933
 1727.000000    0.760978
 1732.000000    0.756652
 1737.000000    0.767201
 1742.000000    0.758044
 1747.000000    0.737421
 1752.000000    0.706408
 1757.000000    0.688640
 1762.000000    0.677098
 1767.000000    0.653401
 1772.000000    0.643635
 1777.000000    0.645992
 1782.000000    0.657441
 1787.000000    0.655759
 1792.000000    0.680271
 1797.000000    0.693724
 1802.000000    0.686890
 1807.000000    0.709795
 1812.000000    0.720317
 1817.000000    0.732920
 1822.000000    0.718272
 1827.000000    0.697517
 1832.000000    0.687067
 1837.000000    0.693999
 1842.000000    0.701594
 1847.000000    0.701022
 1852.000000    0.698869
 1857.000000    0.714739
 1862.000000    0.696575
 1867.000000    0.700046
 1872.000000    0.716447
 1877.000000    0.716444
 1882.000000    0.724892
 1887.000000    0.735939
 1892.000000    0.764513
 1897.000000    0.768906
 1902.000000    0.771422
