#  pixel_depth  alphabetafraction   >  Analysis of alpha beta fraction
   35.000000    0.951964
   40.000000    0.941606
   45.000000    0.933043
   50.000000    0.910116
   55.000000    0.877325
   60.000000    0.836274
   65.000000    0.802081
   70.000000    0.769064
   75.000000    0.733895
   80.000000    0.712771
   85.000000    0.734452
   90.000000    0.728685
   95.000000    0.747252
  100.000000    0.734588
  105.000000    0.726613
  110.000000    0.726032
  115.000000    0.722163
  120.000000    0.738948
  125.000000    0.773145
  130.000000    0.786748
  135.000000    0.787996
  140.000000    0.786714
  145.000000    0.789311
  150.000000    0.793034
  155.000000    0.778328
  160.000000    0.756772
  165.000000    0.753968
  170.000000    0.776069
  175.000000    0.765719
  180.000000    0.725153
  185.000000    0.691884
  190.000000    0.703255
  195.000000    0.731783
  200.000000    0.719788
  205.000000    0.716109
  210.000000    0.737475
  215.000000    0.765119
  220.000000    0.780350
  225.000000    0.785111
  230.000000    0.782752
  235.000000    0.801192
  240.000000    0.783802
  245.000000    0.764299
  250.000000    0.727477
  255.000000    0.701236
  260.000000    0.699039
  265.000000    0.668572
  270.000000    0.670317
  275.000000    0.684848
  280.000000    0.719713
  285.000000    0.740688
  290.000000    0.751084
  295.000000    0.768615
  300.000000    0.783602
  305.000000    0.775888
  310.000000    0.768751
  315.000000    0.748554
  320.000000    0.726715
  325.000000    0.703965
  330.000000    0.728187
  335.000000    0.730765
  340.000000    0.693976
  345.000000    0.674772
  350.000000    0.667246
  355.000000    0.669648
  360.000000    0.682798
  365.000000    0.684059
  370.000000    0.658862
  375.000000    0.651059
  380.000000    0.660584
  385.000000    0.640414
  390.000000    0.602251
  395.000000    0.558164
  400.000000    0.560753
  405.000000    0.606594
  410.000000    0.659710
  415.000000    0.714164
  420.000000    0.748511
  425.000000    0.752988
  430.000000    0.793231
  435.000000    0.813749
  440.000000    0.819082
  445.000000    0.821586
  450.000000    0.814305
  455.000000    0.771873
  460.000000    0.742968
  465.000000    0.756268
  470.000000    0.786485
  475.000000    0.810320
  480.000000    0.773770
  485.000000    0.766040
  490.000000    0.777518
  495.000000    0.753482
  500.000000    0.753217
  505.000000    0.716271
  510.000000    0.709381
  515.000000    0.722436
  520.000000    0.724774
  525.000000    0.742742
  530.000000    0.765007
  535.000000    0.787411
  540.000000    0.793345
  545.000000    0.779006
  550.000000    0.778077
  555.000000    0.764599
  560.000000    0.745646
  565.000000    0.753139
  570.000000    0.766045
  575.000000    0.732214
  580.000000    0.753986
  585.000000    0.741129
  590.000000    0.732832
  595.000000    0.726473
  600.000000    0.750098
  605.000000    0.734981
  610.000000    0.749461
  615.000000    0.762234
  620.000000    0.761544
  625.000000    0.779066
  630.000000    0.777744
  635.000000    0.789531
  640.000000    0.810925
  645.000000    0.775357
  650.000000    0.780275
  655.000000    0.797157
  660.000000    0.755796
  665.000000    0.704773
  670.000000    0.666070
  675.000000    0.689674
  680.000000    0.637126
  685.000000    0.598107
  690.000000    0.645264
  695.000000    0.607388
  700.000000    0.588914
  705.000000    0.554042
  710.000000    0.642508
  715.000000    0.701460
  720.000000    0.725021
  725.000000    0.780193
  730.000000    0.810071
  735.000000    0.825868
  740.000000    0.820729
  745.000000    0.755887
  750.000000    0.781121
  755.000000    0.763119
  760.000000    0.742763
  765.000000    0.735134
  770.000000    0.734503
  775.000000    0.729616
  780.000000    0.707711
  785.000000    0.682371
  790.000000    0.718409
  795.000000    0.709364
  800.000000    0.713562
  805.000000    0.736100
  810.000000    0.726460
  815.000000    0.719990
  820.000000    0.714445
  825.000000    0.737472
  830.000000    0.723597
  835.000000    0.727788
  840.000000    0.734337
  845.000000    0.753502
  850.000000    0.759916
  855.000000    0.792098
  860.000000    0.783284
  865.000000    0.759970
  870.000000    0.763360
  875.000000    0.790003
  880.000000    0.736111
  885.000000    0.746784
  890.000000    0.793171
  895.000000    0.769412
  900.000000    0.774216
  905.000000    0.791289
  910.000000    0.772161
  915.000000    0.744471
  920.000000    0.735939
  925.000000    0.731807
  930.000000    0.754341
  935.000000    0.782184
  940.000000    0.769017
  945.000000    0.758622
  950.000000    0.781826
  955.000000    0.780274
  960.000000    0.802738
  965.000000    0.819275
  970.000000    0.806010
  975.000000    0.774893
  980.000000    0.761456
  985.000000    0.739201
  990.000000    0.745049
  995.000000    0.754238
 1000.000000    0.743069
 1005.000000    0.730580
 1010.000000    0.745703
 1015.000000    0.751462
 1020.000000    0.763084
 1025.000000    0.793044
 1030.000000    0.797391
 1035.000000    0.823554
 1040.000000    0.834340
 1045.000000    0.820621
 1050.000000    0.802780
 1055.000000    0.796939
 1060.000000    0.762630
 1065.000000    0.749957
 1070.000000    0.758790
 1075.000000    0.776083
 1080.000000    0.751222
 1085.000000    0.758836
 1090.000000    0.785158
 1095.000000    0.791282
 1100.000000    0.827990
 1105.000000    0.833646
 1110.000000    0.829851
 1115.000000    0.822154
 1120.000000    0.818113
 1125.000000    0.813493
 1130.000000    0.834300
 1135.000000    0.841518
 1140.000000    0.822166
 1145.000000    0.798879
 1150.000000    0.776762
 1155.000000    0.760330
 1160.000000    0.741417
 1165.000000    0.737193
 1170.000000    0.736643
 1175.000000    0.708071
 1180.000000    0.685855
 1185.000000    0.667730
 1190.000000    0.670382
 1195.000000    0.662665
 1200.000000    0.703325
 1205.000000    0.719751
 1210.000000    0.736563
 1215.000000    0.710329
 1220.000000    0.693110
 1225.000000    0.675565
 1230.000000    0.679816
 1235.000000    0.658767
 1240.000000    0.663559
 1245.000000    0.674416
 1250.000000    0.703453
 1255.000000    0.707481
 1260.000000    0.724558
 1265.000000    0.775352
 1270.000000    0.788890
 1275.000000    0.777742
 1280.000000    0.779983
 1285.000000    0.802010
 1290.000000    0.815925
 1295.000000    0.813058
 1300.000000    0.796447
 1305.000000    0.783298
 1310.000000    0.775416
 1315.000000    0.800653
 1320.000000    0.795326
 1325.000000    0.761738
 1330.000000    0.714064
 1335.000000    0.685065
 1340.000000    0.717049
 1345.000000    0.751187
 1350.000000    0.732809
 1355.000000    0.720760
 1360.000000    0.697310
 1365.000000    0.689307
 1370.000000    0.640500
 1375.000000    0.642342
 1380.000000    0.666052
 1385.000000    0.660551
 1390.000000    0.661900
 1395.000000    0.697982
 1400.000000    0.708548
 1405.000000    0.745506
 1410.000000    0.754326
 1415.000000    0.735686
 1420.000000    0.723857
 1425.000000    0.706631
 1430.000000    0.671250
 1435.000000    0.649834
 1440.000000    0.659226
 1445.000000    0.640250
 1450.000000    0.644463
 1455.000000    0.639519
 1460.000000    0.666974
 1465.000000    0.668868
 1470.000000    0.675068
 1475.000000    0.695525
 1480.000000    0.721598
 1485.000000    0.764080
 1490.000000    0.771200
 1495.000000    0.787308
 1500.000000    0.807041
 1505.000000    0.797066
 1510.000000    0.748303
 1515.000000    0.716617
 1520.000000    0.693050
 1525.000000    0.711732
 1530.000000    0.740141
 1535.000000    0.754915
 1540.000000    0.766474
 1545.000000    0.755933
 1550.000000    0.746650
 1555.000000    0.717045
 1560.000000    0.750300
 1565.000000    0.762253
 1570.000000    0.767964
 1575.000000    0.754604
 1580.000000    0.788418
 1585.000000    0.774011
 1590.000000    0.743992
 1595.000000    0.746940
 1600.000000    0.735176
 1605.000000    0.759558
 1610.000000    0.815537
 1615.000000    0.798653
 1620.000000    0.786636
 1625.000000    0.755233
 1630.000000    0.731987
 1635.000000    0.718622
 1640.000000    0.683952
 1645.000000    0.680455
 1650.000000    0.662953
 1655.000000    0.669348
 1660.000000    0.660963
 1665.000000    0.654363
 1670.000000    0.667159
 1675.000000    0.681248
 1680.000000    0.719117
 1685.000000    0.713857
 1690.000000    0.685520
 1695.000000    0.695721
 1700.000000    0.709993
 1705.000000    0.732158
 1710.000000    0.731119
 1715.000000    0.672935
 1720.000000    0.650526
 1725.000000    0.644761
 1730.000000    0.666031
 1735.000000    0.681051
 1740.000000    0.699994
 1745.000000    0.730207
 1750.000000    0.726518
 1755.000000    0.751667
 1760.000000    0.734174
 1765.000000    0.698709
 1770.000000    0.690776
 1775.000000    0.751547
 1780.000000    0.786180
 1785.000000    0.787584
 1790.000000    0.764219
 1795.000000    0.741473
 1800.000000    0.770119
 1805.000000    0.744124
 1810.000000    0.720024
 1815.000000    0.728945
 1820.000000    0.753394
 1825.000000    0.752030
 1830.000000    0.755013
 1835.000000    0.744473
 1840.000000    0.752125
 1845.000000    0.733188
 1850.000000    0.742153
 1855.000000    0.775242
 1860.000000    0.795749
 1865.000000    0.822130
 1870.000000    0.815644
 1875.000000    0.780264
 1880.000000    0.755561
 1885.000000    0.765749
 1890.000000    0.747583
