#  pixel_depth  alphabetafraction   >  Analysis of alpha beta fraction
   52.000000    0.692215
   57.000000    0.692136
   62.000000    0.693075
   67.000000    0.690418
   72.000000    0.651721
   77.000000    0.562086
   82.000000    0.517674
   87.000000    0.491128
   92.000000    0.458827
   97.000000    0.453730
  102.000000    0.475077
  107.000000    0.500564
  112.000000    0.511088
  117.000000    0.518699
  122.000000    0.579296
  127.000000    0.614352
  132.000000    0.639765
  137.000000    0.641193
  142.000000    0.651367
  147.000000    0.612689
  152.000000    0.574961
  157.000000    0.589158
  162.000000    0.588179
  167.000000    0.589637
  172.000000    0.577751
  177.000000    0.591619
  182.000000    0.609704
  187.000000    0.625646
  192.000000    0.594734
  197.000000    0.558397
  202.000000    0.557325
  207.000000    0.537777
  212.000000    0.547218
  217.000000    0.557874
  222.000000    0.585800
  227.000000    0.593334
  232.000000    0.601525
  237.000000    0.583639
  242.000000    0.569736
  247.000000    0.556483
  252.000000    0.610919
  257.000000    0.637088
  262.000000    0.647180
  267.000000    0.686053
  272.000000    0.704235
  277.000000    0.689569
  282.000000    0.644798
  287.000000    0.586495
  292.000000    0.545733
  297.000000    0.509992
  302.000000    0.517925
  307.000000    0.527606
  312.000000    0.526902
  317.000000    0.545139
  322.000000    0.558149
  327.000000    0.543065
  332.000000    0.529981
  337.000000    0.522503
  342.000000    0.549883
  347.000000    0.549973
  352.000000    0.570617
  357.000000    0.571117
  362.000000    0.608288
  367.000000    0.618064
  372.000000    0.634666
  377.000000    0.629316
  382.000000    0.617997
  387.000000    0.602544
  392.000000    0.598087
  397.000000    0.585024
  402.000000    0.611089
  407.000000    0.618012
  412.000000    0.629014
  417.000000    0.670329
  422.000000    0.689828
  427.000000    0.710461
  432.000000    0.720561
  437.000000    0.740321
  442.000000    0.728696
  447.000000    0.713099
  452.000000    0.694381
  457.000000    0.681871
  462.000000    0.620794
  467.000000    0.601977
  472.000000    0.597468
  477.000000    0.613355
  482.000000    0.579405
  487.000000    0.546385
  492.000000    0.572120
  497.000000    0.597891
  502.000000    0.603879
  507.000000    0.577235
  512.000000    0.568882
  517.000000    0.545349
  522.000000    0.541054
  527.000000    0.554754
  532.000000    0.549049
  537.000000    0.559293
  542.000000    0.593287
  547.000000    0.606060
  552.000000    0.648117
  557.000000    0.639342
  562.000000    0.637680
  567.000000    0.642021
  572.000000    0.644500
  577.000000    0.637651
  582.000000    0.620694
  587.000000    0.607730
  592.000000    0.569609
  597.000000    0.537904
  602.000000    0.535029
  607.000000    0.576354
  612.000000    0.575091
  617.000000    0.573692
  622.000000    0.586187
  627.000000    0.560143
  632.000000    0.565840
  637.000000    0.584347
  642.000000    0.574486
  647.000000    0.568212
  652.000000    0.569760
  657.000000    0.568465
  662.000000    0.530152
  667.000000    0.517445
  672.000000    0.502800
  677.000000    0.514388
  682.000000    0.546645
  687.000000    0.556895
  692.000000    0.559520
  697.000000    0.558184
  702.000000    0.534237
  707.000000    0.512435
  712.000000    0.515372
  717.000000    0.525042
  722.000000    0.539120
  727.000000    0.570505
  732.000000    0.616225
  737.000000    0.633101
  742.000000    0.623723
  747.000000    0.616568
  752.000000    0.644140
  757.000000    0.620535
  762.000000    0.589007
  767.000000    0.562952
  772.000000    0.565795
  777.000000    0.591461
  782.000000    0.612553
  787.000000    0.634692
  792.000000    0.610499
  797.000000    0.605353
  802.000000    0.631814
  807.000000    0.641644
  812.000000    0.637741
  817.000000    0.610939
  822.000000    0.583904
  827.000000    0.592821
  832.000000    0.595638
  837.000000    0.604782
  842.000000    0.582943
  847.000000    0.563313
  852.000000    0.558290
  857.000000    0.582576
  862.000000    0.606855
  867.000000    0.628765
  872.000000    0.626425
  877.000000    0.620926
  882.000000    0.639575
  887.000000    0.686931
  892.000000    0.672483
  897.000000    0.670853
  902.000000    0.664961
  907.000000    0.676868
  912.000000    0.675152
  917.000000    0.662282
  922.000000    0.670592
  927.000000    0.681812
  932.000000    0.673793
  937.000000    0.679208
  942.000000    0.681488
  947.000000    0.696383
  952.000000    0.654835
  957.000000    0.619346
  962.000000    0.600233
  967.000000    0.582710
  972.000000    0.591187
  977.000000    0.632739
  982.000000    0.668896
  987.000000    0.694044
  992.000000    0.732490
  997.000000    0.743045
 1002.000000    0.737721
 1007.000000    0.741129
 1012.000000    0.746460
 1017.000000    0.699787
 1022.000000    0.707810
 1027.000000    0.702912
 1032.000000    0.699324
 1037.000000    0.680081
 1042.000000    0.661133
 1047.000000    0.649050
 1052.000000    0.654934
 1057.000000    0.666924
 1062.000000    0.678548
 1067.000000    0.671914
 1072.000000    0.657474
 1077.000000    0.650950
 1082.000000    0.659908
 1087.000000    0.674653
 1092.000000    0.675991
 1097.000000    0.699735
 1102.000000    0.714481
 1107.000000    0.705618
 1112.000000    0.698052
 1117.000000    0.696453
 1122.000000    0.663224
 1127.000000    0.654543
 1132.000000    0.661427
 1137.000000    0.649685
 1142.000000    0.666721
 1147.000000    0.688488
 1152.000000    0.671741
 1157.000000    0.650266
 1162.000000    0.648953
 1167.000000    0.635964
 1172.000000    0.599698
 1177.000000    0.604344
 1182.000000    0.634717
 1187.000000    0.636911
 1192.000000    0.617392
 1197.000000    0.610328
 1202.000000    0.628750
 1207.000000    0.607073
 1212.000000    0.594314
 1217.000000    0.600828
 1222.000000    0.652153
 1227.000000    0.680132
 1232.000000    0.679106
 1237.000000    0.683740
 1242.000000    0.677935
 1247.000000    0.663858
 1252.000000    0.663352
 1257.000000    0.647908
 1262.000000    0.627449
 1267.000000    0.608236
 1272.000000    0.606937
 1277.000000    0.615943
 1282.000000    0.627965
 1287.000000    0.620818
 1292.000000    0.638157
 1297.000000    0.630036
 1302.000000    0.605629
 1307.000000    0.620684
 1312.000000    0.619080
 1317.000000    0.568101
 1322.000000    0.551962
 1327.000000    0.567898
 1332.000000    0.586331
 1337.000000    0.584055
 1342.000000    0.590672
 1347.000000    0.618208
 1352.000000    0.630668
 1357.000000    0.601776
 1362.000000    0.613870
 1367.000000    0.672842
 1372.000000    0.692017
 1377.000000    0.687668
 1382.000000    0.692389
 1387.000000    0.681316
 1392.000000    0.694599
 1397.000000    0.683124
 1402.000000    0.677808
 1407.000000    0.678383
 1412.000000    0.652584
 1417.000000    0.636487
 1422.000000    0.601777
 1427.000000    0.612337
 1432.000000    0.640975
 1437.000000    0.615908
 1442.000000    0.590896
 1447.000000    0.591730
 1452.000000    0.637628
 1457.000000    0.671490
 1462.000000    0.694763
 1467.000000    0.705840
 1472.000000    0.689738
 1477.000000    0.665515
 1482.000000    0.669304
 1487.000000    0.654542
 1492.000000    0.646449
 1497.000000    0.654155
 1502.000000    0.670120
 1507.000000    0.647609
 1512.000000    0.619250
 1517.000000    0.620433
 1522.000000    0.605667
 1527.000000    0.590112
 1532.000000    0.593257
 1537.000000    0.594519
 1542.000000    0.592632
 1547.000000    0.599067
 1552.000000    0.665224
 1557.000000    0.693238
 1562.000000    0.688641
 1567.000000    0.700990
 1572.000000    0.701091
 1577.000000    0.685407
 1582.000000    0.685625
 1587.000000    0.688728
 1592.000000    0.709342
 1597.000000    0.717802
 1602.000000    0.704095
 1607.000000    0.701220
 1612.000000    0.700467
 1617.000000    0.702412
 1622.000000    0.685934
 1627.000000    0.676842
 1632.000000    0.661590
 1637.000000    0.697243
 1642.000000    0.699908
 1647.000000    0.703149
 1652.000000    0.692769
 1657.000000    0.711458
 1662.000000    0.724402
 1667.000000    0.739851
 1672.000000    0.726770
 1677.000000    0.701004
 1682.000000    0.716469
 1687.000000    0.725186
 1692.000000    0.743235
 1697.000000    0.777434
 1702.000000    0.758303
 1707.000000    0.743435
 1712.000000    0.738129
 1717.000000    0.718895
 1722.000000    0.678887
 1727.000000    0.683838
 1732.000000    0.680511
 1737.000000    0.708075
 1742.000000    0.730831
 1747.000000    0.751930
 1752.000000    0.750416
 1757.000000    0.744383
 1762.000000    0.706885
 1767.000000    0.693214
 1772.000000    0.716324
 1777.000000    0.738411
 1782.000000    0.748754
 1787.000000    0.750113
 1792.000000    0.721521
 1797.000000    0.710881
 1802.000000    0.724205
 1807.000000    0.704289
