#  pixel_depth  alphabetafraction   >  Analysis of alpha beta fraction
   54.000000    0.935296
   59.000000    0.906042
   64.000000    0.886380
   69.000000    0.877997
   74.000000    0.870502
   79.000000    0.850035
   84.000000    0.834878
   89.000000    0.798722
   94.000000    0.776121
   99.000000    0.772574
  104.000000    0.778886
  109.000000    0.789870
  114.000000    0.752006
  119.000000    0.744945
  124.000000    0.737980
  129.000000    0.737649
  134.000000    0.729519
  139.000000    0.714191
  144.000000    0.724245
  149.000000    0.726605
  154.000000    0.721829
  159.000000    0.737152
  164.000000    0.750158
  169.000000    0.760529
  174.000000    0.749485
  179.000000    0.751991
  184.000000    0.752698
  189.000000    0.763830
  194.000000    0.779083
  199.000000    0.768179
  204.000000    0.780846
  209.000000    0.820390
  214.000000    0.814475
  219.000000    0.798170
  224.000000    0.794246
  229.000000    0.786951
  234.000000    0.770802
  239.000000    0.755107
  244.000000    0.747963
  249.000000    0.736372
  254.000000    0.721283
  259.000000    0.688961
  264.000000    0.658628
  269.000000    0.667504
  274.000000    0.643078
  279.000000    0.653180
  284.000000    0.651149
  289.000000    0.688836
  294.000000    0.717649
  299.000000    0.719337
  304.000000    0.726026
  309.000000    0.742682
  314.000000    0.730133
  319.000000    0.735684
  324.000000    0.700517
  329.000000    0.656667
  334.000000    0.665613
  339.000000    0.648991
  344.000000    0.663308
  349.000000    0.691254
  354.000000    0.712229
  359.000000    0.703691
  364.000000    0.682270
  369.000000    0.694770
  374.000000    0.690964
  379.000000    0.717554
  384.000000    0.709366
  389.000000    0.693805
  394.000000    0.736378
  399.000000    0.746242
  404.000000    0.714421
  409.000000    0.726929
  414.000000    0.757375
  419.000000    0.757067
  424.000000    0.786707
  429.000000    0.798842
  434.000000    0.790836
  439.000000    0.781164
  444.000000    0.776717
  449.000000    0.786629
  454.000000    0.755647
  459.000000    0.741060
  464.000000    0.724899
  469.000000    0.682813
  474.000000    0.682985
  479.000000    0.700563
  484.000000    0.704003
  489.000000    0.696190
  494.000000    0.727683
  499.000000    0.740587
  504.000000    0.742687
  509.000000    0.771067
  514.000000    0.788038
  519.000000    0.798303
  524.000000    0.825806
  529.000000    0.835860
  534.000000    0.837997
  539.000000    0.805779
  544.000000    0.796759
  549.000000    0.780926
  554.000000    0.771583
  559.000000    0.775173
  564.000000    0.740211
  569.000000    0.720397
  574.000000    0.734576
  579.000000    0.767868
  584.000000    0.750160
  589.000000    0.723885
  594.000000    0.727084
  599.000000    0.685165
  604.000000    0.653890
  609.000000    0.614916
  614.000000    0.609782
  619.000000    0.622314
  624.000000    0.681646
  629.000000    0.676859
  634.000000    0.714370
  639.000000    0.699637
  644.000000    0.705091
  649.000000    0.702373
  654.000000    0.709048
  659.000000    0.740405
  664.000000    0.790885
  669.000000    0.819079
  674.000000    0.784349
  679.000000    0.761652
  684.000000    0.766090
  689.000000    0.750801
  694.000000    0.740434
  699.000000    0.775378
  704.000000    0.769718
  709.000000    0.751992
  714.000000    0.736516
  719.000000    0.787972
  724.000000    0.788182
  729.000000    0.726045
  734.000000    0.693913
  739.000000    0.697410
  744.000000    0.730959
  749.000000    0.746966
  754.000000    0.762524
  759.000000    0.768070
  764.000000    0.786621
  769.000000    0.759237
  774.000000    0.768775
  779.000000    0.772086
  784.000000    0.738856
  789.000000    0.732175
  794.000000    0.754430
  799.000000    0.776580
  804.000000    0.763679
  809.000000    0.804843
  814.000000    0.798697
  819.000000    0.827633
  824.000000    0.827123
  829.000000    0.809506
  834.000000    0.803210
  839.000000    0.801722
  844.000000    0.754376
  849.000000    0.743808
  854.000000    0.750884
  859.000000    0.772966
  864.000000    0.803663
  869.000000    0.810868
  874.000000    0.812546
  879.000000    0.779038
  884.000000    0.785136
  889.000000    0.796753
  894.000000    0.772136
  899.000000    0.776591
  904.000000    0.745804
  909.000000    0.726262
  914.000000    0.747969
  919.000000    0.773831
  924.000000    0.728941
  929.000000    0.721158
  934.000000    0.743786
  939.000000    0.716598
  944.000000    0.697220
  949.000000    0.690233
  954.000000    0.687000
  959.000000    0.684872
  964.000000    0.697400
  969.000000    0.682759
  974.000000    0.660255
  979.000000    0.659976
  984.000000    0.662926
  989.000000    0.677851
  994.000000    0.684814
  999.000000    0.697241
 1004.000000    0.698051
 1009.000000    0.719639
 1014.000000    0.663552
 1019.000000    0.667669
 1024.000000    0.684325
 1029.000000    0.722434
 1034.000000    0.734906
 1039.000000    0.685215
 1044.000000    0.699859
 1049.000000    0.759455
 1054.000000    0.785276
 1059.000000    0.790635
 1064.000000    0.794341
 1069.000000    0.799316
 1074.000000    0.825896
 1079.000000    0.793649
 1084.000000    0.805849
 1089.000000    0.834368
 1094.000000    0.841809
 1099.000000    0.840341
 1104.000000    0.833440
 1109.000000    0.806317
 1114.000000    0.802076
 1119.000000    0.794204
 1124.000000    0.805597
 1129.000000    0.773684
 1134.000000    0.770431
 1139.000000    0.758293
 1144.000000    0.757074
 1149.000000    0.756147
 1154.000000    0.755730
 1159.000000    0.773556
 1164.000000    0.754877
 1169.000000    0.767935
 1174.000000    0.778787
 1179.000000    0.779187
 1184.000000    0.783678
 1189.000000    0.797279
 1194.000000    0.808224
 1199.000000    0.780599
 1204.000000    0.794328
 1209.000000    0.800583
 1214.000000    0.802969
 1219.000000    0.805971
 1224.000000    0.762259
 1229.000000    0.779500
 1234.000000    0.793041
 1239.000000    0.797194
 1244.000000    0.793711
 1249.000000    0.747591
 1254.000000    0.764015
 1259.000000    0.757842
 1264.000000    0.757216
 1269.000000    0.760890
 1274.000000    0.744833
 1279.000000    0.731968
 1284.000000    0.704502
 1289.000000    0.743068
 1294.000000    0.743661
 1299.000000    0.766762
 1304.000000    0.784873
 1309.000000    0.791278
 1314.000000    0.784161
 1319.000000    0.789912
 1324.000000    0.790312
 1329.000000    0.781984
 1334.000000    0.789640
 1339.000000    0.759078
 1344.000000    0.755146
 1349.000000    0.733883
 1354.000000    0.741435
 1359.000000    0.744253
 1364.000000    0.739414
 1369.000000    0.705946
 1374.000000    0.696221
 1379.000000    0.711714
 1384.000000    0.661037
 1389.000000    0.633430
 1394.000000    0.609781
 1399.000000    0.674632
 1404.000000    0.675080
 1409.000000    0.707593
 1414.000000    0.728879
 1419.000000    0.735162
 1424.000000    0.752175
 1429.000000    0.774321
 1434.000000    0.775628
 1439.000000    0.789098
 1444.000000    0.786866
 1449.000000    0.766449
 1454.000000    0.730689
 1459.000000    0.719992
 1464.000000    0.714428
 1469.000000    0.705367
 1474.000000    0.737378
 1479.000000    0.741108
 1484.000000    0.745234
 1489.000000    0.711883
 1494.000000    0.685718
 1499.000000    0.684710
 1504.000000    0.719690
 1509.000000    0.732859
 1514.000000    0.731288
 1519.000000    0.740226
 1524.000000    0.768408
 1529.000000    0.774736
 1534.000000    0.772934
 1539.000000    0.817364
 1544.000000    0.780126
 1549.000000    0.799164
 1554.000000    0.794265
 1559.000000    0.801644
 1564.000000    0.829290
 1569.000000    0.831558
 1574.000000    0.805682
 1579.000000    0.807613
 1584.000000    0.845664
 1589.000000    0.827452
 1594.000000    0.796963
 1599.000000    0.778264
 1604.000000    0.787743
 1609.000000    0.762388
 1614.000000    0.744266
 1619.000000    0.711644
 1624.000000    0.737779
 1629.000000    0.757254
 1634.000000    0.748496
 1639.000000    0.730305
 1644.000000    0.744137
 1649.000000    0.751260
 1654.000000    0.781801
 1659.000000    0.803486
 1664.000000    0.773483
 1669.000000    0.739777
 1674.000000    0.732592
 1679.000000    0.735521
 1684.000000    0.728547
 1689.000000    0.733884
 1694.000000    0.748632
 1699.000000    0.754137
 1704.000000    0.679252
 1709.000000    0.673699
 1714.000000    0.716535
 1719.000000    0.741607
 1724.000000    0.776943
 1729.000000    0.774146
 1734.000000    0.768906
 1739.000000    0.760205
 1744.000000    0.793699
 1749.000000    0.805732
 1754.000000    0.799184
 1759.000000    0.788739
 1764.000000    0.784498
 1769.000000    0.786206
 1774.000000    0.788557
 1779.000000    0.768441
 1784.000000    0.755786
 1789.000000    0.757521
