#  pixel_depth  alphabetafraction   >  Analysis of alpha beta fraction
   66.000000    0.934825
   71.000000    0.915839
   76.000000    0.893374
   81.000000    0.879112
   86.000000    0.867612
   91.000000    0.866783
   96.000000    0.863267
  101.000000    0.866934
  106.000000    0.858828
  111.000000    0.849731
  116.000000    0.828733
  121.000000    0.800319
  126.000000    0.782862
  131.000000    0.791313
  136.000000    0.807641
  141.000000    0.840272
  146.000000    0.855640
  151.000000    0.859878
  156.000000    0.862844
  161.000000    0.862664
  166.000000    0.870306
  171.000000    0.886627
  176.000000    0.889865
  181.000000    0.887534
  186.000000    0.888805
  191.000000    0.854087
  196.000000    0.805839
  201.000000    0.801352
  206.000000    0.817603
  211.000000    0.818778
  216.000000    0.808354
  221.000000    0.796723
  226.000000    0.782321
  231.000000    0.783146
  236.000000    0.759854
  241.000000    0.774817
  246.000000    0.780434
  251.000000    0.767218
  256.000000    0.767227
  261.000000    0.775891
  266.000000    0.783975
  271.000000    0.803157
  276.000000    0.854311
  281.000000    0.890320
  286.000000    0.897080
  291.000000    0.905428
  296.000000    0.912634
  301.000000    0.912549
  306.000000    0.918990
  311.000000    0.939174
  316.000000    0.933502
  321.000000    0.913932
  326.000000    0.870504
  331.000000    0.805228
  336.000000    0.771295
  341.000000    0.788494
  346.000000    0.789972
  351.000000    0.797787
  356.000000    0.817435
  361.000000    0.850650
  366.000000    0.874217
  371.000000    0.873888
  376.000000    0.863610
  381.000000    0.831293
  386.000000    0.822748
  391.000000    0.791696
  396.000000    0.784978
  401.000000    0.776942
  406.000000    0.745630
  411.000000    0.756674
  416.000000    0.751990
  421.000000    0.737185
  426.000000    0.751905
  431.000000    0.757665
  436.000000    0.767314
  441.000000    0.783874
  446.000000    0.792092
  451.000000    0.776154
  456.000000    0.739067
  461.000000    0.740741
  466.000000    0.761710
  471.000000    0.780227
  476.000000    0.840258
  481.000000    0.859107
  486.000000    0.848179
  491.000000    0.851759
  496.000000    0.844069
  501.000000    0.836372
  506.000000    0.796365
  511.000000    0.747174
  516.000000    0.771726
  521.000000    0.777103
  526.000000    0.787915
  531.000000    0.803141
  536.000000    0.819144
  541.000000    0.820008
  546.000000    0.829713
  551.000000    0.839086
  556.000000    0.818863
  561.000000    0.807056
  566.000000    0.853769
  571.000000    0.863220
  576.000000    0.858882
  581.000000    0.838690
  586.000000    0.813093
  591.000000    0.791577
  596.000000    0.757345
  601.000000    0.755107
  606.000000    0.756290
  611.000000    0.774148
  616.000000    0.769628
  621.000000    0.777391
  626.000000    0.789836
  631.000000    0.777589
  636.000000    0.755397
  641.000000    0.724602
  646.000000    0.694263
  651.000000    0.736721
  656.000000    0.734243
  661.000000    0.754568
  666.000000    0.783531
  671.000000    0.789293
  676.000000    0.783341
  681.000000    0.755352
  686.000000    0.721989
  691.000000    0.741114
  696.000000    0.707720
  701.000000    0.714166
  706.000000    0.721476
  711.000000    0.730407
  716.000000    0.735750
  721.000000    0.765531
  726.000000    0.783856
  731.000000    0.810943
  736.000000    0.829583
  741.000000    0.827617
  746.000000    0.834094
  751.000000    0.846368
  756.000000    0.853279
  761.000000    0.827295
  766.000000    0.798558
  771.000000    0.815382
  776.000000    0.796689
  781.000000    0.781971
  786.000000    0.764047
  791.000000    0.749188
  796.000000    0.768839
  801.000000    0.804204
  806.000000    0.812427
  811.000000    0.795975
  816.000000    0.803375
  821.000000    0.792101
  826.000000    0.767850
  831.000000    0.779680
  836.000000    0.806275
  841.000000    0.812654
  846.000000    0.820958
  851.000000    0.816739
  856.000000    0.814520
  861.000000    0.810852
  866.000000    0.804362
  871.000000    0.802829
  876.000000    0.790791
  881.000000    0.769336
  886.000000    0.751500
  891.000000    0.698048
  896.000000    0.679535
  901.000000    0.690561
  906.000000    0.737269
  911.000000    0.782452
  916.000000    0.833400
  921.000000    0.835673
  926.000000    0.827997
  931.000000    0.818659
  936.000000    0.802920
  941.000000    0.795563
  946.000000    0.776024
  951.000000    0.766260
  956.000000    0.787908
  961.000000    0.808264
  966.000000    0.797193
  971.000000    0.795733
  976.000000    0.778513
  981.000000    0.768110
  986.000000    0.786330
  991.000000    0.832695
  996.000000    0.815424
 1001.000000    0.809378
 1006.000000    0.776770
 1011.000000    0.813315
 1016.000000    0.808113
 1021.000000    0.803292
 1026.000000    0.789171
 1031.000000    0.796368
 1036.000000    0.773833
 1041.000000    0.765185
 1046.000000    0.752435
 1051.000000    0.736701
 1056.000000    0.753566
 1061.000000    0.745307
 1066.000000    0.765836
 1071.000000    0.770627
 1076.000000    0.798112
 1081.000000    0.805465
 1086.000000    0.855329
 1091.000000    0.861007
 1096.000000    0.846652
 1101.000000    0.833643
 1106.000000    0.809245
 1111.000000    0.808409
 1116.000000    0.790643
 1121.000000    0.781821
 1126.000000    0.762656
 1131.000000    0.725755
 1136.000000    0.708096
 1141.000000    0.689495
 1146.000000    0.678778
 1151.000000    0.675583
 1156.000000    0.673744
 1161.000000    0.658402
 1166.000000    0.698412
 1171.000000    0.716156
 1176.000000    0.704070
 1181.000000    0.711770
 1186.000000    0.725344
 1191.000000    0.762639
 1196.000000    0.814872
 1201.000000    0.823760
 1206.000000    0.826876
 1211.000000    0.824778
 1216.000000    0.850782
 1221.000000    0.853824
 1226.000000    0.812521
 1231.000000    0.780211
 1236.000000    0.754921
 1241.000000    0.739639
 1246.000000    0.763196
 1251.000000    0.766418
 1256.000000    0.767794
 1261.000000    0.761983
 1266.000000    0.778225
 1271.000000    0.794473
 1276.000000    0.803543
 1281.000000    0.789186
 1286.000000    0.811965
 1291.000000    0.793268
 1296.000000    0.813140
 1301.000000    0.801953
 1306.000000    0.791222
 1311.000000    0.771347
 1316.000000    0.746225
 1321.000000    0.718353
 1326.000000    0.701225
 1331.000000    0.699458
 1336.000000    0.690658
 1341.000000    0.686571
 1346.000000    0.681588
 1351.000000    0.692464
 1356.000000    0.714911
 1361.000000    0.734231
 1366.000000    0.759040
 1371.000000    0.779985
 1376.000000    0.820151
 1381.000000    0.848886
 1386.000000    0.873833
 1391.000000    0.878489
 1396.000000    0.874859
 1401.000000    0.881903
 1406.000000    0.863458
 1411.000000    0.853078
 1416.000000    0.856351
 1421.000000    0.814323
 1426.000000    0.752535
 1431.000000    0.713135
 1436.000000    0.704932
 1441.000000    0.673593
 1446.000000    0.636841
 1451.000000    0.661403
 1456.000000    0.743383
 1461.000000    0.766922
 1466.000000    0.776184
 1471.000000    0.771683
 1476.000000    0.791415
 1481.000000    0.813230
 1486.000000    0.807402
 1491.000000    0.793838
 1496.000000    0.814766
 1501.000000    0.837577
 1506.000000    0.819936
 1511.000000    0.796463
 1516.000000    0.790871
 1521.000000    0.792099
 1526.000000    0.794543
 1531.000000    0.790327
 1536.000000    0.767489
 1541.000000    0.731876
 1546.000000    0.748621
 1551.000000    0.789412
 1556.000000    0.807136
 1561.000000    0.798938
 1566.000000    0.803244
 1571.000000    0.805420
 1576.000000    0.791442
 1581.000000    0.773573
 1586.000000    0.786861
 1591.000000    0.790904
 1596.000000    0.809042
 1601.000000    0.831304
 1606.000000    0.816304
 1611.000000    0.833279
 1616.000000    0.845194
 1621.000000    0.848528
 1626.000000    0.858969
 1631.000000    0.865330
 1636.000000    0.868830
 1641.000000    0.843251
 1646.000000    0.829175
 1651.000000    0.795485
 1656.000000    0.768879
 1661.000000    0.734074
 1666.000000    0.716222
 1671.000000    0.701504
 1676.000000    0.699847
 1681.000000    0.712898
 1686.000000    0.740501
 1691.000000    0.787048
 1696.000000    0.797455
 1701.000000    0.828700
 1706.000000    0.833587
 1711.000000    0.810524
 1716.000000    0.792061
 1721.000000    0.761057
 1726.000000    0.758574
 1731.000000    0.758607
