#  pixel_depth  alphabetafraction   >  Analysis of alpha beta fraction
   68.000000    0.709403
   73.000000    0.760515
   78.000000    0.775765
   83.000000    0.796860
   88.000000    0.771193
   93.000000    0.783151
   98.000000    0.774508
  103.000000    0.743858
  108.000000    0.713350
  113.000000    0.691712
  118.000000    0.659338
  123.000000    0.663855
  128.000000    0.683015
  133.000000    0.717516
  138.000000    0.748681
  143.000000    0.746292
  148.000000    0.733388
  153.000000    0.689614
  158.000000    0.673025
  163.000000    0.669372
  168.000000    0.655353
  173.000000    0.668794
  178.000000    0.709162
  183.000000    0.718175
  188.000000    0.750618
  193.000000    0.757031
  198.000000    0.725859
  203.000000    0.692242
  208.000000    0.681213
  213.000000    0.670887
  218.000000    0.697437
  223.000000    0.686905
  228.000000    0.690257
  233.000000    0.692773
  238.000000    0.686824
  243.000000    0.701583
  248.000000    0.695917
  253.000000    0.688421
  258.000000    0.662563
  263.000000    0.660792
  268.000000    0.632946
  273.000000    0.635805
  278.000000    0.643340
  283.000000    0.643686
  288.000000    0.657050
  293.000000    0.686764
  298.000000    0.711398
  303.000000    0.690116
  308.000000    0.685795
  313.000000    0.692451
  318.000000    0.683003
  323.000000    0.682345
  328.000000    0.705356
  333.000000    0.712374
  338.000000    0.716971
  343.000000    0.688790
  348.000000    0.658779
  353.000000    0.649696
  358.000000    0.634290
  363.000000    0.659180
  368.000000    0.669900
  373.000000    0.685533
  378.000000    0.696659
  383.000000    0.711846
  388.000000    0.738153
  393.000000    0.755730
  398.000000    0.769665
  403.000000    0.756145
  408.000000    0.765273
  413.000000    0.768800
  418.000000    0.771211
  423.000000    0.768143
  428.000000    0.772126
  433.000000    0.765791
  438.000000    0.765925
  443.000000    0.754484
  448.000000    0.729500
  453.000000    0.738245
  458.000000    0.758122
  463.000000    0.758544
  468.000000    0.761886
  473.000000    0.782401
  478.000000    0.780002
  483.000000    0.765961
  488.000000    0.762006
  493.000000    0.735361
  498.000000    0.727345
  503.000000    0.705502
  508.000000    0.663605
  513.000000    0.644650
  518.000000    0.624585
  523.000000    0.607675
  528.000000    0.607264
  533.000000    0.609326
  538.000000    0.634389
  543.000000    0.671775
  548.000000    0.713372
  553.000000    0.739471
  558.000000    0.752935
  563.000000    0.759640
  568.000000    0.758250
  573.000000    0.762350
  578.000000    0.757276
  583.000000    0.760160
  588.000000    0.763257
  593.000000    0.740471
  598.000000    0.714979
  603.000000    0.687412
  608.000000    0.676607
  613.000000    0.703234
  618.000000    0.689649
  623.000000    0.716123
  628.000000    0.749856
  633.000000    0.757587
  638.000000    0.763363
  643.000000    0.757836
  648.000000    0.761846
  653.000000    0.776119
  658.000000    0.779876
  663.000000    0.774991
  668.000000    0.792585
  673.000000    0.801374
  678.000000    0.794447
  683.000000    0.783371
  688.000000    0.796504
  693.000000    0.777303
  698.000000    0.735270
  703.000000    0.710367
  708.000000    0.728073
  713.000000    0.759218
  718.000000    0.762133
  723.000000    0.755215
  728.000000    0.748140
  733.000000    0.707056
  738.000000    0.683015
  743.000000    0.679311
  748.000000    0.668351
  753.000000    0.661902
  758.000000    0.695046
  763.000000    0.727243
  768.000000    0.768783
  773.000000    0.765584
  778.000000    0.750449
  783.000000    0.747000
  788.000000    0.784040
  793.000000    0.812323
  798.000000    0.829917
  803.000000    0.837580
  808.000000    0.832868
  813.000000    0.830985
  818.000000    0.821590
  823.000000    0.807536
  828.000000    0.786828
  833.000000    0.765942
  838.000000    0.733268
  843.000000    0.756219
  848.000000    0.766332
  853.000000    0.782579
  858.000000    0.787115
  863.000000    0.797237
  868.000000    0.814931
  873.000000    0.793910
  878.000000    0.746852
  883.000000    0.766144
  888.000000    0.788387
  893.000000    0.787741
  898.000000    0.780475
  903.000000    0.772872
  908.000000    0.770140
  913.000000    0.748588
  918.000000    0.729641
  923.000000    0.713024
  928.000000    0.694623
  933.000000    0.658599
  938.000000    0.688630
  943.000000    0.730771
  948.000000    0.730649
  953.000000    0.750108
  958.000000    0.751838
  963.000000    0.726930
  968.000000    0.706829
  973.000000    0.721507
  978.000000    0.731780
  983.000000    0.733667
  988.000000    0.749388
  993.000000    0.753959
  998.000000    0.774198
 1003.000000    0.788717
 1008.000000    0.768189
 1013.000000    0.757733
 1018.000000    0.749081
 1023.000000    0.774373
 1028.000000    0.768988
 1033.000000    0.761775
 1038.000000    0.770597
 1043.000000    0.778225
 1048.000000    0.794900
 1053.000000    0.780320
 1058.000000    0.756536
 1063.000000    0.728738
 1068.000000    0.709929
 1073.000000    0.721311
 1078.000000    0.709093
 1083.000000    0.698693
 1088.000000    0.701304
 1093.000000    0.692873
 1098.000000    0.664096
 1103.000000    0.651348
 1108.000000    0.644181
 1113.000000    0.670793
 1118.000000    0.685476
 1123.000000    0.663860
 1128.000000    0.658373
 1133.000000    0.661960
 1138.000000    0.674197
 1143.000000    0.693551
 1148.000000    0.721107
 1153.000000    0.732060
 1158.000000    0.761875
 1163.000000    0.797739
 1168.000000    0.819468
 1173.000000    0.817614
 1178.000000    0.806506
 1183.000000    0.781603
 1188.000000    0.769949
 1193.000000    0.765291
 1198.000000    0.749293
 1203.000000    0.752984
 1208.000000    0.749566
 1213.000000    0.764605
 1218.000000    0.749806
 1223.000000    0.745543
 1228.000000    0.732305
 1233.000000    0.699873
 1238.000000    0.647518
 1243.000000    0.647956
 1248.000000    0.633219
 1253.000000    0.622821
 1258.000000    0.609517
 1263.000000    0.612012
 1268.000000    0.570549
 1273.000000    0.600738
 1278.000000    0.628797
 1283.000000    0.647066
 1288.000000    0.654452
 1293.000000    0.659228
 1298.000000    0.670940
 1303.000000    0.683240
 1308.000000    0.700870
 1313.000000    0.712346
 1318.000000    0.695266
 1323.000000    0.682585
 1328.000000    0.688893
 1333.000000    0.679402
 1338.000000    0.677470
 1343.000000    0.682411
 1348.000000    0.660919
 1353.000000    0.677876
 1358.000000    0.686194
 1363.000000    0.710807
 1368.000000    0.748260
 1373.000000    0.740279
 1378.000000    0.729676
 1383.000000    0.712894
 1388.000000    0.716876
 1393.000000    0.757311
 1398.000000    0.765174
 1403.000000    0.759911
 1408.000000    0.713912
 1413.000000    0.681008
 1418.000000    0.682984
 1423.000000    0.676267
 1428.000000    0.682558
 1433.000000    0.667427
 1438.000000    0.648024
 1443.000000    0.647907
 1448.000000    0.645151
 1453.000000    0.662750
 1458.000000    0.655034
 1463.000000    0.671959
 1468.000000    0.674591
 1473.000000    0.682593
 1478.000000    0.678966
 1483.000000    0.712651
 1488.000000    0.728340
 1493.000000    0.722168
 1498.000000    0.713763
 1503.000000    0.672969
 1508.000000    0.655754
 1513.000000    0.667504
 1518.000000    0.651074
 1523.000000    0.647117
 1528.000000    0.670411
 1533.000000    0.677825
 1538.000000    0.682877
 1543.000000    0.689755
 1548.000000    0.686066
 1553.000000    0.707787
 1558.000000    0.727733
 1563.000000    0.763986
 1568.000000    0.754489
 1573.000000    0.737069
 1578.000000    0.728075
 1583.000000    0.713632
 1588.000000    0.709410
 1593.000000    0.684336
 1598.000000    0.673627
 1603.000000    0.671110
 1608.000000    0.664624
 1613.000000    0.709599
 1618.000000    0.747939
 1623.000000    0.733494
 1628.000000    0.732087
 1633.000000    0.777490
 1638.000000    0.781016
 1643.000000    0.776024
 1648.000000    0.799192
 1653.000000    0.773456
 1658.000000    0.787344
 1663.000000    0.770784
 1668.000000    0.748898
 1673.000000    0.749316
 1678.000000    0.738624
 1683.000000    0.762040
 1688.000000    0.772388
 1693.000000    0.771829
 1698.000000    0.697369
 1703.000000    0.656564
 1708.000000    0.592046
 1713.000000    0.585910
 1718.000000    0.561305
 1723.000000    0.583453
 1728.000000    0.623344
 1733.000000    0.646564
 1738.000000    0.675804
 1743.000000    0.692009
 1748.000000    0.693595
 1753.000000    0.698556
 1758.000000    0.704970
 1763.000000    0.698468
 1768.000000    0.728586
 1773.000000    0.761821
 1778.000000    0.774061
 1783.000000    0.774056
 1788.000000    0.764404
 1793.000000    0.766097
 1798.000000    0.746242
 1803.000000    0.753388
 1808.000000    0.768350
 1813.000000    0.761913
 1818.000000    0.765086
 1823.000000    0.790548
 1828.000000    0.797288
 1833.000000    0.776685
 1838.000000    0.739931
 1843.000000    0.730633
 1848.000000    0.750404
 1853.000000    0.731537
 1858.000000    0.734769
 1863.000000    0.747828
 1868.000000    0.733674
 1873.000000    0.724135
 1878.000000    0.733029
 1883.000000    0.731262
 1888.000000    0.767142
 1893.000000    0.771210
 1898.000000    0.763492
