#  pixel_depth  alphabetafraction   >  Analysis of alpha beta fraction
   40.000000    0.763329
   45.000000    0.742021
   50.000000    0.733409
   55.000000    0.694813
   60.000000    0.641580
   65.000000    0.586156
   70.000000    0.584371
   75.000000    0.603910
   80.000000    0.625191
   85.000000    0.632998
   90.000000    0.649397
   95.000000    0.659984
  100.000000    0.674466
  105.000000    0.694623
  110.000000    0.702204
  115.000000    0.695101
  120.000000    0.703350
  125.000000    0.737772
  130.000000    0.725665
  135.000000    0.742458
  140.000000    0.738729
  145.000000    0.747115
  150.000000    0.760093
  155.000000    0.794709
  160.000000    0.799210
  165.000000    0.793743
  170.000000    0.780995
  175.000000    0.759141
  180.000000    0.738738
  185.000000    0.743672
  190.000000    0.731372
  195.000000    0.747801
  200.000000    0.739266
  205.000000    0.726527
  210.000000    0.701159
  215.000000    0.684399
  220.000000    0.711023
  225.000000    0.757395
  230.000000    0.770824
  235.000000    0.774547
  240.000000    0.801991
  245.000000    0.807456
  250.000000    0.787360
  255.000000    0.757114
  260.000000    0.756143
  265.000000    0.762288
  270.000000    0.765432
  275.000000    0.766656
  280.000000    0.754298
  285.000000    0.753767
  290.000000    0.745203
  295.000000    0.713498
  300.000000    0.666825
  305.000000    0.628960
  310.000000    0.620798
  315.000000    0.634085
  320.000000    0.601473
  325.000000    0.584536
  330.000000    0.621289
  335.000000    0.610494
  340.000000    0.607334
  345.000000    0.606977
  350.000000    0.638752
  355.000000    0.656952
  360.000000    0.675411
  365.000000    0.716763
  370.000000    0.739461
  375.000000    0.763341
  380.000000    0.759217
  385.000000    0.739416
  390.000000    0.725478
  395.000000    0.736791
  400.000000    0.704293
  405.000000    0.674968
  410.000000    0.665060
  415.000000    0.646446
  420.000000    0.643549
  425.000000    0.629686
  430.000000    0.637169
  435.000000    0.628190
  440.000000    0.623507
  445.000000    0.636473
  450.000000    0.648026
  455.000000    0.647993
  460.000000    0.665771
  465.000000    0.656267
  470.000000    0.642724
  475.000000    0.658098
  480.000000    0.701160
  485.000000    0.698532
  490.000000    0.690097
  495.000000    0.714162
  500.000000    0.677913
  505.000000    0.655643
  510.000000    0.645852
  515.000000    0.680075
  520.000000    0.680291
  525.000000    0.694315
  530.000000    0.740602
  535.000000    0.748271
  540.000000    0.735685
  545.000000    0.732121
  550.000000    0.733385
  555.000000    0.732373
  560.000000    0.726655
  565.000000    0.776168
  570.000000    0.792939
  575.000000    0.773414
  580.000000    0.756348
  585.000000    0.778982
  590.000000    0.787702
  595.000000    0.801426
  600.000000    0.817812
  605.000000    0.800834
  610.000000    0.766913
  615.000000    0.747390
  620.000000    0.722828
  625.000000    0.685359
  630.000000    0.676694
  635.000000    0.680528
  640.000000    0.678322
  645.000000    0.688920
  650.000000    0.701749
  655.000000    0.716379
  660.000000    0.727704
  665.000000    0.763429
  670.000000    0.791140
  675.000000    0.831655
  680.000000    0.865450
  685.000000    0.869822
  690.000000    0.860465
  695.000000    0.856983
  700.000000    0.842866
  705.000000    0.852502
  710.000000    0.877288
  715.000000    0.892390
  720.000000    0.876989
  725.000000    0.856627
  730.000000    0.818754
  735.000000    0.759384
  740.000000    0.715597
  745.000000    0.686639
  750.000000    0.680413
  755.000000    0.679878
  760.000000    0.685460
  765.000000    0.696457
  770.000000    0.693275
  775.000000    0.687600
  780.000000    0.716649
  785.000000    0.748745
  790.000000    0.739235
  795.000000    0.724156
  800.000000    0.698221
  805.000000    0.670559
  810.000000    0.688834
  815.000000    0.673144
  820.000000    0.667706
  825.000000    0.656915
  830.000000    0.686228
  835.000000    0.706281
  840.000000    0.702128
  845.000000    0.682512
  850.000000    0.688041
  855.000000    0.698581
  860.000000    0.659589
  865.000000    0.597353
  870.000000    0.565529
  875.000000    0.606396
  880.000000    0.625130
  885.000000    0.636733
  890.000000    0.636978
  895.000000    0.683755
  900.000000    0.694308
  905.000000    0.691825
  910.000000    0.713957
  915.000000    0.745856
  920.000000    0.755903
  925.000000    0.753832
  930.000000    0.717460
  935.000000    0.704646
  940.000000    0.737419
  945.000000    0.754218
  950.000000    0.717167
  955.000000    0.711213
  960.000000    0.690239
  965.000000    0.721685
  970.000000    0.725135
  975.000000    0.746005
  980.000000    0.775105
  985.000000    0.751743
  990.000000    0.752717
  995.000000    0.754523
 1000.000000    0.765030
 1005.000000    0.780071
 1010.000000    0.785840
 1015.000000    0.773150
 1020.000000    0.750963
 1025.000000    0.743790
 1030.000000    0.740237
 1035.000000    0.708342
 1040.000000    0.675621
 1045.000000    0.645946
 1050.000000    0.641523
 1055.000000    0.646533
 1060.000000    0.632071
 1065.000000    0.659040
 1070.000000    0.650526
 1075.000000    0.633325
 1080.000000    0.584836
 1085.000000    0.619661
 1090.000000    0.676617
 1095.000000    0.659115
 1100.000000    0.648776
 1105.000000    0.642806
 1110.000000    0.643220
 1115.000000    0.654040
 1120.000000    0.685948
 1125.000000    0.730277
 1130.000000    0.765796
 1135.000000    0.769592
 1140.000000    0.741381
 1145.000000    0.755052
 1150.000000    0.748187
 1155.000000    0.776475
 1160.000000    0.817398
 1165.000000    0.817453
 1170.000000    0.798691
 1175.000000    0.784049
 1180.000000    0.769759
 1185.000000    0.782614
 1190.000000    0.770651
 1195.000000    0.764487
 1200.000000    0.751642
 1205.000000    0.752547
 1210.000000    0.733491
 1215.000000    0.751218
 1220.000000    0.780239
 1225.000000    0.807463
 1230.000000    0.812479
 1235.000000    0.827501
 1240.000000    0.830842
 1245.000000    0.772473
 1250.000000    0.695869
 1255.000000    0.686390
 1260.000000    0.685480
 1265.000000    0.653184
 1270.000000    0.655834
 1275.000000    0.643016
 1280.000000    0.666201
 1285.000000    0.679987
 1290.000000    0.694560
 1295.000000    0.706249
 1300.000000    0.740375
 1305.000000    0.779121
 1310.000000    0.795429
 1315.000000    0.804955
 1320.000000    0.795290
 1325.000000    0.767958
 1330.000000    0.745707
 1335.000000    0.724883
 1340.000000    0.696505
 1345.000000    0.656424
 1350.000000    0.614674
 1355.000000    0.616296
 1360.000000    0.618420
 1365.000000    0.617836
 1370.000000    0.611808
 1375.000000    0.624170
 1380.000000    0.606435
 1385.000000    0.598514
 1390.000000    0.607425
 1395.000000    0.630703
 1400.000000    0.640434
 1405.000000    0.665802
 1410.000000    0.696797
 1415.000000    0.725748
 1420.000000    0.744755
 1425.000000    0.760822
 1430.000000    0.777660
 1435.000000    0.786134
 1440.000000    0.757345
 1445.000000    0.753684
 1450.000000    0.763029
 1455.000000    0.735100
 1460.000000    0.730662
 1465.000000    0.722072
 1470.000000    0.696723
 1475.000000    0.693983
 1480.000000    0.663685
 1485.000000    0.666080
 1490.000000    0.629037
 1495.000000    0.650516
 1500.000000    0.663473
 1505.000000    0.668411
 1510.000000    0.668615
 1515.000000    0.664959
 1520.000000    0.661483
 1525.000000    0.653559
 1530.000000    0.622140
 1535.000000    0.603885
 1540.000000    0.602176
 1545.000000    0.628507
 1550.000000    0.586269
 1555.000000    0.509684
 1560.000000    0.488911
 1565.000000    0.531189
 1570.000000    0.555638
 1575.000000    0.577777
 1580.000000    0.592932
 1585.000000    0.613133
 1590.000000    0.611907
 1595.000000    0.646443
 1600.000000    0.673459
 1605.000000    0.706186
 1610.000000    0.695222
 1615.000000    0.681918
 1620.000000    0.656965
 1625.000000    0.639797
 1630.000000    0.634636
 1635.000000    0.639894
 1640.000000    0.671069
 1645.000000    0.655033
 1650.000000    0.663813
 1655.000000    0.656507
 1660.000000    0.649732
 1665.000000    0.672908
 1670.000000    0.666346
 1675.000000    0.652330
 1680.000000    0.648787
 1685.000000    0.656113
 1690.000000    0.616006
 1695.000000    0.640942
 1700.000000    0.679059
 1705.000000    0.734199
 1710.000000    0.775577
 1715.000000    0.760249
 1720.000000    0.753480
 1725.000000    0.740356
 1730.000000    0.711212
 1735.000000    0.696891
 1740.000000    0.697837
 1745.000000    0.683640
 1750.000000    0.664018
 1755.000000    0.638844
 1760.000000    0.610784
 1765.000000    0.603529
 1770.000000    0.605866
 1775.000000    0.605269
 1780.000000    0.638678
 1785.000000    0.690066
 1790.000000    0.711017
 1795.000000    0.724614
 1800.000000    0.723182
 1805.000000    0.724466
 1810.000000    0.689237
 1815.000000    0.681096
 1820.000000    0.668941
 1825.000000    0.641608
 1830.000000    0.651659
 1835.000000    0.673485
 1840.000000    0.655785
 1845.000000    0.642730
 1850.000000    0.630558
 1855.000000    0.593187
 1860.000000    0.587836
 1865.000000    0.592671
 1870.000000    0.559370
 1875.000000    0.601308
