#  pixel_depth  alphabetafraction   >  Analysis of alpha beta fraction
  261.000000    0.758468
  266.000000    0.747756
  271.000000    0.726763
  276.000000    0.724849
  281.000000    0.741756
  286.000000    0.742670
  291.000000    0.735099
  296.000000    0.724462
  301.000000    0.675345
  306.000000    0.644444
  311.000000    0.661504
  316.000000    0.653059
  321.000000    0.624390
  326.000000    0.624351
  331.000000    0.640241
  336.000000    0.664673
  341.000000    0.680266
  346.000000    0.702079
  351.000000    0.665647
  356.000000    0.652846
  361.000000    0.674142
  366.000000    0.658507
  371.000000    0.614343
  376.000000    0.604164
  381.000000    0.655697
  386.000000    0.685604
  391.000000    0.709106
  396.000000    0.743753
  401.000000    0.766609
  406.000000    0.753274
  411.000000    0.758090
  416.000000    0.760436
  421.000000    0.757904
  426.000000    0.755880
  431.000000    0.747817
  436.000000    0.738488
  441.000000    0.732363
  446.000000    0.748054
  451.000000    0.763608
  456.000000    0.788178
  461.000000    0.790592
  466.000000    0.779946
  471.000000    0.817395
  476.000000    0.831861
  481.000000    0.851651
  486.000000    0.864340
  491.000000    0.853278
  496.000000    0.838516
  501.000000    0.801870
  506.000000    0.804185
  511.000000    0.799043
  516.000000    0.785115
  521.000000    0.776943
  526.000000    0.749073
  531.000000    0.731734
  536.000000    0.710605
  541.000000    0.715837
  546.000000    0.729338
  551.000000    0.742146
  556.000000    0.727410
  561.000000    0.748516
  566.000000    0.764257
  571.000000    0.762566
  576.000000    0.759571
  581.000000    0.729044
  586.000000    0.660175
  591.000000    0.642880
  596.000000    0.644587
  601.000000    0.642975
  606.000000    0.677668
  611.000000    0.715064
  616.000000    0.706917
  621.000000    0.704168
  626.000000    0.731030
  631.000000    0.751835
  636.000000    0.775824
  641.000000    0.788843
  646.000000    0.812398
  651.000000    0.801785
  656.000000    0.791532
  661.000000    0.770116
  666.000000    0.732742
  671.000000    0.671948
  676.000000    0.635552
  681.000000    0.611754
  686.000000    0.571564
  691.000000    0.540032
  696.000000    0.477123
  701.000000    0.462979
  706.000000    0.471801
  711.000000    0.514166
  716.000000    0.547870
  721.000000    0.535857
  726.000000    0.526077
  731.000000    0.522137
  736.000000    0.509341
  741.000000    0.518241
  746.000000    0.530309
  751.000000    0.580735
  756.000000    0.604622
  761.000000    0.606709
  766.000000    0.645125
  771.000000    0.676396
  776.000000    0.681605
  781.000000    0.682842
  786.000000    0.663926
  791.000000    0.661047
  796.000000    0.652947
  801.000000    0.675736
  806.000000    0.652001
  811.000000    0.644405
  816.000000    0.642908
  821.000000    0.647225
  826.000000    0.691523
  831.000000    0.691718
  836.000000    0.684187
  841.000000    0.692426
  846.000000    0.711852
  851.000000    0.727715
  856.000000    0.725724
  861.000000    0.718100
  866.000000    0.709554
  871.000000    0.718258
  876.000000    0.717051
  881.000000    0.712608
  886.000000    0.694712
  891.000000    0.663954
  896.000000    0.671449
  901.000000    0.695244
  906.000000    0.690534
  911.000000    0.689799
  916.000000    0.651915
  921.000000    0.655439
  926.000000    0.682861
  931.000000    0.712691
  936.000000    0.732501
  941.000000    0.719803
  946.000000    0.678528
  951.000000    0.644573
  956.000000    0.596241
  961.000000    0.590934
  966.000000    0.589795
  971.000000    0.610420
  976.000000    0.632213
  981.000000    0.645156
  986.000000    0.647418
  991.000000    0.679203
  996.000000    0.710825
 1001.000000    0.728144
 1006.000000    0.709254
 1011.000000    0.710407
 1016.000000    0.724451
 1021.000000    0.732690
 1026.000000    0.733062
 1031.000000    0.734807
 1036.000000    0.726890
 1041.000000    0.703523
 1046.000000    0.687847
 1051.000000    0.663638
 1056.000000    0.619211
 1061.000000    0.596210
 1066.000000    0.572902
 1071.000000    0.578866
 1076.000000    0.615446
 1081.000000    0.621620
 1086.000000    0.608300
 1091.000000    0.594199
 1096.000000    0.576742
 1101.000000    0.640923
 1106.000000    0.692848
 1111.000000    0.742997
 1116.000000    0.724723
 1121.000000    0.697071
 1126.000000    0.672491
 1131.000000    0.693872
 1136.000000    0.714390
 1141.000000    0.730750
 1146.000000    0.737205
 1151.000000    0.723998
 1156.000000    0.710754
 1161.000000    0.686617
 1166.000000    0.669468
 1171.000000    0.645790
 1176.000000    0.628436
 1181.000000    0.629356
 1186.000000    0.622684
 1191.000000    0.630074
 1196.000000    0.626088
 1201.000000    0.641304
 1206.000000    0.649438
 1211.000000    0.643200
 1216.000000    0.627305
 1221.000000    0.617564
 1226.000000    0.601491
 1231.000000    0.595787
 1236.000000    0.627634
 1241.000000    0.636571
 1246.000000    0.646175
 1251.000000    0.665434
 1256.000000    0.678612
 1261.000000    0.661531
 1266.000000    0.669027
 1271.000000    0.677757
 1276.000000    0.681735
 1281.000000    0.686599
 1286.000000    0.675952
 1291.000000    0.660831
 1296.000000    0.666817
 1301.000000    0.670662
 1306.000000    0.682035
 1311.000000    0.697075
 1316.000000    0.703968
 1321.000000    0.731498
 1326.000000    0.745640
 1331.000000    0.772308
 1336.000000    0.774843
 1341.000000    0.755841
 1346.000000    0.741129
 1351.000000    0.774829
 1356.000000    0.775796
 1361.000000    0.774737
 1366.000000    0.767724
 1371.000000    0.754464
 1376.000000    0.723600
 1381.000000    0.699319
 1386.000000    0.694301
 1391.000000    0.689708
 1396.000000    0.670343
 1401.000000    0.654562
 1406.000000    0.677858
 1411.000000    0.681949
 1416.000000    0.680510
 1421.000000    0.703733
 1426.000000    0.745015
 1431.000000    0.754340
 1436.000000    0.728176
 1441.000000    0.684678
 1446.000000    0.637818
 1451.000000    0.616770
 1456.000000    0.588782
 1461.000000    0.569655
 1466.000000    0.580071
 1471.000000    0.580671
 1476.000000    0.561560
 1481.000000    0.563252
 1486.000000    0.582563
 1491.000000    0.639804
 1496.000000    0.677677
 1501.000000    0.703063
 1506.000000    0.728836
 1511.000000    0.747045
 1516.000000    0.780605
 1521.000000    0.805600
 1526.000000    0.804210
 1531.000000    0.783300
 1536.000000    0.799299
 1541.000000    0.771905
 1546.000000    0.756452
 1551.000000    0.754554
 1556.000000    0.708743
 1561.000000    0.659816
 1566.000000    0.622938
 1571.000000    0.655657
 1576.000000    0.700775
 1581.000000    0.707299
 1586.000000    0.692461
 1591.000000    0.660754
 1596.000000    0.661063
 1601.000000    0.659903
 1606.000000    0.667122
 1611.000000    0.695064
 1616.000000    0.705385
 1621.000000    0.695385
 1626.000000    0.679826
 1631.000000    0.632896
 1636.000000    0.623904
 1641.000000    0.597687
 1646.000000    0.571415
 1651.000000    0.560376
 1656.000000    0.561243
 1661.000000    0.573044
 1666.000000    0.551726
 1671.000000    0.545709
 1676.000000    0.570325
 1681.000000    0.578472
 1686.000000    0.623862
 1691.000000    0.650840
 1696.000000    0.647959
 1701.000000    0.656294
 1706.000000    0.680595
 1711.000000    0.673131
 1716.000000    0.674759
 1721.000000    0.663241
 1726.000000    0.687961
 1731.000000    0.690109
 1736.000000    0.678056
 1741.000000    0.654380
 1746.000000    0.645329
 1751.000000    0.648695
 1756.000000    0.654835
 1761.000000    0.681316
 1766.000000    0.669643
 1771.000000    0.663700
 1776.000000    0.679031
 1781.000000    0.670078
 1786.000000    0.643732
 1791.000000    0.639827
 1796.000000    0.658318
 1801.000000    0.662146
 1806.000000    0.664750
 1811.000000    0.666018
 1816.000000    0.637419
 1821.000000    0.610567
 1826.000000    0.615674
 1831.000000    0.596087
 1836.000000    0.594177
 1841.000000    0.587360
 1846.000000    0.560084
 1851.000000    0.575488
 1856.000000    0.612348
 1861.000000    0.666709
 1866.000000    0.736201
 1871.000000    0.793893
 1876.000000    0.809744
 1881.000000    0.802646
 1886.000000    0.804786
 1891.000000    0.787315
 1896.000000    0.776927
 1901.000000    0.766408
