#  pixel_depth  alphabetafraction   >  Analysis of alpha beta fraction
   47.000000    0.957801
   52.000000    0.949266
   57.000000    0.944333
   62.000000    0.925123
   67.000000    0.880273
   72.000000    0.842707
   77.000000    0.790667
   82.000000    0.778213
   87.000000    0.782027
   92.000000    0.797138
   97.000000    0.766460
  102.000000    0.754547
  107.000000    0.750343
  112.000000    0.751984
  117.000000    0.774343
  122.000000    0.778104
  127.000000    0.762986
  132.000000    0.726549
  137.000000    0.698691
  142.000000    0.670540
  147.000000    0.646033
  152.000000    0.644314
  157.000000    0.658056
  162.000000    0.674392
  167.000000    0.704467
  172.000000    0.709146
  177.000000    0.721004
  182.000000    0.737102
  187.000000    0.725401
  192.000000    0.721769
  197.000000    0.735398
  202.000000    0.751378
  207.000000    0.768193
  212.000000    0.782796
  217.000000    0.794751
  222.000000    0.801514
  227.000000    0.803558
  232.000000    0.796691
  237.000000    0.791715
  242.000000    0.805113
  247.000000    0.810757
  252.000000    0.800348
  257.000000    0.805071
  262.000000    0.755984
  267.000000    0.722595
  272.000000    0.736363
  277.000000    0.733059
  282.000000    0.721321
  287.000000    0.765038
  292.000000    0.766015
  297.000000    0.753537
  302.000000    0.721172
  307.000000    0.720028
  312.000000    0.711254
  317.000000    0.711829
  322.000000    0.731271
  327.000000    0.726879
  332.000000    0.727652
  337.000000    0.721949
  342.000000    0.751469
  347.000000    0.778659
  352.000000    0.765573
  357.000000    0.772992
  362.000000    0.791927
  367.000000    0.784354
  372.000000    0.775636
  377.000000    0.750886
  382.000000    0.724806
  387.000000    0.728644
  392.000000    0.731822
  397.000000    0.729216
  402.000000    0.750359
  407.000000    0.738255
  412.000000    0.755177
  417.000000    0.767645
  422.000000    0.754691
  427.000000    0.779661
  432.000000    0.781644
  437.000000    0.794245
  442.000000    0.803534
  447.000000    0.786145
  452.000000    0.789021
  457.000000    0.805197
  462.000000    0.826519
  467.000000    0.844257
  472.000000    0.815888
  477.000000    0.788084
  482.000000    0.764322
  487.000000    0.721596
  492.000000    0.709264
  497.000000    0.727758
  502.000000    0.700284
  507.000000    0.687872
  512.000000    0.688604
  517.000000    0.682236
  522.000000    0.679443
  527.000000    0.681895
  532.000000    0.707709
  537.000000    0.762015
  542.000000    0.783133
  547.000000    0.779424
  552.000000    0.803212
  557.000000    0.813680
  562.000000    0.773172
  567.000000    0.782745
  572.000000    0.810268
  577.000000    0.802865
  582.000000    0.776550
  587.000000    0.778184
  592.000000    0.798718
  597.000000    0.826070
  602.000000    0.795606
  607.000000    0.801722
  612.000000    0.832410
  617.000000    0.820682
  622.000000    0.833992
  627.000000    0.850612
  632.000000    0.827449
  637.000000    0.801115
  642.000000    0.792938
  647.000000    0.761768
  652.000000    0.755391
  657.000000    0.800761
  662.000000    0.776610
  667.000000    0.780019
  672.000000    0.781259
  677.000000    0.794435
  682.000000    0.798079
  687.000000    0.799908
  692.000000    0.791269
  697.000000    0.772940
  702.000000    0.771494
  707.000000    0.766442
  712.000000    0.753998
  717.000000    0.753552
  722.000000    0.745811
  727.000000    0.726686
  732.000000    0.750613
  737.000000    0.782903
  742.000000    0.795041
  747.000000    0.798927
  752.000000    0.767683
  757.000000    0.759330
  762.000000    0.760521
  767.000000    0.741292
  772.000000    0.712830
  777.000000    0.718454
  782.000000    0.722818
  787.000000    0.764879
  792.000000    0.803462
  797.000000    0.796422
  802.000000    0.804813
  807.000000    0.792935
  812.000000    0.784377
  817.000000    0.768567
  822.000000    0.726774
  827.000000    0.725104
  832.000000    0.760309
  837.000000    0.763002
  842.000000    0.760595
  847.000000    0.743603
  852.000000    0.759495
  857.000000    0.761544
  862.000000    0.774099
  867.000000    0.757721
  872.000000    0.755511
  877.000000    0.761546
  882.000000    0.765826
  887.000000    0.748446
  892.000000    0.736191
  897.000000    0.728661
  902.000000    0.714664
  907.000000    0.702659
  912.000000    0.708690
  917.000000    0.697726
  922.000000    0.715667
  927.000000    0.695269
  932.000000    0.696551
  937.000000    0.708228
  942.000000    0.721092
  947.000000    0.731697
  952.000000    0.768770
  957.000000    0.736572
  962.000000    0.741780
  967.000000    0.737288
  972.000000    0.738078
  977.000000    0.716574
  982.000000    0.735100
  987.000000    0.752373
  992.000000    0.753249
  997.000000    0.756809
 1002.000000    0.747450
 1007.000000    0.746714
 1012.000000    0.759453
 1017.000000    0.771661
 1022.000000    0.786418
 1027.000000    0.773688
 1032.000000    0.777074
 1037.000000    0.793005
 1042.000000    0.772791
 1047.000000    0.744276
 1052.000000    0.750093
 1057.000000    0.734252
 1062.000000    0.726234
 1067.000000    0.703370
 1072.000000    0.713208
 1077.000000    0.721599
 1082.000000    0.731819
 1087.000000    0.735563
 1092.000000    0.738199
 1097.000000    0.756819
 1102.000000    0.769737
 1107.000000    0.780847
 1112.000000    0.802904
 1117.000000    0.825055
 1122.000000    0.807798
 1127.000000    0.813626
 1132.000000    0.789878
 1137.000000    0.789004
 1142.000000    0.821213
 1147.000000    0.798361
 1152.000000    0.788250
 1157.000000    0.786363
 1162.000000    0.756588
 1167.000000    0.735882
 1172.000000    0.726820
 1177.000000    0.717539
 1182.000000    0.722916
 1187.000000    0.737360
 1192.000000    0.747055
 1197.000000    0.733064
 1202.000000    0.759343
 1207.000000    0.747537
 1212.000000    0.719400
 1217.000000    0.726004
 1222.000000    0.722420
 1227.000000    0.721095
 1232.000000    0.748416
 1237.000000    0.758505
 1242.000000    0.733143
 1247.000000    0.699340
 1252.000000    0.697795
 1257.000000    0.720988
 1262.000000    0.695142
 1267.000000    0.686151
 1272.000000    0.659942
 1277.000000    0.649802
 1282.000000    0.654862
 1287.000000    0.664045
 1292.000000    0.678440
 1297.000000    0.691435
 1302.000000    0.674650
 1307.000000    0.709591
 1312.000000    0.722110
 1317.000000    0.735819
 1322.000000    0.722749
 1327.000000    0.720331
 1332.000000    0.715077
 1337.000000    0.716211
 1342.000000    0.729547
 1347.000000    0.702429
 1352.000000    0.687977
 1357.000000    0.669092
 1362.000000    0.671794
 1367.000000    0.690724
 1372.000000    0.661264
 1377.000000    0.686224
 1382.000000    0.705921
 1387.000000    0.728605
 1392.000000    0.733236
 1397.000000    0.727969
 1402.000000    0.727008
 1407.000000    0.748019
 1412.000000    0.736520
 1417.000000    0.747926
 1422.000000    0.717468
 1427.000000    0.699390
 1432.000000    0.677541
 1437.000000    0.692432
 1442.000000    0.699067
 1447.000000    0.676512
 1452.000000    0.657521
 1457.000000    0.640379
 1462.000000    0.632831
 1467.000000    0.633244
 1472.000000    0.617084
 1477.000000    0.590030
 1482.000000    0.598687
 1487.000000    0.654975
 1492.000000    0.699406
 1497.000000    0.711035
 1502.000000    0.724754
 1507.000000    0.753655
 1512.000000    0.758464
 1517.000000    0.747831
 1522.000000    0.731358
 1527.000000    0.711208
 1532.000000    0.712969
 1537.000000    0.712332
 1542.000000    0.705923
 1547.000000    0.728150
 1552.000000    0.677858
 1557.000000    0.671899
 1562.000000    0.691990
 1567.000000    0.708347
 1572.000000    0.733604
 1577.000000    0.760388
 1582.000000    0.784234
 1587.000000    0.756851
 1592.000000    0.763136
 1597.000000    0.775127
 1602.000000    0.785661
 1607.000000    0.811031
 1612.000000    0.824807
 1617.000000    0.835353
 1622.000000    0.868481
 1627.000000    0.875586
 1632.000000    0.858953
 1637.000000    0.848488
 1642.000000    0.816113
 1647.000000    0.810122
 1652.000000    0.801253
 1657.000000    0.747199
 1662.000000    0.751824
 1667.000000    0.762240
 1672.000000    0.764998
 1677.000000    0.752487
 1682.000000    0.729557
 1687.000000    0.743556
 1692.000000    0.773770
 1697.000000    0.758269
 1702.000000    0.760594
 1707.000000    0.752520
 1712.000000    0.741327
 1717.000000    0.736109
 1722.000000    0.723881
 1727.000000    0.721330
 1732.000000    0.715368
 1737.000000    0.720850
 1742.000000    0.726590
 1747.000000    0.715265
 1752.000000    0.693975
 1757.000000    0.680957
 1762.000000    0.702621
 1767.000000    0.703285
 1772.000000    0.698028
 1777.000000    0.718099
 1782.000000    0.724959
 1787.000000    0.697447
 1792.000000    0.719612
 1797.000000    0.733881
 1802.000000    0.754999
