#  pixel_depth  alphabetafraction   >  Analysis of alpha beta fraction
  191.000000    0.642645
  196.000000    0.633728
  201.000000    0.628925
  206.000000    0.648640
  211.000000    0.679819
  216.000000    0.699646
  221.000000    0.720201
  226.000000    0.753441
  231.000000    0.782279
  236.000000    0.791856
  241.000000    0.781993
  246.000000    0.761982
  251.000000    0.739555
  256.000000    0.736750
  261.000000    0.740071
  266.000000    0.743545
  271.000000    0.720475
  276.000000    0.684145
  281.000000    0.690204
  286.000000    0.685630
  291.000000    0.690035
  296.000000    0.704357
  301.000000    0.717462
  306.000000    0.728851
  311.000000    0.720296
  316.000000    0.715573
  321.000000    0.735389
  326.000000    0.749091
  331.000000    0.724867
  336.000000    0.731927
  341.000000    0.715774
  346.000000    0.710622
  351.000000    0.726149
  356.000000    0.727345
  361.000000    0.758668
  366.000000    0.800971
  371.000000    0.819130
  376.000000    0.827444
  381.000000    0.799859
  386.000000    0.736344
  391.000000    0.753254
  396.000000    0.744150
  401.000000    0.772875
  406.000000    0.789630
  411.000000    0.797829
  416.000000    0.786962
  421.000000    0.759970
  426.000000    0.736130
  431.000000    0.693778
  436.000000    0.675013
  441.000000    0.696424
  446.000000    0.707620
  451.000000    0.731752
  456.000000    0.741033
  461.000000    0.744519
  466.000000    0.767379
  471.000000    0.763217
  476.000000    0.765652
  481.000000    0.765779
  486.000000    0.751003
  491.000000    0.718252
  496.000000    0.689937
  501.000000    0.684003
  506.000000    0.686341
  511.000000    0.718208
  516.000000    0.735348
  521.000000    0.752125
  526.000000    0.740918
  531.000000    0.749842
  536.000000    0.771938
  541.000000    0.738732
  546.000000    0.723663
  551.000000    0.709024
  556.000000    0.694987
  561.000000    0.669157
  566.000000    0.653022
  571.000000    0.656778
  576.000000    0.643448
  581.000000    0.639920
  586.000000    0.665161
  591.000000    0.684448
  596.000000    0.659609
  601.000000    0.694452
  606.000000    0.718043
  611.000000    0.749848
  616.000000    0.753151
  621.000000    0.726134
  626.000000    0.718724
  631.000000    0.720173
  636.000000    0.717481
  641.000000    0.704954
  646.000000    0.702619
  651.000000    0.699108
  656.000000    0.695693
  661.000000    0.664674
  666.000000    0.705590
  671.000000    0.740262
  676.000000    0.734482
  681.000000    0.708663
  686.000000    0.752948
  691.000000    0.773172
  696.000000    0.779910
  701.000000    0.790097
  706.000000    0.792371
  711.000000    0.799470
  716.000000    0.789524
  721.000000    0.779498
  726.000000    0.756982
  731.000000    0.745393
  736.000000    0.736327
  741.000000    0.727742
  746.000000    0.734978
  751.000000    0.724552
  756.000000    0.721951
  761.000000    0.702864
  766.000000    0.689789
  771.000000    0.692535
  776.000000    0.700755
  781.000000    0.689145
  786.000000    0.667691
  791.000000    0.699469
  796.000000    0.724769
  801.000000    0.738369
  806.000000    0.738976
  811.000000    0.739950
  816.000000    0.738125
  821.000000    0.739607
  826.000000    0.727847
  831.000000    0.706097
  836.000000    0.680437
  841.000000    0.688506
  846.000000    0.680727
  851.000000    0.694166
  856.000000    0.719971
  861.000000    0.746114
  866.000000    0.775799
  871.000000    0.783780
  876.000000    0.785896
  881.000000    0.783985
  886.000000    0.776384
  891.000000    0.774550
  896.000000    0.757942
  901.000000    0.731139
  906.000000    0.702134
  911.000000    0.692995
  916.000000    0.707729
  921.000000    0.721417
  926.000000    0.724614
  931.000000    0.745711
  936.000000    0.744816
  941.000000    0.737600
  946.000000    0.733334
  951.000000    0.719953
  956.000000    0.709955
  961.000000    0.710330
  966.000000    0.711635
  971.000000    0.742556
  976.000000    0.767742
  981.000000    0.761778
  986.000000    0.760402
  991.000000    0.771295
  996.000000    0.728036
 1001.000000    0.712380
 1006.000000    0.724514
 1011.000000    0.732522
 1016.000000    0.723240
 1021.000000    0.683614
 1026.000000    0.678288
 1031.000000    0.674206
 1036.000000    0.719541
 1041.000000    0.754679
 1046.000000    0.763701
 1051.000000    0.754424
 1056.000000    0.768691
 1061.000000    0.787400
 1066.000000    0.795368
 1071.000000    0.791518
 1076.000000    0.786515
 1081.000000    0.765201
 1086.000000    0.733613
 1091.000000    0.705578
 1096.000000    0.684220
 1101.000000    0.641574
 1106.000000    0.600022
 1111.000000    0.588950
 1116.000000    0.583736
 1121.000000    0.591832
 1126.000000    0.630378
 1131.000000    0.664143
 1136.000000    0.696929
 1141.000000    0.722945
 1146.000000    0.751811
 1151.000000    0.784006
 1156.000000    0.795824
 1161.000000    0.793383
 1166.000000    0.794864
 1171.000000    0.799667
 1176.000000    0.782715
 1181.000000    0.756585
 1186.000000    0.728117
 1191.000000    0.708810
 1196.000000    0.688369
 1201.000000    0.683046
 1206.000000    0.693102
 1211.000000    0.661539
 1216.000000    0.709563
 1221.000000    0.742385
 1226.000000    0.776662
 1231.000000    0.769240
 1236.000000    0.762458
 1241.000000    0.741646
 1246.000000    0.712046
 1251.000000    0.696505
 1256.000000    0.669563
 1261.000000    0.635977
 1266.000000    0.640860
 1271.000000    0.648806
 1276.000000    0.625903
 1281.000000    0.624853
 1286.000000    0.652727
 1291.000000    0.683625
 1296.000000    0.721773
 1301.000000    0.712287
 1306.000000    0.696627
 1311.000000    0.690636
 1316.000000    0.682020
 1321.000000    0.705451
 1326.000000    0.718798
 1331.000000    0.703046
 1336.000000    0.680135
 1341.000000    0.682326
 1346.000000    0.664784
 1351.000000    0.652080
 1356.000000    0.641312
 1361.000000    0.673141
 1366.000000    0.695262
 1371.000000    0.689959
 1376.000000    0.663233
 1381.000000    0.656433
 1386.000000    0.644949
 1391.000000    0.621191
 1396.000000    0.622112
 1401.000000    0.623700
 1406.000000    0.645574
 1411.000000    0.657638
 1416.000000    0.704438
 1421.000000    0.728215
 1426.000000    0.730970
 1431.000000    0.744165
 1436.000000    0.782156
 1441.000000    0.779696
 1446.000000    0.794363
 1451.000000    0.787064
 1456.000000    0.779516
 1461.000000    0.795664
 1466.000000    0.792154
 1471.000000    0.775972
 1476.000000    0.737276
 1481.000000    0.744592
 1486.000000    0.733011
 1491.000000    0.720621
 1496.000000    0.708724
 1501.000000    0.675217
 1506.000000    0.673513
 1511.000000    0.678215
 1516.000000    0.676414
 1521.000000    0.661441
 1526.000000    0.625562
 1531.000000    0.634912
 1536.000000    0.630178
 1541.000000    0.618364
 1546.000000    0.588834
 1551.000000    0.604637
 1556.000000    0.663385
 1561.000000    0.672733
 1566.000000    0.667412
 1571.000000    0.705431
 1576.000000    0.759682
 1581.000000    0.800689
 1586.000000    0.809508
 1591.000000    0.810394
 1596.000000    0.805336
 1601.000000    0.789846
 1606.000000    0.775643
 1611.000000    0.760168
 1616.000000    0.743463
 1621.000000    0.741046
 1626.000000    0.727686
 1631.000000    0.720646
 1636.000000    0.741662
 1641.000000    0.744616
 1646.000000    0.761493
 1651.000000    0.776615
 1656.000000    0.772182
 1661.000000    0.775701
 1666.000000    0.753270
 1671.000000    0.752671
 1676.000000    0.746290
 1681.000000    0.737360
 1686.000000    0.737850
 1691.000000    0.762153
 1696.000000    0.750624
 1701.000000    0.753692
 1706.000000    0.758036
 1711.000000    0.758519
 1716.000000    0.750543
 1721.000000    0.741552
 1726.000000    0.766516
 1731.000000    0.784915
 1736.000000    0.780856
 1741.000000    0.733408
 1746.000000    0.748911
 1751.000000    0.772970
 1756.000000    0.772392
 1761.000000    0.730875
 1766.000000    0.711418
 1771.000000    0.712036
 1776.000000    0.691070
 1781.000000    0.665235
 1786.000000    0.691661
 1791.000000    0.715287
 1796.000000    0.699482
 1801.000000    0.701431
 1806.000000    0.729199
 1811.000000    0.764952
 1816.000000    0.776588
 1821.000000    0.806312
 1826.000000    0.832505
 1831.000000    0.827362
 1836.000000    0.788285
 1841.000000    0.782861
 1846.000000    0.767071
 1851.000000    0.731265
 1856.000000    0.735988
 1861.000000    0.724091
 1866.000000    0.715756
 1871.000000    0.697887
 1876.000000    0.663594
 1881.000000    0.655729
 1886.000000    0.661479
 1891.000000    0.664785
 1896.000000    0.705174
 1901.000000    0.757173
 1906.000000    0.779205
 1911.000000    0.808661
 1916.000000    0.805377
 1921.000000    0.793821
 1926.000000    0.814758
 1931.000000    0.815124
 1936.000000    0.814634
 1941.000000    0.782093
