#  pixel_depth  alphabetafraction   >  Analysis of alpha beta fraction
   65.000000    0.632179
   70.000000    0.671155
   75.000000    0.683190
   80.000000    0.675880
   85.000000    0.640010
   90.000000    0.625317
   95.000000    0.600743
  100.000000    0.598422
  105.000000    0.631982
  110.000000    0.639514
  115.000000    0.669658
  120.000000    0.687551
  125.000000    0.670363
  130.000000    0.660659
  135.000000    0.657882
  140.000000    0.661577
  145.000000    0.649816
  150.000000    0.636672
  155.000000    0.647617
  160.000000    0.644674
  165.000000    0.648064
  170.000000    0.662779
  175.000000    0.662483
  180.000000    0.650939
  185.000000    0.622543
  190.000000    0.605726
  195.000000    0.593874
  200.000000    0.587578
  205.000000    0.596992
  210.000000    0.615083
  215.000000    0.620969
  220.000000    0.617945
  225.000000    0.628183
  230.000000    0.654793
  235.000000    0.623951
  240.000000    0.612058
  245.000000    0.598935
  250.000000    0.571930
  255.000000    0.545367
  260.000000    0.541628
  265.000000    0.537603
  270.000000    0.531702
  275.000000    0.533674
  280.000000    0.547335
  285.000000    0.604278
  290.000000    0.668077
  295.000000    0.702272
  300.000000    0.727763
  305.000000    0.744218
  310.000000    0.773775
  315.000000    0.767535
  320.000000    0.735833
  325.000000    0.721367
  330.000000    0.727156
  335.000000    0.678549
  340.000000    0.640947
  345.000000    0.578047
  350.000000    0.528271
  355.000000    0.533350
  360.000000    0.568917
  365.000000    0.575180
  370.000000    0.556560
  375.000000    0.537991
  380.000000    0.547364
  385.000000    0.552396
  390.000000    0.549473
  395.000000    0.573401
  400.000000    0.566226
  405.000000    0.528340
  410.000000    0.548373
  415.000000    0.587407
  420.000000    0.597389
  425.000000    0.627994
  430.000000    0.645329
  435.000000    0.673016
  440.000000    0.676114
  445.000000    0.663251
  450.000000    0.674191
  455.000000    0.639823
  460.000000    0.629891
  465.000000    0.674190
  470.000000    0.674565
  475.000000    0.685940
  480.000000    0.676886
  485.000000    0.682951
  490.000000    0.680115
  495.000000    0.669845
  500.000000    0.681738
  505.000000    0.696411
  510.000000    0.712441
  515.000000    0.682694
  520.000000    0.636708
  525.000000    0.613145
  530.000000    0.611450
  535.000000    0.632360
  540.000000    0.660216
  545.000000    0.682042
  550.000000    0.711932
  555.000000    0.729042
  560.000000    0.725031
  565.000000    0.734073
  570.000000    0.672281
  575.000000    0.652011
  580.000000    0.660673
  585.000000    0.637828
  590.000000    0.598076
  595.000000    0.565951
  600.000000    0.545901
  605.000000    0.540459
  610.000000    0.498152
  615.000000    0.485849
  620.000000    0.464736
  625.000000    0.491053
  630.000000    0.509658
  635.000000    0.529516
  640.000000    0.534274
  645.000000    0.554077
  650.000000    0.568489
  655.000000    0.586708
  660.000000    0.624555
  665.000000    0.624908
  670.000000    0.614435
  675.000000    0.604133
  680.000000    0.609117
  685.000000    0.620609
  690.000000    0.638409
  695.000000    0.655521
  700.000000    0.660201
  705.000000    0.641259
  710.000000    0.633483
  715.000000    0.648895
  720.000000    0.658585
  725.000000    0.659925
  730.000000    0.642251
  735.000000    0.651491
  740.000000    0.617997
  745.000000    0.617274
  750.000000    0.618385
  755.000000    0.622937
  760.000000    0.590444
  765.000000    0.536140
  770.000000    0.555634
  775.000000    0.573152
  780.000000    0.601492
  785.000000    0.623685
  790.000000    0.653982
  795.000000    0.704536
  800.000000    0.703745
  805.000000    0.691196
  810.000000    0.695459
  815.000000    0.678488
  820.000000    0.648425
  825.000000    0.653248
  830.000000    0.658467
  835.000000    0.707654
  840.000000    0.716105
  845.000000    0.677542
  850.000000    0.653005
  855.000000    0.624793
  860.000000    0.671640
  865.000000    0.686396
  870.000000    0.647142
  875.000000    0.588905
  880.000000    0.560846
  885.000000    0.551812
  890.000000    0.553119
  895.000000    0.581086
  900.000000    0.594500
  905.000000    0.590594
  910.000000    0.593792
  915.000000    0.638572
  920.000000    0.647859
  925.000000    0.673353
  930.000000    0.673782
  935.000000    0.670824
  940.000000    0.670147
  945.000000    0.684162
  950.000000    0.673068
  955.000000    0.691150
  960.000000    0.696366
  965.000000    0.665604
  970.000000    0.637405
  975.000000    0.621845
  980.000000    0.636272
  985.000000    0.659115
  990.000000    0.655822
  995.000000    0.661721
 1000.000000    0.655086
 1005.000000    0.654234
 1010.000000    0.644949
 1015.000000    0.652249
 1020.000000    0.647438
 1025.000000    0.620372
 1030.000000    0.607439
 1035.000000    0.602599
 1040.000000    0.607093
 1045.000000    0.626996
 1050.000000    0.640812
 1055.000000    0.615790
 1060.000000    0.600251
 1065.000000    0.587644
 1070.000000    0.627061
 1075.000000    0.679696
 1080.000000    0.711270
 1085.000000    0.734872
 1090.000000    0.727657
 1095.000000    0.692470
 1100.000000    0.665738
 1105.000000    0.634709
 1110.000000    0.621017
 1115.000000    0.607974
 1120.000000    0.563004
 1125.000000    0.567142
 1130.000000    0.571704
 1135.000000    0.546066
 1140.000000    0.548804
 1145.000000    0.540623
 1150.000000    0.552287
 1155.000000    0.549358
 1160.000000    0.524847
 1165.000000    0.506373
 1170.000000    0.523533
 1175.000000    0.544074
 1180.000000    0.573833
 1185.000000    0.565120
 1190.000000    0.565822
 1195.000000    0.544454
 1200.000000    0.551870
 1205.000000    0.538848
 1210.000000    0.559156
 1215.000000    0.583842
 1220.000000    0.612228
 1225.000000    0.653379
 1230.000000    0.651207
 1235.000000    0.637218
 1240.000000    0.636762
 1245.000000    0.615649
 1250.000000    0.600074
 1255.000000    0.590776
 1260.000000    0.588406
 1265.000000    0.576213
 1270.000000    0.559116
 1275.000000    0.543461
 1280.000000    0.578796
 1285.000000    0.601355
 1290.000000    0.618449
 1295.000000    0.633647
 1300.000000    0.687058
 1305.000000    0.705057
 1310.000000    0.688189
 1315.000000    0.691810
 1320.000000    0.690155
 1325.000000    0.677099
 1330.000000    0.661744
 1335.000000    0.629181
 1340.000000    0.598709
 1345.000000    0.577489
 1350.000000    0.597601
 1355.000000    0.613891
 1360.000000    0.640086
 1365.000000    0.634794
 1370.000000    0.622926
 1375.000000    0.612228
 1380.000000    0.601815
 1385.000000    0.594777
 1390.000000    0.575581
 1395.000000    0.595960
 1400.000000    0.615389
 1405.000000    0.586216
 1410.000000    0.598051
 1415.000000    0.666132
 1420.000000    0.701091
 1425.000000    0.675162
 1430.000000    0.678008
 1435.000000    0.678312
 1440.000000    0.713986
 1445.000000    0.753527
 1450.000000    0.777044
 1455.000000    0.794793
 1460.000000    0.825473
 1465.000000    0.797352
 1470.000000    0.751839
 1475.000000    0.728493
 1480.000000    0.675164
 1485.000000    0.654164
 1490.000000    0.629094
 1495.000000    0.639549
 1500.000000    0.628143
 1505.000000    0.644376
 1510.000000    0.648206
 1515.000000    0.626024
 1520.000000    0.581718
 1525.000000    0.589172
 1530.000000    0.570743
 1535.000000    0.550190
 1540.000000    0.608190
 1545.000000    0.592286
 1550.000000    0.613947
 1555.000000    0.645789
 1560.000000    0.666148
 1565.000000    0.678167
 1570.000000    0.646940
 1575.000000    0.652662
 1580.000000    0.648792
 1585.000000    0.637844
 1590.000000    0.613211
 1595.000000    0.593702
 1600.000000    0.616157
 1605.000000    0.625584
 1610.000000    0.608389
 1615.000000    0.610477
 1620.000000    0.598045
 1625.000000    0.615159
 1630.000000    0.594606
 1635.000000    0.577446
 1640.000000    0.572511
 1645.000000    0.587753
 1650.000000    0.611169
 1655.000000    0.613168
 1660.000000    0.605748
 1665.000000    0.579416
 1670.000000    0.573579
 1675.000000    0.582979
 1680.000000    0.595082
 1685.000000    0.627677
 1690.000000    0.647802
 1695.000000    0.695503
 1700.000000    0.711284
 1705.000000    0.731268
 1710.000000    0.743783
 1715.000000    0.746222
 1720.000000    0.754316
 1725.000000    0.757823
 1730.000000    0.719910
 1735.000000    0.701113
 1740.000000    0.694784
 1745.000000    0.704899
 1750.000000    0.712617
 1755.000000    0.721919
 1760.000000    0.732231
 1765.000000    0.759684
 1770.000000    0.781317
 1775.000000    0.789028
