#  pixel_depth  alphabetafraction   >  Analysis of alpha beta fraction
   37.000000    0.730193
   42.000000    0.708022
   47.000000    0.695142
   52.000000    0.698632
   57.000000    0.718721
   62.000000    0.755853
   67.000000    0.733382
   72.000000    0.734599
   77.000000    0.731902
   82.000000    0.700298
   87.000000    0.701986
   92.000000    0.692924
   97.000000    0.696644
  102.000000    0.678913
  107.000000    0.669953
  112.000000    0.691074
  117.000000    0.757023
  122.000000    0.773413
  127.000000    0.791433
  132.000000    0.777523
  137.000000    0.759663
  142.000000    0.708079
  147.000000    0.709078
  152.000000    0.713122
  157.000000    0.686756
  162.000000    0.653965
  167.000000    0.649625
  172.000000    0.650861
  177.000000    0.653467
  182.000000    0.673225
  187.000000    0.657864
  192.000000    0.656260
  197.000000    0.688292
  202.000000    0.701017
  207.000000    0.685957
  212.000000    0.691894
  217.000000    0.685250
  222.000000    0.661814
  227.000000    0.656720
  232.000000    0.667286
  237.000000    0.658656
  242.000000    0.660966
  247.000000    0.668305
  252.000000    0.648504
  257.000000    0.659183
  262.000000    0.666150
  267.000000    0.655633
  272.000000    0.669914
  277.000000    0.698190
  282.000000    0.716454
  287.000000    0.712847
  292.000000    0.738938
  297.000000    0.748719
  302.000000    0.750326
  307.000000    0.744039
  312.000000    0.741740
  317.000000    0.749066
  322.000000    0.748575
  327.000000    0.725437
  332.000000    0.662018
  337.000000    0.638089
  342.000000    0.657756
  347.000000    0.647149
  352.000000    0.634596
  357.000000    0.616605
  362.000000    0.666121
  367.000000    0.657379
  372.000000    0.625587
  377.000000    0.598344
  382.000000    0.590850
  387.000000    0.608088
  392.000000    0.610193
  397.000000    0.590548
  402.000000    0.620473
  407.000000    0.641668
  412.000000    0.648791
  417.000000    0.654749
  422.000000    0.661875
  427.000000    0.671104
  432.000000    0.665573
  437.000000    0.669275
  442.000000    0.637375
  447.000000    0.632779
  452.000000    0.616142
  457.000000    0.593597
  462.000000    0.580880
  467.000000    0.559206
  472.000000    0.555727
  477.000000    0.568687
  482.000000    0.601745
  487.000000    0.598344
  492.000000    0.584011
  497.000000    0.587440
  502.000000    0.616843
  507.000000    0.661914
  512.000000    0.683344
  517.000000    0.716235
  522.000000    0.750578
  527.000000    0.767368
  532.000000    0.804268
  537.000000    0.828737
  542.000000    0.825831
  547.000000    0.835906
  552.000000    0.813577
  557.000000    0.754097
  562.000000    0.719438
  567.000000    0.680078
  572.000000    0.628050
  577.000000    0.619660
  582.000000    0.648072
  587.000000    0.643859
  592.000000    0.622654
  597.000000    0.609535
  602.000000    0.626639
  607.000000    0.646754
  612.000000    0.661998
  617.000000    0.680545
  622.000000    0.659056
  627.000000    0.637597
  632.000000    0.615361
  637.000000    0.588721
  642.000000    0.585222
  647.000000    0.576847
  652.000000    0.580300
  657.000000    0.593607
  662.000000    0.612677
  667.000000    0.666422
  672.000000    0.715385
  677.000000    0.719565
  682.000000    0.736677
  687.000000    0.744692
  692.000000    0.756488
  697.000000    0.756828
  702.000000    0.756490
  707.000000    0.718916
  712.000000    0.695019
  717.000000    0.681408
  722.000000    0.663286
  727.000000    0.622947
  732.000000    0.596210
  737.000000    0.567841
  742.000000    0.571675
  747.000000    0.573877
  752.000000    0.612749
  757.000000    0.646170
  762.000000    0.677008
  767.000000    0.720883
  772.000000    0.744447
  777.000000    0.769078
  782.000000    0.766233
  787.000000    0.743328
  792.000000    0.709717
  797.000000    0.668726
  802.000000    0.649217
  807.000000    0.650855
  812.000000    0.664410
  817.000000    0.594802
  822.000000    0.587351
  827.000000    0.596836
  832.000000    0.592007
  837.000000    0.569239
  842.000000    0.572640
  847.000000    0.577329
  852.000000    0.571519
  857.000000    0.599400
  862.000000    0.638712
  867.000000    0.638833
  872.000000    0.644934
  877.000000    0.644162
  882.000000    0.606816
  887.000000    0.581754
  892.000000    0.582145
  897.000000    0.626453
  902.000000    0.658851
  907.000000    0.680563
  912.000000    0.679179
  917.000000    0.681879
  922.000000    0.666042
  927.000000    0.652111
  932.000000    0.647551
  937.000000    0.646503
  942.000000    0.663057
  947.000000    0.663383
  952.000000    0.673038
  957.000000    0.726713
  962.000000    0.772857
  967.000000    0.783865
  972.000000    0.770124
  977.000000    0.757139
  982.000000    0.720732
  987.000000    0.701491
  992.000000    0.688721
  997.000000    0.663972
 1002.000000    0.635721
 1007.000000    0.629042
 1012.000000    0.661174
 1017.000000    0.645655
 1022.000000    0.632032
 1027.000000    0.614368
 1032.000000    0.638514
 1037.000000    0.638286
 1042.000000    0.621821
 1047.000000    0.639007
 1052.000000    0.653349
 1057.000000    0.698254
 1062.000000    0.744953
 1067.000000    0.756704
 1072.000000    0.768174
 1077.000000    0.754654
 1082.000000    0.699920
 1087.000000    0.675025
 1092.000000    0.707912
 1097.000000    0.716444
 1102.000000    0.659412
 1107.000000    0.655895
 1112.000000    0.632203
 1117.000000    0.625935
 1122.000000    0.598077
 1127.000000    0.604074
 1132.000000    0.583172
 1137.000000    0.556933
 1142.000000    0.574476
 1147.000000    0.609227
 1152.000000    0.606810
 1157.000000    0.591745
 1162.000000    0.604068
 1167.000000    0.607296
 1172.000000    0.644473
 1177.000000    0.658830
 1182.000000    0.685215
 1187.000000    0.683863
 1192.000000    0.685655
 1197.000000    0.664301
 1202.000000    0.628395
 1207.000000    0.625032
 1212.000000    0.611036
 1217.000000    0.657732
 1222.000000    0.640855
 1227.000000    0.642908
 1232.000000    0.627368
 1237.000000    0.644496
 1242.000000    0.637808
 1247.000000    0.669723
 1252.000000    0.688736
 1257.000000    0.721995
 1262.000000    0.689792
 1267.000000    0.666545
 1272.000000    0.651335
 1277.000000    0.655301
 1282.000000    0.644022
 1287.000000    0.651554
 1292.000000    0.640717
 1297.000000    0.620445
 1302.000000    0.606769
 1307.000000    0.605668
 1312.000000    0.663491
 1317.000000    0.690285
 1322.000000    0.702584
 1327.000000    0.694129
 1332.000000    0.712554
 1337.000000    0.702769
 1342.000000    0.701645
 1347.000000    0.733874
 1352.000000    0.733955
 1357.000000    0.734411
 1362.000000    0.712439
 1367.000000    0.680929
 1372.000000    0.650847
 1377.000000    0.670829
 1382.000000    0.697894
 1387.000000    0.724061
 1392.000000    0.731414
 1397.000000    0.722717
 1402.000000    0.712527
 1407.000000    0.682397
 1412.000000    0.675803
 1417.000000    0.683523
 1422.000000    0.660110
 1427.000000    0.631158
 1432.000000    0.614342
 1437.000000    0.621007
 1442.000000    0.612617
 1447.000000    0.601782
 1452.000000    0.626420
 1457.000000    0.616121
 1462.000000    0.618258
 1467.000000    0.618946
 1472.000000    0.630991
 1477.000000    0.630531
 1482.000000    0.644787
 1487.000000    0.655112
 1492.000000    0.676135
 1497.000000    0.682740
 1502.000000    0.680742
 1507.000000    0.685395
 1512.000000    0.671064
 1517.000000    0.656758
 1522.000000    0.649849
 1527.000000    0.666222
 1532.000000    0.667280
 1537.000000    0.677799
 1542.000000    0.668732
 1547.000000    0.640374
 1552.000000    0.653951
 1557.000000    0.648269
 1562.000000    0.655876
 1567.000000    0.665813
 1572.000000    0.678592
 1577.000000    0.679042
 1582.000000    0.663452
 1587.000000    0.641713
 1592.000000    0.633415
 1597.000000    0.612880
 1602.000000    0.601681
 1607.000000    0.597845
 1612.000000    0.596573
 1617.000000    0.616546
 1622.000000    0.607469
 1627.000000    0.591286
 1632.000000    0.603199
 1637.000000    0.618871
 1642.000000    0.641646
 1647.000000    0.691660
 1652.000000    0.697304
 1657.000000    0.727555
 1662.000000    0.744651
 1667.000000    0.740409
 1672.000000    0.744052
 1677.000000    0.737953
 1682.000000    0.725073
 1687.000000    0.718366
 1692.000000    0.729187
 1697.000000    0.761284
 1702.000000    0.779125
 1707.000000    0.796072
 1712.000000    0.809865
 1717.000000    0.795982
 1722.000000    0.762766
 1727.000000    0.733540
 1732.000000    0.725926
 1737.000000    0.744620
 1742.000000    0.733452
 1747.000000    0.702206
 1752.000000    0.692936
 1757.000000    0.688187
