#  pixel_depth  alphabetafraction   >  Analysis of alpha beta fraction
   45.000000    0.927622
   50.000000    0.885028
   55.000000    0.852750
   60.000000    0.838830
   65.000000    0.824535
   70.000000    0.794941
   75.000000    0.761023
   80.000000    0.714130
   85.000000    0.648284
   90.000000    0.595844
   95.000000    0.597749
  100.000000    0.599378
  105.000000    0.572430
  110.000000    0.594116
  115.000000    0.635894
  120.000000    0.667292
  125.000000    0.681379
  130.000000    0.678719
  135.000000    0.682445
  140.000000    0.705766
  145.000000    0.699326
  150.000000    0.718674
  155.000000    0.734654
  160.000000    0.747801
  165.000000    0.734470
  170.000000    0.720484
  175.000000    0.712375
  180.000000    0.735533
  185.000000    0.741075
  190.000000    0.717130
  195.000000    0.700035
  200.000000    0.674989
  205.000000    0.664503
  210.000000    0.670594
  215.000000    0.671749
  220.000000    0.664525
  225.000000    0.676566
  230.000000    0.703557
  235.000000    0.699407
  240.000000    0.725144
  245.000000    0.746899
  250.000000    0.803170
  255.000000    0.816427
  260.000000    0.820293
  265.000000    0.825503
  270.000000    0.825125
  275.000000    0.792320
  280.000000    0.765846
  285.000000    0.778723
  290.000000    0.785503
  295.000000    0.743934
  300.000000    0.724622
  305.000000    0.715974
  310.000000    0.694607
  315.000000    0.694898
  320.000000    0.700988
  325.000000    0.723705
  330.000000    0.734979
  335.000000    0.730953
  340.000000    0.721452
  345.000000    0.670575
  350.000000    0.650598
  355.000000    0.632597
  360.000000    0.615119
  365.000000    0.617175
  370.000000    0.644440
  375.000000    0.658053
  380.000000    0.644170
  385.000000    0.646548
  390.000000    0.655887
  395.000000    0.676636
  400.000000    0.698629
  405.000000    0.744542
  410.000000    0.742536
  415.000000    0.741666
  420.000000    0.740084
  425.000000    0.732006
  430.000000    0.718638
  435.000000    0.700560
  440.000000    0.708996
  445.000000    0.668261
  450.000000    0.694588
  455.000000    0.702667
  460.000000    0.700567
  465.000000    0.723908
  470.000000    0.734807
  475.000000    0.733480
  480.000000    0.726879
  485.000000    0.704883
  490.000000    0.688102
  495.000000    0.698504
  500.000000    0.721615
  505.000000    0.743796
  510.000000    0.747375
  515.000000    0.751009
  520.000000    0.753745
  525.000000    0.749441
  530.000000    0.718936
  535.000000    0.727174
  540.000000    0.744283
  545.000000    0.752744
  550.000000    0.776710
  555.000000    0.774752
  560.000000    0.766759
  565.000000    0.732926
  570.000000    0.746237
  575.000000    0.752063
  580.000000    0.734749
  585.000000    0.698884
  590.000000    0.684690
  595.000000    0.673578
  600.000000    0.665541
  605.000000    0.694423
  610.000000    0.678301
  615.000000    0.654785
  620.000000    0.643726
  625.000000    0.621033
  630.000000    0.632057
  635.000000    0.628915
  640.000000    0.631451
  645.000000    0.678579
  650.000000    0.668688
  655.000000    0.669941
  660.000000    0.681060
  665.000000    0.689692
  670.000000    0.698187
  675.000000    0.716525
  680.000000    0.723120
  685.000000    0.768053
  690.000000    0.798598
  695.000000    0.812617
  700.000000    0.793307
  705.000000    0.791545
  710.000000    0.799715
  715.000000    0.805557
  720.000000    0.769396
  725.000000    0.755612
  730.000000    0.769652
  735.000000    0.780216
  740.000000    0.757084
  745.000000    0.745950
  750.000000    0.720798
  755.000000    0.725818
  760.000000    0.738363
  765.000000    0.754512
  770.000000    0.763233
  775.000000    0.760291
  780.000000    0.753751
  785.000000    0.783102
  790.000000    0.792880
  795.000000    0.769067
  800.000000    0.742541
  805.000000    0.754860
  810.000000    0.764413
  815.000000    0.789638
  820.000000    0.783808
  825.000000    0.786069
  830.000000    0.757642
  835.000000    0.713814
  840.000000    0.700373
  845.000000    0.732225
  850.000000    0.725136
  855.000000    0.724027
  860.000000    0.722744
  865.000000    0.725116
  870.000000    0.731015
  875.000000    0.741864
  880.000000    0.750334
  885.000000    0.762950
  890.000000    0.736987
  895.000000    0.723111
  900.000000    0.737698
  905.000000    0.726621
  910.000000    0.722750
  915.000000    0.689253
  920.000000    0.682565
  925.000000    0.702236
  930.000000    0.695687
  935.000000    0.672681
  940.000000    0.679511
  945.000000    0.719008
  950.000000    0.764775
  955.000000    0.728845
  960.000000    0.702175
  965.000000    0.655443
  970.000000    0.670207
  975.000000    0.673993
  980.000000    0.673411
  985.000000    0.673600
  990.000000    0.649096
  995.000000    0.618387
 1000.000000    0.627035
 1005.000000    0.657560
 1010.000000    0.657787
 1015.000000    0.643572
 1020.000000    0.652902
 1025.000000    0.678608
 1030.000000    0.672139
 1035.000000    0.668868
 1040.000000    0.699082
 1045.000000    0.733544
 1050.000000    0.761686
 1055.000000    0.765963
 1060.000000    0.762504
 1065.000000    0.775876
 1070.000000    0.786274
 1075.000000    0.804964
 1080.000000    0.794674
 1085.000000    0.776192
 1090.000000    0.757964
 1095.000000    0.758735
 1100.000000    0.736938
 1105.000000    0.698283
 1110.000000    0.679311
 1115.000000    0.649004
 1120.000000    0.627863
 1125.000000    0.604403
 1130.000000    0.619418
 1135.000000    0.654059
 1140.000000    0.668535
 1145.000000    0.650525
 1150.000000    0.694779
 1155.000000    0.755985
 1160.000000    0.791778
 1165.000000    0.812104
 1170.000000    0.802601
 1175.000000    0.780047
 1180.000000    0.766843
 1185.000000    0.749925
 1190.000000    0.753205
 1195.000000    0.746821
 1200.000000    0.747878
 1205.000000    0.765643
 1210.000000    0.767141
 1215.000000    0.755239
 1220.000000    0.741267
 1225.000000    0.734994
 1230.000000    0.749450
 1235.000000    0.758776
 1240.000000    0.734754
 1245.000000    0.741240
 1250.000000    0.726900
 1255.000000    0.677156
 1260.000000    0.596894
 1265.000000    0.602049
 1270.000000    0.580506
 1275.000000    0.585825
 1280.000000    0.642979
 1285.000000    0.688621
 1290.000000    0.701161
 1295.000000    0.730644
 1300.000000    0.697801
 1305.000000    0.725706
 1310.000000    0.738065
 1315.000000    0.757495
 1320.000000    0.788045
 1325.000000    0.764693
 1330.000000    0.731653
 1335.000000    0.730079
 1340.000000    0.718974
 1345.000000    0.738643
 1350.000000    0.750253
 1355.000000    0.712605
 1360.000000    0.709509
 1365.000000    0.701422
 1370.000000    0.682674
 1375.000000    0.670980
 1380.000000    0.671341
 1385.000000    0.689369
 1390.000000    0.698356
 1395.000000    0.729851
 1400.000000    0.764141
 1405.000000    0.777727
 1410.000000    0.758932
 1415.000000    0.720310
 1420.000000    0.742183
 1425.000000    0.734145
 1430.000000    0.724854
 1435.000000    0.728192
 1440.000000    0.733076
 1445.000000    0.734657
 1450.000000    0.766553
 1455.000000    0.770098
 1460.000000    0.764583
 1465.000000    0.771370
 1470.000000    0.731399
 1475.000000    0.752516
 1480.000000    0.740855
 1485.000000    0.728998
 1490.000000    0.704943
 1495.000000    0.707767
 1500.000000    0.688736
 1505.000000    0.700594
 1510.000000    0.687447
 1515.000000    0.682378
 1520.000000    0.716656
 1525.000000    0.732542
 1530.000000    0.735914
 1535.000000    0.738287
 1540.000000    0.709300
 1545.000000    0.696663
 1550.000000    0.672549
 1555.000000    0.647717
 1560.000000    0.653831
 1565.000000    0.654341
 1570.000000    0.686802
 1575.000000    0.688921
 1580.000000    0.683798
 1585.000000    0.695357
 1590.000000    0.692045
 1595.000000    0.650181
 1600.000000    0.607878
 1605.000000    0.600597
 1610.000000    0.576976
 1615.000000    0.597362
 1620.000000    0.609447
 1625.000000    0.661138
 1630.000000    0.717429
 1635.000000    0.722600
 1640.000000    0.735239
 1645.000000    0.730545
 1650.000000    0.720738
 1655.000000    0.735460
 1660.000000    0.728835
 1665.000000    0.738933
 1670.000000    0.764729
 1675.000000    0.762802
 1680.000000    0.742186
 1685.000000    0.752416
 1690.000000    0.756458
 1695.000000    0.779406
 1700.000000    0.769299
 1705.000000    0.776525
 1710.000000    0.779699
 1715.000000    0.784362
 1720.000000    0.782090
 1725.000000    0.759007
 1730.000000    0.744480
 1735.000000    0.723388
 1740.000000    0.736625
 1745.000000    0.733923
 1750.000000    0.727139
 1755.000000    0.689639
 1760.000000    0.657715
 1765.000000    0.658718
 1770.000000    0.657831
 1775.000000    0.727119
 1780.000000    0.749925
 1785.000000    0.716378
 1790.000000    0.706218
 1795.000000    0.713255
 1800.000000    0.698539
 1805.000000    0.705223
 1810.000000    0.718284
 1815.000000    0.695556
 1820.000000    0.677622
 1825.000000    0.665053
 1830.000000    0.665583
 1835.000000    0.637274
 1840.000000    0.653262
 1845.000000    0.638358
 1850.000000    0.622039
 1855.000000    0.640568
 1860.000000    0.662809
 1865.000000    0.708939
 1870.000000    0.694491
 1875.000000    0.655186
 1880.000000    0.661069
 1885.000000    0.663370
 1890.000000    0.657556
