#  pixel_depth  alphabetafraction   >  Analysis of alpha beta fraction
  356.000000    0.697848
  361.000000    0.683524
  366.000000    0.682072
  371.000000    0.643944
  376.000000    0.624891
  381.000000    0.633892
  386.000000    0.636948
  391.000000    0.650543
  396.000000    0.656459
  401.000000    0.665753
  406.000000    0.675999
  411.000000    0.677760
  416.000000    0.646126
  421.000000    0.653707
  426.000000    0.639677
  431.000000    0.622063
  436.000000    0.614589
  441.000000    0.617344
  446.000000    0.665515
  451.000000    0.689773
  456.000000    0.704217
  461.000000    0.696648
  466.000000    0.714709
  471.000000    0.719865
  476.000000    0.742390
  481.000000    0.767503
  486.000000    0.756151
  491.000000    0.739216
  496.000000    0.767236
  501.000000    0.717557
  506.000000    0.694810
  511.000000    0.653567
  516.000000    0.640889
  521.000000    0.630448
  526.000000    0.583590
  531.000000    0.566877
  536.000000    0.589658
  541.000000    0.617890
  546.000000    0.626579
  551.000000    0.653578
  556.000000    0.671105
  561.000000    0.652738
  566.000000    0.643993
  571.000000    0.620083
  576.000000    0.607792
  581.000000    0.604099
  586.000000    0.624253
  591.000000    0.593230
  596.000000    0.575404
  601.000000    0.565318
  606.000000    0.573854
  611.000000    0.589827
  616.000000    0.612705
  621.000000    0.627625
  626.000000    0.629036
  631.000000    0.615648
  636.000000    0.614868
  641.000000    0.616867
  646.000000    0.669909
  651.000000    0.698631
  656.000000    0.716736
  661.000000    0.738366
  666.000000    0.743451
  671.000000    0.756712
  676.000000    0.739207
  681.000000    0.744941
  686.000000    0.711775
  691.000000    0.673035
  696.000000    0.662648
  701.000000    0.666211
  706.000000    0.640379
  711.000000    0.616441
  716.000000    0.592830
  721.000000    0.591258
  726.000000    0.609342
  731.000000    0.608931
  736.000000    0.603655
  741.000000    0.615233
  746.000000    0.625474
  751.000000    0.624944
  756.000000    0.637517
  761.000000    0.639062
  766.000000    0.669384
  771.000000    0.689983
  776.000000    0.693535
  781.000000    0.667824
  786.000000    0.653326
  791.000000    0.652822
  796.000000    0.663528
  801.000000    0.684561
  806.000000    0.689658
  811.000000    0.708263
  816.000000    0.750000
  821.000000    0.769118
  826.000000    0.783441
  831.000000    0.773367
  836.000000    0.763680
  841.000000    0.774010
  846.000000    0.767750
  851.000000    0.770814
  856.000000    0.746358
  861.000000    0.739247
  866.000000    0.689859
  871.000000    0.683224
  876.000000    0.662839
  881.000000    0.667365
  886.000000    0.654013
  891.000000    0.626346
  896.000000    0.625396
  901.000000    0.633224
  906.000000    0.651747
  911.000000    0.684181
  916.000000    0.694590
  921.000000    0.744711
  926.000000    0.780850
  931.000000    0.793607
  936.000000    0.808015
  941.000000    0.789205
  946.000000    0.780373
  951.000000    0.725242
  956.000000    0.693067
  961.000000    0.671925
  966.000000    0.615982
  971.000000    0.596961
  976.000000    0.584782
  981.000000    0.571843
  986.000000    0.568653
  991.000000    0.597081
  996.000000    0.599138
 1001.000000    0.614611
 1006.000000    0.632689
 1011.000000    0.670427
 1016.000000    0.693245
 1021.000000    0.702384
 1026.000000    0.671389
 1031.000000    0.674064
 1036.000000    0.707801
 1041.000000    0.701869
 1046.000000    0.721472
 1051.000000    0.713352
 1056.000000    0.702055
 1061.000000    0.712398
 1066.000000    0.713629
 1071.000000    0.707413
 1076.000000    0.720399
 1081.000000    0.722868
 1086.000000    0.719918
 1091.000000    0.711915
 1096.000000    0.668169
 1101.000000    0.654571
 1106.000000    0.633894
 1111.000000    0.645063
 1116.000000    0.658150
 1121.000000    0.661938
 1126.000000    0.667531
 1131.000000    0.669747
 1136.000000    0.709043
 1141.000000    0.744773
 1146.000000    0.760820
 1151.000000    0.757757
 1156.000000    0.762918
 1161.000000    0.750160
 1166.000000    0.736906
 1171.000000    0.711668
 1176.000000    0.714000
 1181.000000    0.721577
 1186.000000    0.708901
 1191.000000    0.674227
 1196.000000    0.635882
 1201.000000    0.621423
 1206.000000    0.645799
 1211.000000    0.659804
 1216.000000    0.665375
 1221.000000    0.674788
 1226.000000    0.702255
 1231.000000    0.719562
 1236.000000    0.699519
 1241.000000    0.685516
 1246.000000    0.677911
 1251.000000    0.653605
 1256.000000    0.643909
 1261.000000    0.638664
 1266.000000    0.645592
 1271.000000    0.649188
 1276.000000    0.639855
 1281.000000    0.642848
 1286.000000    0.668478
 1291.000000    0.707342
 1296.000000    0.753778
 1301.000000    0.749883
 1306.000000    0.778441
 1311.000000    0.789189
 1316.000000    0.759531
 1321.000000    0.746825
 1326.000000    0.746707
 1331.000000    0.755157
 1336.000000    0.748426
 1341.000000    0.739960
 1346.000000    0.727325
 1351.000000    0.691959
 1356.000000    0.632592
 1361.000000    0.620717
 1366.000000    0.625785
 1371.000000    0.620174
 1376.000000    0.632430
 1381.000000    0.635496
 1386.000000    0.624745
 1391.000000    0.629247
 1396.000000    0.627809
 1401.000000    0.638151
 1406.000000    0.648700
 1411.000000    0.645880
 1416.000000    0.651207
 1421.000000    0.654289
 1426.000000    0.672786
 1431.000000    0.691820
 1436.000000    0.709983
 1441.000000    0.718360
 1446.000000    0.720948
 1451.000000    0.716305
 1456.000000    0.702556
 1461.000000    0.668579
 1466.000000    0.672019
 1471.000000    0.695392
 1476.000000    0.755646
 1481.000000    0.772226
 1486.000000    0.756265
 1491.000000    0.752565
 1496.000000    0.754994
 1501.000000    0.751187
 1506.000000    0.725491
 1511.000000    0.713994
 1516.000000    0.689131
 1521.000000    0.681049
 1526.000000    0.654595
 1531.000000    0.639988
 1536.000000    0.641586
 1541.000000    0.632332
 1546.000000    0.607645
 1551.000000    0.553884
 1556.000000    0.527090
 1561.000000    0.494889
 1566.000000    0.489821
 1571.000000    0.508222
 1576.000000    0.525888
 1581.000000    0.564128
 1586.000000    0.589875
 1591.000000    0.608881
 1596.000000    0.624847
 1601.000000    0.663824
 1606.000000    0.701980
 1611.000000    0.724915
 1616.000000    0.742175
 1621.000000    0.728360
 1626.000000    0.712517
 1631.000000    0.700820
 1636.000000    0.684409
 1641.000000    0.640055
 1646.000000    0.620868
 1651.000000    0.681145
 1656.000000    0.716387
 1661.000000    0.725698
 1666.000000    0.727325
 1671.000000    0.762780
 1676.000000    0.767370
 1681.000000    0.755264
 1686.000000    0.778507
 1691.000000    0.783293
 1696.000000    0.774394
 1701.000000    0.775419
 1706.000000    0.768263
 1711.000000    0.770388
 1716.000000    0.748669
 1721.000000    0.727257
 1726.000000    0.708826
 1731.000000    0.694586
 1736.000000    0.656954
 1741.000000    0.617354
 1746.000000    0.596402
 1751.000000    0.617863
 1756.000000    0.654230
 1761.000000    0.677810
 1766.000000    0.693764
 1771.000000    0.684706
 1776.000000    0.695870
 1781.000000    0.707970
 1786.000000    0.689026
 1791.000000    0.698132
 1796.000000    0.654598
 1801.000000    0.628695
 1806.000000    0.641873
 1811.000000    0.660976
 1816.000000    0.665198
 1821.000000    0.662505
 1826.000000    0.660458
 1831.000000    0.663600
 1836.000000    0.638827
 1841.000000    0.602766
 1846.000000    0.597112
 1851.000000    0.584088
 1856.000000    0.616064
 1861.000000    0.635252
 1866.000000    0.696225
 1871.000000    0.718467
 1876.000000    0.729952
 1881.000000    0.739881
 1886.000000    0.724487
 1891.000000    0.697747
 1896.000000    0.679649
 1901.000000    0.671845
 1906.000000    0.673053
 1911.000000    0.672057
 1916.000000    0.669585
 1921.000000    0.667828
 1926.000000    0.661159
 1931.000000    0.670480
 1936.000000    0.696836
 1941.000000    0.727893
