#  pixel_depth  alphabetafraction   >  Analysis of alpha beta fraction
    5.000000    0.793191
   10.000000    0.773072
   15.000000    0.741703
   20.000000    0.698520
   25.000000    0.662124
   30.000000    0.625201
   35.000000    0.620217
   40.000000    0.624999
   45.000000    0.651688
   50.000000    0.647709
   55.000000    0.654184
   60.000000    0.663104
   65.000000    0.672919
   70.000000    0.690320
   75.000000    0.722082
   80.000000    0.725618
   85.000000    0.716263
   90.000000    0.688558
   95.000000    0.690076
  100.000000    0.704645
  105.000000    0.705163
  110.000000    0.697899
  115.000000    0.690955
  120.000000    0.688948
  125.000000    0.702383
  130.000000    0.701663
  135.000000    0.698749
  140.000000    0.720799
  145.000000    0.711498
  150.000000    0.689408
  155.000000    0.685106
  160.000000    0.705166
  165.000000    0.702840
  170.000000    0.704197
  175.000000    0.717490
  180.000000    0.675027
  185.000000    0.667104
  190.000000    0.670978
  195.000000    0.687817
  200.000000    0.674490
  205.000000    0.690100
  210.000000    0.716078
  215.000000    0.737824
  220.000000    0.724048
  225.000000    0.705934
  230.000000    0.700344
  235.000000    0.708798
  240.000000    0.727204
  245.000000    0.749353
  250.000000    0.724737
  255.000000    0.703779
  260.000000    0.688881
  265.000000    0.697192
  270.000000    0.670749
  275.000000    0.701072
  280.000000    0.693160
  285.000000    0.693763
  290.000000    0.684343
  295.000000    0.687158
  300.000000    0.683455
  305.000000    0.702445
  310.000000    0.684319
  315.000000    0.681003
  320.000000    0.708772
  325.000000    0.715867
  330.000000    0.731600
  335.000000    0.781212
  340.000000    0.823097
  345.000000    0.811098
  350.000000    0.785801
  355.000000    0.785836
  360.000000    0.743814
  365.000000    0.709973
  370.000000    0.732845
  375.000000    0.719841
  380.000000    0.714132
  385.000000    0.742735
  390.000000    0.748877
  395.000000    0.732369
  400.000000    0.705322
  405.000000    0.679346
  410.000000    0.710823
  415.000000    0.746513
  420.000000    0.775174
  425.000000    0.831459
  430.000000    0.870619
  435.000000    0.896574
  440.000000    0.916700
  445.000000    0.900543
  450.000000    0.839488
  455.000000    0.805268
  460.000000    0.811118
  465.000000    0.811308
  470.000000    0.783869
  475.000000    0.748858
  480.000000    0.717150
  485.000000    0.725766
  490.000000    0.711674
  495.000000    0.689092
  500.000000    0.674576
  505.000000    0.646537
  510.000000    0.597073
  515.000000    0.600305
  520.000000    0.616740
  525.000000    0.584820
  530.000000    0.593092
  535.000000    0.617679
  540.000000    0.631255
  545.000000    0.642356
  550.000000    0.645311
  555.000000    0.664059
  560.000000    0.695163
  565.000000    0.736543
  570.000000    0.757006
  575.000000    0.783558
  580.000000    0.795510
  585.000000    0.819710
  590.000000    0.805692
  595.000000    0.808415
  600.000000    0.827847
  605.000000    0.805444
  610.000000    0.763638
  615.000000    0.705494
  620.000000    0.719329
  625.000000    0.711288
  630.000000    0.685752
  635.000000    0.644023
  640.000000    0.618447
  645.000000    0.562006
  650.000000    0.597652
  655.000000    0.645731
  660.000000    0.651531
  665.000000    0.685579
  670.000000    0.724152
  675.000000    0.757420
  680.000000    0.759993
  685.000000    0.772668
  690.000000    0.764919
  695.000000    0.780639
  700.000000    0.781029
  705.000000    0.770236
  710.000000    0.748856
  715.000000    0.747289
  720.000000    0.751828
  725.000000    0.758218
  730.000000    0.767906
  735.000000    0.775706
  740.000000    0.782768
  745.000000    0.782828
  750.000000    0.770022
  755.000000    0.766486
  760.000000    0.775000
  765.000000    0.747990
  770.000000    0.735002
  775.000000    0.723909
  780.000000    0.750942
  785.000000    0.755291
  790.000000    0.741267
  795.000000    0.729668
  800.000000    0.675902
  805.000000    0.643955
  810.000000    0.624020
  815.000000    0.615294
  820.000000    0.627407
  825.000000    0.650192
  830.000000    0.674556
  835.000000    0.668695
  840.000000    0.646377
  845.000000    0.658439
  850.000000    0.683028
  855.000000    0.700544
  860.000000    0.716903
  865.000000    0.736388
  870.000000    0.759001
  875.000000    0.759538
  880.000000    0.752787
  885.000000    0.727467
  890.000000    0.687421
  895.000000    0.663212
  900.000000    0.676132
  905.000000    0.675645
  910.000000    0.642908
  915.000000    0.639156
  920.000000    0.651314
  925.000000    0.650114
  930.000000    0.633938
  935.000000    0.638073
  940.000000    0.610754
  945.000000    0.590821
  950.000000    0.571872
  955.000000    0.544544
  960.000000    0.533320
  965.000000    0.525613
  970.000000    0.535149
  975.000000    0.560624
  980.000000    0.606430
  985.000000    0.677081
  990.000000    0.709141
  995.000000    0.716858
 1000.000000    0.706558
 1005.000000    0.722536
 1010.000000    0.736877
 1015.000000    0.748978
 1020.000000    0.773785
 1025.000000    0.764470
 1030.000000    0.767699
 1035.000000    0.773787
 1040.000000    0.765672
 1045.000000    0.772297
 1050.000000    0.774984
 1055.000000    0.770034
 1060.000000    0.751452
 1065.000000    0.728234
 1070.000000    0.710319
 1075.000000    0.690699
 1080.000000    0.709462
 1085.000000    0.705329
 1090.000000    0.702664
 1095.000000    0.684235
 1100.000000    0.663458
 1105.000000    0.657702
 1110.000000    0.674384
 1115.000000    0.692488
 1120.000000    0.706995
 1125.000000    0.694780
 1130.000000    0.655946
 1135.000000    0.635480
 1140.000000    0.622474
 1145.000000    0.628698
 1150.000000    0.635522
 1155.000000    0.631325
 1160.000000    0.647123
 1165.000000    0.658843
 1170.000000    0.635144
 1175.000000    0.628063
 1180.000000    0.616433
 1185.000000    0.636807
 1190.000000    0.651732
 1195.000000    0.654457
 1200.000000    0.647100
 1205.000000    0.651046
 1210.000000    0.671613
 1215.000000    0.688497
 1220.000000    0.690082
 1225.000000    0.706738
 1230.000000    0.687774
 1235.000000    0.658309
 1240.000000    0.653194
 1245.000000    0.681409
 1250.000000    0.710553
 1255.000000    0.721803
 1260.000000    0.744177
 1265.000000    0.765340
 1270.000000    0.774299
 1275.000000    0.770484
 1280.000000    0.769421
 1285.000000    0.771311
 1290.000000    0.751745
