#  pixel_depth  alphabetafraction   >  Analysis of alpha beta fraction
   74.000000    0.683815
   79.000000    0.705225
   84.000000    0.736862
   89.000000    0.775866
   94.000000    0.785667
   99.000000    0.749499
  104.000000    0.741960
  109.000000    0.705109
  114.000000    0.689182
  119.000000    0.700157
  124.000000    0.709903
  129.000000    0.721973
  134.000000    0.724386
  139.000000    0.710514
  144.000000    0.735236
  149.000000    0.774919
  154.000000    0.778301
  159.000000    0.757903
  164.000000    0.758520
  169.000000    0.765446
  174.000000    0.779429
  179.000000    0.790361
  184.000000    0.790442
  189.000000    0.772127
  194.000000    0.765345
  199.000000    0.767262
  204.000000    0.770169
  209.000000    0.740913
  214.000000    0.708061
  219.000000    0.699101
  224.000000    0.693554
  229.000000    0.670703
  234.000000    0.648412
  239.000000    0.632676
  244.000000    0.671706
  249.000000    0.691030
  254.000000    0.704484
  259.000000    0.695153
  264.000000    0.680063
  269.000000    0.691606
  274.000000    0.700197
  279.000000    0.709818
  284.000000    0.704421
  289.000000    0.688860
  294.000000    0.691176
  299.000000    0.699739
  304.000000    0.714997
  309.000000    0.719225
  314.000000    0.748072
  319.000000    0.744792
  324.000000    0.711611
  329.000000    0.690138
  334.000000    0.650095
  339.000000    0.623955
  344.000000    0.607983
  349.000000    0.590431
  354.000000    0.577168
  359.000000    0.596604
  364.000000    0.608852
  369.000000    0.634720
  374.000000    0.661477
  379.000000    0.681767
  384.000000    0.669000
  389.000000    0.695811
  394.000000    0.679231
  399.000000    0.675896
  404.000000    0.702030
  409.000000    0.719108
  414.000000    0.772347
  419.000000    0.778747
  424.000000    0.772959
  429.000000    0.755482
  434.000000    0.722485
  439.000000    0.706757
  444.000000    0.691547
  449.000000    0.696305
  454.000000    0.710636
  459.000000    0.702114
  464.000000    0.687723
  469.000000    0.688111
  474.000000    0.706429
  479.000000    0.727201
  484.000000    0.744172
  489.000000    0.748373
  494.000000    0.754489
  499.000000    0.756430
  504.000000    0.786065
  509.000000    0.810223
  514.000000    0.810545
  519.000000    0.817636
  524.000000    0.816658
  529.000000    0.803129
  534.000000    0.766352
  539.000000    0.718676
  544.000000    0.721618
  549.000000    0.739704
  554.000000    0.739117
  559.000000    0.721786
  564.000000    0.717466
  569.000000    0.726773
  574.000000    0.734166
  579.000000    0.758220
  584.000000    0.774603
  589.000000    0.774023
  594.000000    0.781325
  599.000000    0.781477
  604.000000    0.792100
  609.000000    0.786109
  614.000000    0.772227
  619.000000    0.742326
  624.000000    0.723990
  629.000000    0.732286
  634.000000    0.715386
  639.000000    0.693096
  644.000000    0.683274
  649.000000    0.715837
  654.000000    0.736143
  659.000000    0.749406
  664.000000    0.770851
  669.000000    0.780987
  674.000000    0.787927
  679.000000    0.776567
  684.000000    0.753611
  689.000000    0.720179
  694.000000    0.743464
  699.000000    0.736237
  704.000000    0.721662
  709.000000    0.748549
  714.000000    0.790247
  719.000000    0.797180
  724.000000    0.807570
  729.000000    0.801987
  734.000000    0.808003
  739.000000    0.801076
  744.000000    0.802860
  749.000000    0.802993
  754.000000    0.798951
  759.000000    0.777591
  764.000000    0.796444
  769.000000    0.796696
  774.000000    0.802187
  779.000000    0.779657
  784.000000    0.747718
  789.000000    0.717124
  794.000000    0.709343
  799.000000    0.700676
  804.000000    0.670259
  809.000000    0.647818
  814.000000    0.652686
  819.000000    0.662255
  824.000000    0.661889
  829.000000    0.695563
  834.000000    0.732020
  839.000000    0.744261
  844.000000    0.746616
  849.000000    0.734738
  854.000000    0.735811
  859.000000    0.714612
  864.000000    0.732363
  869.000000    0.714009
  874.000000    0.717210
  879.000000    0.741868
  884.000000    0.764004
  889.000000    0.772259
  894.000000    0.767419
  899.000000    0.765522
  904.000000    0.755690
  909.000000    0.761202
  914.000000    0.730872
  919.000000    0.740466
  924.000000    0.733076
  929.000000    0.700496
  934.000000    0.723158
  939.000000    0.756268
  944.000000    0.767489
  949.000000    0.780491
  954.000000    0.775220
  959.000000    0.787730
  964.000000    0.767470
  969.000000    0.761147
  974.000000    0.770828
  979.000000    0.771663
  984.000000    0.753917
  989.000000    0.741629
  994.000000    0.702766
  999.000000    0.704307
 1004.000000    0.700957
 1009.000000    0.672956
 1014.000000    0.656591
 1019.000000    0.634023
 1024.000000    0.611582
 1029.000000    0.613280
 1034.000000    0.641719
 1039.000000    0.671368
 1044.000000    0.694265
 1049.000000    0.695282
 1054.000000    0.701868
 1059.000000    0.715724
 1064.000000    0.735816
 1069.000000    0.763749
 1074.000000    0.784553
 1079.000000    0.758466
 1084.000000    0.747202
 1089.000000    0.747637
 1094.000000    0.710657
 1099.000000    0.685553
 1104.000000    0.686384
 1109.000000    0.703001
 1114.000000    0.696142
 1119.000000    0.712812
 1124.000000    0.720406
 1129.000000    0.730032
 1134.000000    0.718737
 1139.000000    0.700369
 1144.000000    0.703083
 1149.000000    0.725346
 1154.000000    0.751766
 1159.000000    0.760577
 1164.000000    0.763679
 1169.000000    0.754651
 1174.000000    0.749804
 1179.000000    0.761902
 1184.000000    0.780984
 1189.000000    0.789400
 1194.000000    0.764538
 1199.000000    0.775914
 1204.000000    0.770108
 1209.000000    0.759680
 1214.000000    0.737268
 1219.000000    0.720532
 1224.000000    0.698723
 1229.000000    0.723899
 1234.000000    0.721605
 1239.000000    0.696488
 1244.000000    0.684298
 1249.000000    0.691674
 1254.000000    0.688963
 1259.000000    0.673174
 1264.000000    0.691928
 1269.000000    0.697862
 1274.000000    0.722070
 1279.000000    0.713223
 1284.000000    0.693885
 1289.000000    0.692879
 1294.000000    0.665019
 1299.000000    0.675975
 1304.000000    0.714314
 1309.000000    0.748557
 1314.000000    0.775293
 1319.000000    0.761292
 1324.000000    0.745912
 1329.000000    0.741571
 1334.000000    0.741463
 1339.000000    0.720315
 1344.000000    0.687994
 1349.000000    0.687132
 1354.000000    0.668341
 1359.000000    0.673806
 1364.000000    0.692991
 1369.000000    0.689441
 1374.000000    0.717244
 1379.000000    0.747734
 1384.000000    0.756883
 1389.000000    0.791687
 1394.000000    0.814064
 1399.000000    0.826346
 1404.000000    0.826334
 1409.000000    0.815265
 1414.000000    0.798823
 1419.000000    0.771316
 1424.000000    0.764681
 1429.000000    0.779987
 1434.000000    0.755900
 1439.000000    0.748623
 1444.000000    0.747790
 1449.000000    0.736906
 1454.000000    0.704180
 1459.000000    0.718704
 1464.000000    0.710624
 1469.000000    0.713317
 1474.000000    0.708313
 1479.000000    0.740224
 1484.000000    0.752122
 1489.000000    0.784087
 1494.000000    0.786957
 1499.000000    0.766983
 1504.000000    0.753869
 1509.000000    0.765733
 1514.000000    0.750625
 1519.000000    0.750279
 1524.000000    0.761469
 1529.000000    0.768867
 1534.000000    0.782821
 1539.000000    0.801731
 1544.000000    0.812465
 1549.000000    0.827896
 1554.000000    0.846588
 1559.000000    0.855135
 1564.000000    0.844001
 1569.000000    0.836370
 1574.000000    0.821669
 1579.000000    0.827720
 1584.000000    0.819120
 1589.000000    0.797680
 1594.000000    0.760654
 1599.000000    0.740266
 1604.000000    0.722313
 1609.000000    0.698886
 1614.000000    0.705491
 1619.000000    0.699105
 1624.000000    0.687546
 1629.000000    0.672461
 1634.000000    0.685401
 1639.000000    0.676607
 1644.000000    0.680031
 1649.000000    0.665071
 1654.000000    0.644980
 1659.000000    0.652783
 1664.000000    0.636857
 1669.000000    0.649209
 1674.000000    0.648360
 1679.000000    0.658041
 1684.000000    0.643673
 1689.000000    0.644231
 1694.000000    0.652654
 1699.000000    0.669500
 1704.000000    0.663093
 1709.000000    0.682847
 1714.000000    0.708175
 1719.000000    0.691816
 1724.000000    0.728755
