#  pixel_depth  alphabetafraction   >  Analysis of alpha beta fraction
  120.000000    0.739189
  125.000000    0.737604
  130.000000    0.754225
  135.000000    0.785622
  140.000000    0.789905
  145.000000    0.789537
  150.000000    0.789739
  155.000000    0.778856
  160.000000    0.762059
  165.000000    0.776030
  170.000000    0.787787
  175.000000    0.767621
  180.000000    0.770729
  185.000000    0.768463
  190.000000    0.772000
  195.000000    0.782299
  200.000000    0.784237
  205.000000    0.785731
  210.000000    0.781306
  215.000000    0.768123
  220.000000    0.747851
  225.000000    0.742947
  230.000000    0.732353
  235.000000    0.738201
  240.000000    0.733124
  245.000000    0.763124
  250.000000    0.788257
  255.000000    0.805474
  260.000000    0.825111
  265.000000    0.811694
  270.000000    0.795825
  275.000000    0.775773
  280.000000    0.794033
  285.000000    0.814152
  290.000000    0.792516
  295.000000    0.779014
  300.000000    0.788331
  305.000000    0.781485
  310.000000    0.754118
  315.000000    0.743550
  320.000000    0.735447
  325.000000    0.696114
  330.000000    0.662198
  335.000000    0.653228
  340.000000    0.671519
  345.000000    0.694886
  350.000000    0.716489
  355.000000    0.728736
  360.000000    0.730302
  365.000000    0.745564
  370.000000    0.737245
  375.000000    0.748676
  380.000000    0.759841
  385.000000    0.757318
  390.000000    0.793174
  395.000000    0.791061
  400.000000    0.781351
  405.000000    0.777112
  410.000000    0.786872
  415.000000    0.749506
  420.000000    0.730299
  425.000000    0.705626
  430.000000    0.695591
  435.000000    0.705636
  440.000000    0.722244
  445.000000    0.708777
  450.000000    0.744720
  455.000000    0.790415
  460.000000    0.817099
  465.000000    0.827545
  470.000000    0.829571
  475.000000    0.828107
  480.000000    0.828572
  485.000000    0.839741
  490.000000    0.864338
  495.000000    0.835959
  500.000000    0.810072
  505.000000    0.777301
  510.000000    0.747131
  515.000000    0.749780
  520.000000    0.756998
  525.000000    0.743103
  530.000000    0.727881
  535.000000    0.740946
  540.000000    0.761632
  545.000000    0.787172
  550.000000    0.786251
  555.000000    0.796507
  560.000000    0.809257
  565.000000    0.833169
  570.000000    0.825907
  575.000000    0.802120
  580.000000    0.805896
  585.000000    0.780918
  590.000000    0.752716
  595.000000    0.732622
  600.000000    0.675048
  605.000000    0.674343
  610.000000    0.681313
  615.000000    0.676574
  620.000000    0.691370
  625.000000    0.723181
  630.000000    0.751865
  635.000000    0.794742
  640.000000    0.804891
  645.000000    0.798455
  650.000000    0.781020
  655.000000    0.771187
  660.000000    0.738374
  665.000000    0.735733
  670.000000    0.761990
  675.000000    0.794029
  680.000000    0.816013
  685.000000    0.811819
  690.000000    0.796219
  695.000000    0.790074
  700.000000    0.794881
  705.000000    0.805987
  710.000000    0.809751
  715.000000    0.809016
  720.000000    0.805728
  725.000000    0.810249
  730.000000    0.791689
  735.000000    0.770068
  740.000000    0.795532
  745.000000    0.801371
  750.000000    0.799500
  755.000000    0.825770
  760.000000    0.839272
  765.000000    0.847764
  770.000000    0.851770
  775.000000    0.838311
  780.000000    0.822480
  785.000000    0.807207
  790.000000    0.815602
  795.000000    0.802532
  800.000000    0.741308
  805.000000    0.749946
  810.000000    0.743633
  815.000000    0.739336
  820.000000    0.737413
  825.000000    0.721967
  830.000000    0.713125
  835.000000    0.693046
  840.000000    0.677520
  845.000000    0.701834
  850.000000    0.711998
  855.000000    0.737130
  860.000000    0.740073
  865.000000    0.715805
  870.000000    0.668041
  875.000000    0.636014
  880.000000    0.629939
  885.000000    0.627849
  890.000000    0.660538
  895.000000    0.706952
  900.000000    0.754549
  905.000000    0.772611
  910.000000    0.782857
  915.000000    0.788619
  920.000000    0.789126
  925.000000    0.811238
  930.000000    0.797266
  935.000000    0.789754
  940.000000    0.774776
  945.000000    0.736716
  950.000000    0.703914
  955.000000    0.683732
  960.000000    0.679486
  965.000000    0.730047
  970.000000    0.768975
  975.000000    0.792611
  980.000000    0.831270
  985.000000    0.844625
  990.000000    0.860237
  995.000000    0.853914
 1000.000000    0.852045
 1005.000000    0.851534
 1010.000000    0.829847
 1015.000000    0.807742
 1020.000000    0.768409
 1025.000000    0.761458
 1030.000000    0.757059
 1035.000000    0.766177
 1040.000000    0.775160
 1045.000000    0.806152
 1050.000000    0.811032
 1055.000000    0.781733
 1060.000000    0.801754
 1065.000000    0.779265
 1070.000000    0.738906
 1075.000000    0.735372
 1080.000000    0.758478
 1085.000000    0.768219
 1090.000000    0.783644
 1095.000000    0.805212
 1100.000000    0.799201
 1105.000000    0.777099
 1110.000000    0.761116
 1115.000000    0.753805
 1120.000000    0.733737
 1125.000000    0.768638
 1130.000000    0.781498
 1135.000000    0.794523
 1140.000000    0.793960
 1145.000000    0.813661
 1150.000000    0.813048
 1155.000000    0.804082
 1160.000000    0.778873
 1165.000000    0.774413
 1170.000000    0.775821
 1175.000000    0.760038
 1180.000000    0.761797
 1185.000000    0.778410
 1190.000000    0.797136
 1195.000000    0.791989
 1200.000000    0.794590
 1205.000000    0.790199
 1210.000000    0.793575
 1215.000000    0.784751
 1220.000000    0.778626
 1225.000000    0.776543
 1230.000000    0.749137
 1235.000000    0.752584
 1240.000000    0.768500
 1245.000000    0.762488
 1250.000000    0.767352
 1255.000000    0.779865
 1260.000000    0.788268
 1265.000000    0.798516
 1270.000000    0.786315
 1275.000000    0.779968
 1280.000000    0.763573
 1285.000000    0.770203
 1290.000000    0.818330
 1295.000000    0.813203
 1300.000000    0.786886
 1305.000000    0.775070
 1310.000000    0.760979
 1315.000000    0.749534
 1320.000000    0.740862
 1325.000000    0.711284
 1330.000000    0.701489
 1335.000000    0.714046
 1340.000000    0.757057
 1345.000000    0.777654
 1350.000000    0.765837
 1355.000000    0.776884
 1360.000000    0.802535
 1365.000000    0.800510
 1370.000000    0.789574
 1375.000000    0.780453
 1380.000000    0.771773
 1385.000000    0.766461
 1390.000000    0.719758
 1395.000000    0.711804
 1400.000000    0.703575
 1405.000000    0.709807
 1410.000000    0.744588
 1415.000000    0.785819
 1420.000000    0.795432
 1425.000000    0.791145
 1430.000000    0.782767
 1435.000000    0.786256
 1440.000000    0.799774
 1445.000000    0.798383
 1450.000000    0.786594
 1455.000000    0.787309
 1460.000000    0.810304
 1465.000000    0.785556
 1470.000000    0.781135
 1475.000000    0.760444
 1480.000000    0.750942
 1485.000000    0.751893
 1490.000000    0.748840
 1495.000000    0.742347
 1500.000000    0.733992
 1505.000000    0.735000
 1510.000000    0.749422
 1515.000000    0.741838
 1520.000000    0.741682
 1525.000000    0.758702
 1530.000000    0.765033
 1535.000000    0.774192
 1540.000000    0.752487
 1545.000000    0.732990
 1550.000000    0.754706
 1555.000000    0.761485
 1560.000000    0.725499
 1565.000000    0.719690
 1570.000000    0.753836
 1575.000000    0.760117
 1580.000000    0.758406
 1585.000000    0.767526
 1590.000000    0.778636
 1595.000000    0.778045
 1600.000000    0.793153
 1605.000000    0.811759
 1610.000000    0.828892
 1615.000000    0.819702
 1620.000000    0.836026
 1625.000000    0.823350
 1630.000000    0.793313
 1635.000000    0.769566
 1640.000000    0.746939
 1645.000000    0.716185
 1650.000000    0.714523
 1655.000000    0.710903
 1660.000000    0.720198
 1665.000000    0.730469
 1670.000000    0.754105
 1675.000000    0.768181
 1680.000000    0.792716
 1685.000000    0.802335
 1690.000000    0.804254
 1695.000000    0.786992
 1700.000000    0.756216
 1705.000000    0.706929
 1710.000000    0.681805
 1715.000000    0.699427
 1720.000000    0.697167
 1725.000000    0.690035
 1730.000000    0.694186
 1735.000000    0.706809
 1740.000000    0.728524
 1745.000000    0.774406
 1750.000000    0.797286
 1755.000000    0.811008
 1760.000000    0.787821
 1765.000000    0.786139
 1770.000000    0.789352
 1775.000000    0.777324
 1780.000000    0.747394
 1785.000000    0.760897
 1790.000000    0.772750
 1795.000000    0.803205
 1800.000000    0.796928
 1805.000000    0.795593
 1810.000000    0.791494
 1815.000000    0.780531
 1820.000000    0.814824
 1825.000000    0.821856
 1830.000000    0.825053
 1835.000000    0.822155
 1840.000000    0.816613
 1845.000000    0.852898
 1850.000000    0.873596
 1855.000000    0.841834
 1860.000000    0.842518
 1865.000000    0.844628
 1870.000000    0.829642
 1875.000000    0.817675
 1880.000000    0.802684
