#  pixel_depth  alphabetafraction   >  Analysis of alpha beta fraction
   96.000000    0.747250
  101.000000    0.762952
  106.000000    0.757223
  111.000000    0.736677
  116.000000    0.741210
  121.000000    0.743947
  126.000000    0.727799
  131.000000    0.721897
  136.000000    0.707676
  141.000000    0.705558
  146.000000    0.705950
  151.000000    0.693539
  156.000000    0.666938
  161.000000    0.646853
  166.000000    0.603275
  171.000000    0.634086
  176.000000    0.671175
  181.000000    0.672258
  186.000000    0.644402
  191.000000    0.664876
  196.000000    0.688872
  201.000000    0.705446
  206.000000    0.705437
  211.000000    0.690028
  216.000000    0.702404
  221.000000    0.750229
  226.000000    0.745813
  231.000000    0.745585
  236.000000    0.722771
  241.000000    0.698365
  246.000000    0.669846
  251.000000    0.686583
  256.000000    0.684665
  261.000000    0.654148
  266.000000    0.649223
  271.000000    0.665890
  276.000000    0.664107
  281.000000    0.651692
  286.000000    0.641186
  291.000000    0.633558
  296.000000    0.632287
  301.000000    0.630420
  306.000000    0.624335
  311.000000    0.630745
  316.000000    0.695092
  321.000000    0.699456
  326.000000    0.700823
  331.000000    0.718320
  336.000000    0.735538
  341.000000    0.749178
  346.000000    0.750081
  351.000000    0.741545
  356.000000    0.721943
  361.000000    0.700712
  366.000000    0.704772
  371.000000    0.692589
  376.000000    0.689952
  381.000000    0.717966
  386.000000    0.685947
  391.000000    0.681970
  396.000000    0.673915
  401.000000    0.680183
  406.000000    0.699924
  411.000000    0.701207
  416.000000    0.682709
  421.000000    0.663247
  426.000000    0.663798
  431.000000    0.699858
  436.000000    0.714824
  441.000000    0.726736
  446.000000    0.722687
  451.000000    0.729549
  456.000000    0.749545
  461.000000    0.754930
  466.000000    0.763807
  471.000000    0.753941
  476.000000    0.757984
  481.000000    0.774553
  486.000000    0.772826
  491.000000    0.760521
  496.000000    0.752865
  501.000000    0.737409
  506.000000    0.708160
  511.000000    0.670842
  516.000000    0.628565
  521.000000    0.584348
  526.000000    0.560752
  531.000000    0.538284
  536.000000    0.551551
  541.000000    0.568809
  546.000000    0.572155
  551.000000    0.541221
  556.000000    0.544121
  561.000000    0.539929
  566.000000    0.562129
  571.000000    0.557013
  576.000000    0.563624
  581.000000    0.547431
  586.000000    0.593180
  591.000000    0.639483
  596.000000    0.619257
  601.000000    0.624379
  606.000000    0.639943
  611.000000    0.679764
  616.000000    0.720262
  621.000000    0.745221
  626.000000    0.725916
  631.000000    0.729064
  636.000000    0.739334
  641.000000    0.717926
  646.000000    0.680459
  651.000000    0.648909
  656.000000    0.675942
  661.000000    0.686659
  666.000000    0.659589
  671.000000    0.660451
  676.000000    0.663390
  681.000000    0.696005
  686.000000    0.713954
  691.000000    0.749648
  696.000000    0.772848
  701.000000    0.752938
  706.000000    0.751459
  711.000000    0.766006
  716.000000    0.766675
  721.000000    0.767432
  726.000000    0.770182
  731.000000    0.758047
  736.000000    0.757167
  741.000000    0.763169
  746.000000    0.761298
  751.000000    0.752886
  756.000000    0.753819
  761.000000    0.743214
  766.000000    0.736546
  771.000000    0.734696
  776.000000    0.702546
  781.000000    0.664933
  786.000000    0.671327
  791.000000    0.665624
  796.000000    0.657952
  801.000000    0.676576
  806.000000    0.688372
  811.000000    0.724523
  816.000000    0.747711
  821.000000    0.777894
  826.000000    0.807771
  831.000000    0.803876
  836.000000    0.795642
  841.000000    0.804371
  846.000000    0.799100
  851.000000    0.803064
  856.000000    0.799198
  861.000000    0.753822
  866.000000    0.750984
  871.000000    0.730316
  876.000000    0.704173
  881.000000    0.687574
  886.000000    0.690887
  891.000000    0.714632
  896.000000    0.721749
  901.000000    0.720006
  906.000000    0.686757
  911.000000    0.671675
  916.000000    0.680133
  921.000000    0.701556
  926.000000    0.715385
  931.000000    0.715513
  936.000000    0.709416
  941.000000    0.733069
  946.000000    0.733171
  951.000000    0.705751
  956.000000    0.704205
  961.000000    0.714077
  966.000000    0.716396
  971.000000    0.714468
  976.000000    0.719446
  981.000000    0.691123
  986.000000    0.718021
  991.000000    0.752672
  996.000000    0.764521
 1001.000000    0.770466
 1006.000000    0.789460
 1011.000000    0.775954
 1016.000000    0.740753
 1021.000000    0.699427
 1026.000000    0.680032
 1031.000000    0.676199
 1036.000000    0.667299
 1041.000000    0.668421
 1046.000000    0.690930
 1051.000000    0.713956
 1056.000000    0.719459
 1061.000000    0.744699
 1066.000000    0.773547
 1071.000000    0.778946
 1076.000000    0.765081
 1081.000000    0.746636
 1086.000000    0.715927
 1091.000000    0.700434
 1096.000000    0.700469
 1101.000000    0.703915
 1106.000000    0.752035
 1111.000000    0.757676
 1116.000000    0.747408
 1121.000000    0.750744
 1126.000000    0.739256
 1131.000000    0.733764
 1136.000000    0.729994
 1141.000000    0.728719
 1146.000000    0.704804
 1151.000000    0.716271
 1156.000000    0.724990
 1161.000000    0.739917
 1166.000000    0.738342
 1171.000000    0.769171
 1176.000000    0.790535
 1181.000000    0.788182
 1186.000000    0.777946
 1191.000000    0.741236
 1196.000000    0.712888
 1201.000000    0.723534
 1206.000000    0.733707
 1211.000000    0.737212
 1216.000000    0.747182
 1221.000000    0.753212
 1226.000000    0.704490
 1231.000000    0.726334
 1236.000000    0.739643
 1241.000000    0.756047
 1246.000000    0.754626
 1251.000000    0.772651
 1256.000000    0.774043
 1261.000000    0.767268
 1266.000000    0.756529
 1271.000000    0.729747
 1276.000000    0.704012
 1281.000000    0.688705
 1286.000000    0.666140
 1291.000000    0.646865
 1296.000000    0.666845
 1301.000000    0.650690
 1306.000000    0.654929
 1311.000000    0.658741
 1316.000000    0.661662
 1321.000000    0.673853
 1326.000000    0.674075
 1331.000000    0.683899
 1336.000000    0.668505
 1341.000000    0.653626
 1346.000000    0.686586
 1351.000000    0.745419
 1356.000000    0.765518
 1361.000000    0.764966
 1366.000000    0.801342
 1371.000000    0.794172
 1376.000000    0.782623
 1381.000000    0.787768
 1386.000000    0.782167
 1391.000000    0.772756
 1396.000000    0.767495
 1401.000000    0.755558
 1406.000000    0.740837
 1411.000000    0.740651
 1416.000000    0.754133
 1421.000000    0.744040
 1426.000000    0.752248
 1431.000000    0.742932
 1436.000000    0.735183
 1441.000000    0.700536
 1446.000000    0.668868
 1451.000000    0.638674
 1456.000000    0.618136
 1461.000000    0.634424
 1466.000000    0.640243
 1471.000000    0.645660
 1476.000000    0.612430
 1481.000000    0.639405
 1486.000000    0.669501
 1491.000000    0.671696
 1496.000000    0.706277
 1501.000000    0.751623
 1506.000000    0.771586
 1511.000000    0.809566
 1516.000000    0.812872
 1521.000000    0.813728
 1526.000000    0.816266
 1531.000000    0.785457
 1536.000000    0.760913
 1541.000000    0.738098
 1546.000000    0.744953
 1551.000000    0.764099
 1556.000000    0.760273
 1561.000000    0.752544
 1566.000000    0.720548
 1571.000000    0.677759
 1576.000000    0.676168
 1581.000000    0.669413
 1586.000000    0.660407
 1591.000000    0.675955
 1596.000000    0.681346
 1601.000000    0.682152
 1606.000000    0.714839
 1611.000000    0.732720
 1616.000000    0.722667
 1621.000000    0.750575
 1626.000000    0.762132
 1631.000000    0.765372
 1636.000000    0.786864
 1641.000000    0.780607
 1646.000000    0.778013
 1651.000000    0.772323
 1656.000000    0.754275
 1661.000000    0.735253
 1666.000000    0.721761
 1671.000000    0.736780
 1676.000000    0.745939
 1681.000000    0.751187
 1686.000000    0.739906
 1691.000000    0.729112
 1696.000000    0.693792
 1701.000000    0.661360
 1706.000000    0.648216
 1711.000000    0.645553
 1716.000000    0.640278
 1721.000000    0.647808
 1726.000000    0.668759
 1731.000000    0.657701
 1736.000000    0.651557
 1741.000000    0.661151
 1746.000000    0.655814
 1751.000000    0.664703
 1756.000000    0.635063
 1761.000000    0.649265
 1766.000000    0.687509
 1771.000000    0.742320
 1776.000000    0.760302
 1781.000000    0.761366
 1786.000000    0.774212
 1791.000000    0.780090
 1796.000000    0.770672
 1801.000000    0.786502
 1806.000000    0.794088
 1811.000000    0.769362
 1816.000000    0.767907
 1821.000000    0.742639
 1826.000000    0.713200
 1831.000000    0.693339
 1836.000000    0.691914
 1841.000000    0.702621
 1846.000000    0.694493
 1851.000000    0.693659
 1856.000000    0.718012
 1861.000000    0.754156
 1866.000000    0.794638
