#  pixel_depth  alphabetafraction   >  Analysis of alpha beta fraction
   87.000000    0.708343
   92.000000    0.689178
   97.000000    0.674074
  102.000000    0.685664
  107.000000    0.691708
  112.000000    0.701508
  117.000000    0.702997
  122.000000    0.712252
  127.000000    0.739238
  132.000000    0.713977
  137.000000    0.687942
  142.000000    0.674625
  147.000000    0.688297
  152.000000    0.699421
  157.000000    0.701177
  162.000000    0.721748
  167.000000    0.768537
  172.000000    0.805692
  177.000000    0.810676
  182.000000    0.805076
  187.000000    0.788432
  192.000000    0.751865
  197.000000    0.703554
  202.000000    0.725877
  207.000000    0.726172
  212.000000    0.723824
  217.000000    0.692556
  222.000000    0.704780
  227.000000    0.704310
  232.000000    0.692368
  237.000000    0.673615
  242.000000    0.699304
  247.000000    0.702406
  252.000000    0.710401
  257.000000    0.729109
  262.000000    0.730050
  267.000000    0.706445
  272.000000    0.698539
  277.000000    0.726241
  282.000000    0.763844
  287.000000    0.767071
  292.000000    0.785557
  297.000000    0.768135
  302.000000    0.744114
  307.000000    0.732237
  312.000000    0.764710
  317.000000    0.786226
  322.000000    0.758859
  327.000000    0.755805
  332.000000    0.773568
  337.000000    0.765282
  342.000000    0.733483
  347.000000    0.710542
  352.000000    0.687370
  357.000000    0.660994
  362.000000    0.664519
  367.000000    0.663618
  372.000000    0.706378
  377.000000    0.732511
  382.000000    0.729304
  387.000000    0.721731
  392.000000    0.742157
  397.000000    0.744636
  402.000000    0.735654
  407.000000    0.765577
  412.000000    0.757606
  417.000000    0.768519
  422.000000    0.760029
  427.000000    0.711827
  432.000000    0.686858
  437.000000    0.643352
  442.000000    0.638187
  447.000000    0.643375
  452.000000    0.624077
  457.000000    0.666034
  462.000000    0.702909
  467.000000    0.716131
  472.000000    0.738150
  477.000000    0.769870
  482.000000    0.743243
  487.000000    0.733521
  492.000000    0.746499
  497.000000    0.752791
  502.000000    0.743636
  507.000000    0.718574
  512.000000    0.719646
  517.000000    0.713809
  522.000000    0.715635
  527.000000    0.721338
  532.000000    0.719864
  537.000000    0.716775
  542.000000    0.686259
  547.000000    0.640597
  552.000000    0.637042
  557.000000    0.608680
  562.000000    0.617556
  567.000000    0.643287
  572.000000    0.685492
  577.000000    0.679429
  582.000000    0.703556
  587.000000    0.730606
  592.000000    0.735967
  597.000000    0.757825
  602.000000    0.760401
  607.000000    0.736353
  612.000000    0.729521
  617.000000    0.741611
  622.000000    0.753247
  627.000000    0.750705
  632.000000    0.721193
  637.000000    0.681374
  642.000000    0.634071
  647.000000    0.602241
  652.000000    0.624731
  657.000000    0.664863
  662.000000    0.675290
  667.000000    0.681086
  672.000000    0.687776
  677.000000    0.706647
  682.000000    0.708684
  687.000000    0.685740
  692.000000    0.675450
  697.000000    0.676613
  702.000000    0.671025
  707.000000    0.668264
  712.000000    0.697970
  717.000000    0.696535
  722.000000    0.691064
  727.000000    0.725255
  732.000000    0.722980
  737.000000    0.740614
  742.000000    0.721823
  747.000000    0.715453
  752.000000    0.706421
  757.000000    0.687655
  762.000000    0.717069
  767.000000    0.733560
  772.000000    0.737980
  777.000000    0.766661
  782.000000    0.780304
  787.000000    0.794894
  792.000000    0.785302
  797.000000    0.805162
  802.000000    0.765082
  807.000000    0.746352
  812.000000    0.731070
  817.000000    0.676497
  822.000000    0.642047
  827.000000    0.578939
  832.000000    0.532730
  837.000000    0.504517
  842.000000    0.467993
  847.000000    0.463078
  852.000000    0.491637
  857.000000    0.555610
  862.000000    0.579460
  867.000000    0.593393
  872.000000    0.643731
  877.000000    0.676432
  882.000000    0.707012
  887.000000    0.746648
  892.000000    0.749231
  897.000000    0.744585
  902.000000    0.741186
  907.000000    0.740955
  912.000000    0.729223
  917.000000    0.723446
  922.000000    0.700830
  927.000000    0.657500
  932.000000    0.601711
  937.000000    0.591510
  942.000000    0.564335
  947.000000    0.560304
  952.000000    0.541944
  957.000000    0.540983
  962.000000    0.558941
  967.000000    0.585852
  972.000000    0.615598
  977.000000    0.636446
  982.000000    0.672714
  987.000000    0.696963
  992.000000    0.724917
  997.000000    0.715457
 1002.000000    0.718472
 1007.000000    0.724069
 1012.000000    0.711667
 1017.000000    0.683416
 1022.000000    0.689082
 1027.000000    0.675437
 1032.000000    0.655859
 1037.000000    0.658861
 1042.000000    0.687312
 1047.000000    0.735560
 1052.000000    0.730547
 1057.000000    0.712973
 1062.000000    0.721663
 1067.000000    0.715455
 1072.000000    0.741908
 1077.000000    0.744580
 1082.000000    0.750548
 1087.000000    0.754992
 1092.000000    0.768001
 1097.000000    0.778268
 1102.000000    0.770595
 1107.000000    0.731602
 1112.000000    0.712182
 1117.000000    0.701382
 1122.000000    0.708215
 1127.000000    0.708362
 1132.000000    0.742220
 1137.000000    0.745757
 1142.000000    0.768684
 1147.000000    0.771326
 1152.000000    0.756247
 1157.000000    0.702770
 1162.000000    0.688721
 1167.000000    0.686518
 1172.000000    0.709852
 1177.000000    0.728876
 1182.000000    0.736230
 1187.000000    0.727094
 1192.000000    0.685074
 1197.000000    0.657633
 1202.000000    0.641502
 1207.000000    0.618108
 1212.000000    0.622249
 1217.000000    0.667278
 1222.000000    0.689406
 1227.000000    0.716775
 1232.000000    0.722547
 1237.000000    0.725926
 1242.000000    0.718254
 1247.000000    0.722145
 1252.000000    0.731446
 1257.000000    0.710459
 1262.000000    0.694732
 1267.000000    0.683148
 1272.000000    0.703556
 1277.000000    0.735966
 1282.000000    0.742103
 1287.000000    0.738194
 1292.000000    0.722103
 1297.000000    0.697515
 1302.000000    0.728406
 1307.000000    0.741113
 1312.000000    0.753515
 1317.000000    0.757630
 1322.000000    0.769287
 1327.000000    0.765439
 1332.000000    0.756378
 1337.000000    0.761412
 1342.000000    0.750075
 1347.000000    0.725499
 1352.000000    0.716269
 1357.000000    0.714281
 1362.000000    0.705510
 1367.000000    0.707173
 1372.000000    0.708514
 1377.000000    0.719754
 1382.000000    0.731347
 1387.000000    0.733990
 1392.000000    0.714445
 1397.000000    0.690294
 1402.000000    0.702822
 1407.000000    0.741214
 1412.000000    0.760519
 1417.000000    0.747419
 1422.000000    0.716340
 1427.000000    0.704750
 1432.000000    0.671520
 1437.000000    0.647708
 1442.000000    0.671007
 1447.000000    0.713177
 1452.000000    0.754404
 1457.000000    0.778906
 1462.000000    0.792874
 1467.000000    0.812566
 1472.000000    0.787283
 1477.000000    0.768026
 1482.000000    0.767071
 1487.000000    0.756015
 1492.000000    0.739890
 1497.000000    0.736569
 1502.000000    0.734842
 1507.000000    0.704594
 1512.000000    0.684447
 1517.000000    0.636230
 1522.000000    0.606647
 1527.000000    0.572090
 1532.000000    0.580490
 1537.000000    0.631150
 1542.000000    0.679346
 1547.000000    0.675013
 1552.000000    0.688190
 1557.000000    0.686622
 1562.000000    0.724151
 1567.000000    0.765314
 1572.000000    0.805308
 1577.000000    0.807238
 1582.000000    0.789826
 1587.000000    0.771504
 1592.000000    0.749997
 1597.000000    0.723556
 1602.000000    0.669687
 1607.000000    0.638338
 1612.000000    0.635040
 1617.000000    0.625014
 1622.000000    0.589626
 1627.000000    0.587731
 1632.000000    0.610968
 1637.000000    0.645637
 1642.000000    0.654462
 1647.000000    0.676370
 1652.000000    0.691145
 1657.000000    0.742331
 1662.000000    0.759346
 1667.000000    0.773034
 1672.000000    0.777970
 1677.000000    0.773636
 1682.000000    0.761968
 1687.000000    0.743350
 1692.000000    0.715684
 1697.000000    0.710799
 1702.000000    0.693689
 1707.000000    0.709153
 1712.000000    0.732743
 1717.000000    0.732829
 1722.000000    0.751089
 1727.000000    0.781537
 1732.000000    0.759594
 1737.000000    0.760370
 1742.000000    0.739923
 1747.000000    0.710712
 1752.000000    0.692030
 1757.000000    0.681731
 1762.000000    0.685967
 1767.000000    0.709694
 1772.000000    0.723769
 1777.000000    0.740798
 1782.000000    0.775267
 1787.000000    0.809709
 1792.000000    0.828636
 1797.000000    0.838704
 1802.000000    0.825476
 1807.000000    0.802634
 1812.000000    0.762432
 1817.000000    0.710755
 1822.000000    0.683051
 1827.000000    0.680330
 1832.000000    0.683450
 1837.000000    0.674320
 1842.000000    0.640288
 1847.000000    0.619809
 1852.000000    0.588908
 1857.000000    0.566949
 1862.000000    0.550665
 1867.000000    0.552895
 1872.000000    0.579069
 1877.000000    0.602413
 1882.000000    0.634109
 1887.000000    0.632033
 1892.000000    0.641847
