#  pixel_depth  alphabetafraction   >  Analysis of alpha beta fraction
  190.000000    0.831179
  195.000000    0.824678
  200.000000    0.823242
  205.000000    0.819670
  210.000000    0.818188
  215.000000    0.832939
  220.000000    0.827703
  225.000000    0.848987
  230.000000    0.835178
  235.000000    0.814576
  240.000000    0.792732
  245.000000    0.785854
  250.000000    0.775597
  255.000000    0.753637
  260.000000    0.758767
  265.000000    0.734824
  270.000000    0.725404
  275.000000    0.701852
  280.000000    0.724804
  285.000000    0.731850
  290.000000    0.724300
  295.000000    0.734774
  300.000000    0.750326
  305.000000    0.763276
  310.000000    0.787073
  315.000000    0.786083
  320.000000    0.781336
  325.000000    0.769847
  330.000000    0.733423
  335.000000    0.739637
  340.000000    0.753054
  345.000000    0.769505
  350.000000    0.788192
  355.000000    0.813046
  360.000000    0.809095
  365.000000    0.793461
  370.000000    0.808218
  375.000000    0.825740
  380.000000    0.815558
  385.000000    0.821061
  390.000000    0.811285
  395.000000    0.802829
  400.000000    0.786009
  405.000000    0.779430
  410.000000    0.793074
  415.000000    0.795225
  420.000000    0.772721
  425.000000    0.755410
  430.000000    0.777137
  435.000000    0.808302
  440.000000    0.827791
  445.000000    0.819520
  450.000000    0.816096
  455.000000    0.824152
  460.000000    0.835522
  465.000000    0.821466
  470.000000    0.803862
  475.000000    0.835104
  480.000000    0.844211
  485.000000    0.839100
  490.000000    0.826622
  495.000000    0.815969
  500.000000    0.791700
  505.000000    0.783208
  510.000000    0.785866
  515.000000    0.792538
  520.000000    0.783060
  525.000000    0.797288
  530.000000    0.791550
  535.000000    0.776117
  540.000000    0.789622
  545.000000    0.791532
  550.000000    0.788207
  555.000000    0.781417
  560.000000    0.780478
  565.000000    0.778800
  570.000000    0.835964
  575.000000    0.859442
  580.000000    0.869497
  585.000000    0.850295
  590.000000    0.814419
  595.000000    0.815027
  600.000000    0.810450
  605.000000    0.809402
  610.000000    0.804087
  615.000000    0.828105
  620.000000    0.827646
  625.000000    0.812102
  630.000000    0.808029
  635.000000    0.809514
  640.000000    0.804058
  645.000000    0.801303
  650.000000    0.787386
  655.000000    0.788558
  660.000000    0.794620
  665.000000    0.838882
  670.000000    0.858957
  675.000000    0.865267
  680.000000    0.848501
  685.000000    0.831047
  690.000000    0.811745
  695.000000    0.783301
  700.000000    0.769801
  705.000000    0.783797
  710.000000    0.772549
  715.000000    0.782739
  720.000000    0.790638
  725.000000    0.818874
  730.000000    0.801307
  735.000000    0.781591
  740.000000    0.757047
  745.000000    0.726678
  750.000000    0.725103
  755.000000    0.744158
  760.000000    0.767056
  765.000000    0.779519
  770.000000    0.785619
  775.000000    0.791936
  780.000000    0.792251
  785.000000    0.757162
  790.000000    0.751384
  795.000000    0.757494
  800.000000    0.731110
  805.000000    0.736453
  810.000000    0.747878
  815.000000    0.775112
  820.000000    0.769063
  825.000000    0.788811
  830.000000    0.796381
  835.000000    0.787436
  840.000000    0.765341
  845.000000    0.773069
  850.000000    0.795299
  855.000000    0.828634
  860.000000    0.840872
  865.000000    0.857444
  870.000000    0.845933
  875.000000    0.841801
  880.000000    0.852167
  885.000000    0.870537
  890.000000    0.857866
  895.000000    0.825732
  900.000000    0.809736
  905.000000    0.808786
  910.000000    0.811816
  915.000000    0.779598
  920.000000    0.767362
  925.000000    0.785978
  930.000000    0.779006
  935.000000    0.770504
  940.000000    0.772927
  945.000000    0.758533
  950.000000    0.760175
  955.000000    0.767059
  960.000000    0.752041
  965.000000    0.739600
  970.000000    0.754696
  975.000000    0.756937
  980.000000    0.748057
  985.000000    0.741726
  990.000000    0.743418
  995.000000    0.784752
 1000.000000    0.821154
 1005.000000    0.826088
 1010.000000    0.851873
 1015.000000    0.863534
 1020.000000    0.818211
 1025.000000    0.793918
 1030.000000    0.790089
 1035.000000    0.776335
 1040.000000    0.785583
 1045.000000    0.738507
 1050.000000    0.687805
 1055.000000    0.679246
 1060.000000    0.671845
 1065.000000    0.653358
 1070.000000    0.646481
 1075.000000    0.654407
 1080.000000    0.649370
 1085.000000    0.665087
 1090.000000    0.702477
 1095.000000    0.753064
 1100.000000    0.769917
 1105.000000    0.816790
 1110.000000    0.840491
 1115.000000    0.841439
 1120.000000    0.833049
 1125.000000    0.839395
 1130.000000    0.855537
 1135.000000    0.827006
 1140.000000    0.807943
 1145.000000    0.811735
 1150.000000    0.829832
 1155.000000    0.816079
 1160.000000    0.812740
 1165.000000    0.793219
 1170.000000    0.802166
 1175.000000    0.792230
 1180.000000    0.797256
 1185.000000    0.743316
 1190.000000    0.733232
 1195.000000    0.691931
 1200.000000    0.697613
 1205.000000    0.743053
 1210.000000    0.779328
 1215.000000    0.809672
 1220.000000    0.818953
 1225.000000    0.805408
 1230.000000    0.778306
 1235.000000    0.789008
 1240.000000    0.775500
 1245.000000    0.800898
 1250.000000    0.834907
 1255.000000    0.853072
 1260.000000    0.854528
 1265.000000    0.839444
 1270.000000    0.811463
 1275.000000    0.787972
 1280.000000    0.775793
 1285.000000    0.801680
 1290.000000    0.798133
 1295.000000    0.779988
 1300.000000    0.781382
 1305.000000    0.771374
 1310.000000    0.777398
 1315.000000    0.768608
 1320.000000    0.759338
 1325.000000    0.794325
 1330.000000    0.785514
 1335.000000    0.794574
 1340.000000    0.786011
 1345.000000    0.766771
 1350.000000    0.754547
 1355.000000    0.748663
 1360.000000    0.724358
 1365.000000    0.712862
 1370.000000    0.727374
 1375.000000    0.740380
 1380.000000    0.775628
 1385.000000    0.766358
 1390.000000    0.756989
 1395.000000    0.780358
 1400.000000    0.778057
 1405.000000    0.794144
 1410.000000    0.790760
 1415.000000    0.784351
 1420.000000    0.762841
 1425.000000    0.737975
 1430.000000    0.753678
 1435.000000    0.751945
 1440.000000    0.752636
 1445.000000    0.747147
 1450.000000    0.779637
 1455.000000    0.774754
 1460.000000    0.764017
 1465.000000    0.788862
 1470.000000    0.771322
 1475.000000    0.808621
 1480.000000    0.794617
 1485.000000    0.760155
 1490.000000    0.759323
 1495.000000    0.765584
 1500.000000    0.786210
 1505.000000    0.778642
 1510.000000    0.761735
 1515.000000    0.774294
 1520.000000    0.762908
 1525.000000    0.758586
 1530.000000    0.774422
 1535.000000    0.792596
 1540.000000    0.789819
 1545.000000    0.790815
 1550.000000    0.779979
 1555.000000    0.783547
 1560.000000    0.793771
 1565.000000    0.791625
 1570.000000    0.823799
 1575.000000    0.818728
 1580.000000    0.811789
 1585.000000    0.789667
 1590.000000    0.796360
 1595.000000    0.801289
 1600.000000    0.811422
 1605.000000    0.801936
 1610.000000    0.819622
 1615.000000    0.823428
 1620.000000    0.807127
 1625.000000    0.800686
 1630.000000    0.799004
 1635.000000    0.790787
 1640.000000    0.795575
 1645.000000    0.790259
 1650.000000    0.770171
 1655.000000    0.773652
 1660.000000    0.764150
 1665.000000    0.758908
 1670.000000    0.777674
 1675.000000    0.793672
 1680.000000    0.786683
 1685.000000    0.791951
 1690.000000    0.729794
 1695.000000    0.699251
 1700.000000    0.720790
 1705.000000    0.720426
 1710.000000    0.712576
 1715.000000    0.699417
 1720.000000    0.730055
 1725.000000    0.754126
 1730.000000    0.731051
 1735.000000    0.748817
 1740.000000    0.744245
 1745.000000    0.755286
 1750.000000    0.766724
 1755.000000    0.755369
 1760.000000    0.758394
 1765.000000    0.783541
 1770.000000    0.783821
 1775.000000    0.771971
 1780.000000    0.782469
 1785.000000    0.812602
 1790.000000    0.824256
 1795.000000    0.828079
 1800.000000    0.819349
 1805.000000    0.812561
 1810.000000    0.813087
 1815.000000    0.816063
 1820.000000    0.801559
 1825.000000    0.807878
 1830.000000    0.790198
 1835.000000    0.789270
 1840.000000    0.791841
 1845.000000    0.773089
 1850.000000    0.755956
 1855.000000    0.742547
 1860.000000    0.731697
 1865.000000    0.700092
 1870.000000    0.682083
 1875.000000    0.707956
 1880.000000    0.724009
 1885.000000    0.754935
 1890.000000    0.782992
 1895.000000    0.811063
 1900.000000    0.821704
 1905.000000    0.799346
 1910.000000    0.791762
 1915.000000    0.785025
 1920.000000    0.797342
 1925.000000    0.767014
 1930.000000    0.771376
 1935.000000    0.791676
 1940.000000    0.809150
