#  pixel_depth  alphabetafraction   >  Analysis of alpha beta fraction
  159.000000    0.794569
  164.000000    0.815026
  169.000000    0.822762
  174.000000    0.840063
  179.000000    0.837622
  184.000000    0.849707
  189.000000    0.840289
  194.000000    0.860864
  199.000000    0.848147
  204.000000    0.820621
  209.000000    0.804843
  214.000000    0.799936
  219.000000    0.791254
  224.000000    0.766048
  229.000000    0.758491
  234.000000    0.791444
  239.000000    0.788719
  244.000000    0.759422
  249.000000    0.763046
  254.000000    0.781886
  259.000000    0.775340
  264.000000    0.733197
  269.000000    0.711989
  274.000000    0.687811
  279.000000    0.696520
  284.000000    0.711725
  289.000000    0.718923
  294.000000    0.755146
  299.000000    0.760415
  304.000000    0.759558
  309.000000    0.761855
  314.000000    0.793990
  319.000000    0.782769
  324.000000    0.792069
  329.000000    0.801622
  334.000000    0.819905
  339.000000    0.836314
  344.000000    0.846957
  349.000000    0.841896
  354.000000    0.831438
  359.000000    0.836837
  364.000000    0.819644
  369.000000    0.814024
  374.000000    0.802707
  379.000000    0.799055
  384.000000    0.781810
  389.000000    0.777822
  394.000000    0.785233
  399.000000    0.780606
  404.000000    0.793342
  409.000000    0.788998
  414.000000    0.753061
  419.000000    0.751357
  424.000000    0.748735
  429.000000    0.770745
  434.000000    0.767648
  439.000000    0.762258
  444.000000    0.772449
  449.000000    0.768222
  454.000000    0.833784
  459.000000    0.836834
  464.000000    0.827675
  469.000000    0.832451
  474.000000    0.799717
  479.000000    0.768411
  484.000000    0.762427
  489.000000    0.740895
  494.000000    0.736712
  499.000000    0.711038
  504.000000    0.716975
  509.000000    0.742014
  514.000000    0.764805
  519.000000    0.772400
  524.000000    0.751064
  529.000000    0.723418
  534.000000    0.689663
  539.000000    0.667291
  544.000000    0.678310
  549.000000    0.687484
  554.000000    0.700345
  559.000000    0.726283
  564.000000    0.780285
  569.000000    0.793008
  574.000000    0.782405
  579.000000    0.784484
  584.000000    0.761806
  589.000000    0.765374
  594.000000    0.744873
  599.000000    0.751685
  604.000000    0.746444
  609.000000    0.747858
  614.000000    0.749435
  619.000000    0.761379
  624.000000    0.759578
  629.000000    0.733566
  634.000000    0.762228
  639.000000    0.745604
  644.000000    0.746053
  649.000000    0.750122
  654.000000    0.756116
  659.000000    0.766021
  664.000000    0.760219
  669.000000    0.759344
  674.000000    0.752115
  679.000000    0.775495
  684.000000    0.777417
  689.000000    0.764338
  694.000000    0.769564
  699.000000    0.745150
  704.000000    0.710497
  709.000000    0.714017
  714.000000    0.720283
  719.000000    0.726359
  724.000000    0.722263
  729.000000    0.721970
  734.000000    0.718634
  739.000000    0.731695
  744.000000    0.733941
  749.000000    0.775866
  754.000000    0.809662
  759.000000    0.817156
  764.000000    0.820629
  769.000000    0.815365
  774.000000    0.815440
  779.000000    0.831997
  784.000000    0.832477
  789.000000    0.832835
  794.000000    0.796613
  799.000000    0.750044
  804.000000    0.709832
  809.000000    0.709898
  814.000000    0.710731
  819.000000    0.720960
  824.000000    0.721172
  829.000000    0.740037
  834.000000    0.757107
  839.000000    0.759540
  844.000000    0.772392
  849.000000    0.774935
  854.000000    0.794270
  859.000000    0.794272
  864.000000    0.786225
  869.000000    0.789801
  874.000000    0.798078
  879.000000    0.800798
  884.000000    0.817618
  889.000000    0.829381
  894.000000    0.815828
  899.000000    0.800964
  904.000000    0.787766
  909.000000    0.770789
  914.000000    0.768742
  919.000000    0.785179
  924.000000    0.795220
  929.000000    0.795670
  934.000000    0.785471
  939.000000    0.779565
  944.000000    0.747353
  949.000000    0.711767
  954.000000    0.725970
  959.000000    0.749709
  964.000000    0.756302
  969.000000    0.761271
  974.000000    0.773860
  979.000000    0.755220
  984.000000    0.757920
  989.000000    0.760083
  994.000000    0.728611
  999.000000    0.734564
 1004.000000    0.736454
 1009.000000    0.745632
 1014.000000    0.766100
 1019.000000    0.781578
 1024.000000    0.792383
 1029.000000    0.783653
 1034.000000    0.797492
 1039.000000    0.827834
 1044.000000    0.846846
 1049.000000    0.831789
 1054.000000    0.841391
 1059.000000    0.825705
 1064.000000    0.774634
 1069.000000    0.745566
 1074.000000    0.739997
 1079.000000    0.737626
 1084.000000    0.737496
 1089.000000    0.751900
 1094.000000    0.768448
 1099.000000    0.798679
 1104.000000    0.828877
 1109.000000    0.810180
 1114.000000    0.807480
 1119.000000    0.797318
 1124.000000    0.772161
 1129.000000    0.750477
 1134.000000    0.737149
 1139.000000    0.714147
 1144.000000    0.709291
 1149.000000    0.738646
 1154.000000    0.767402
 1159.000000    0.783064
 1164.000000    0.790161
 1169.000000    0.778206
 1174.000000    0.787415
 1179.000000    0.782398
 1184.000000    0.779289
 1189.000000    0.770077
 1194.000000    0.777992
 1199.000000    0.794299
 1204.000000    0.789077
 1209.000000    0.766884
 1214.000000    0.785819
 1219.000000    0.781590
 1224.000000    0.771371
 1229.000000    0.801684
 1234.000000    0.813515
 1239.000000    0.795306
 1244.000000    0.796987
 1249.000000    0.814826
 1254.000000    0.837944
 1259.000000    0.869576
 1264.000000    0.863244
 1269.000000    0.813612
 1274.000000    0.809045
 1279.000000    0.824579
 1284.000000    0.838732
 1289.000000    0.853962
 1294.000000    0.843490
 1299.000000    0.827213
 1304.000000    0.822876
 1309.000000    0.790549
 1314.000000    0.767604
 1319.000000    0.752795
 1324.000000    0.743920
 1329.000000    0.736303
 1334.000000    0.724820
 1339.000000    0.729528
 1344.000000    0.733576
 1349.000000    0.729965
 1354.000000    0.715098
 1359.000000    0.715010
 1364.000000    0.716501
 1369.000000    0.709265
 1374.000000    0.711707
 1379.000000    0.727937
 1384.000000    0.715554
 1389.000000    0.712358
 1394.000000    0.730817
 1399.000000    0.782036
 1404.000000    0.797127
 1409.000000    0.820643
 1414.000000    0.814664
 1419.000000    0.829093
 1424.000000    0.831871
 1429.000000    0.810154
 1434.000000    0.792828
 1439.000000    0.777644
 1444.000000    0.771165
 1449.000000    0.781789
 1454.000000    0.802778
 1459.000000    0.795980
 1464.000000    0.794314
 1469.000000    0.764622
 1474.000000    0.729813
 1479.000000    0.771861
 1484.000000    0.786743
 1489.000000    0.780366
 1494.000000    0.787173
 1499.000000    0.789316
 1504.000000    0.799330
 1509.000000    0.834297
 1514.000000    0.801370
 1519.000000    0.789389
 1524.000000    0.785250
 1529.000000    0.783772
 1534.000000    0.780360
 1539.000000    0.776800
 1544.000000    0.781783
 1549.000000    0.793501
 1554.000000    0.781916
 1559.000000    0.754340
 1564.000000    0.745613
 1569.000000    0.739393
 1574.000000    0.745247
 1579.000000    0.762511
 1584.000000    0.770938
 1589.000000    0.786643
 1594.000000    0.767745
 1599.000000    0.772457
 1604.000000    0.754277
 1609.000000    0.776210
 1614.000000    0.824156
 1619.000000    0.846789
 1624.000000    0.851906
 1629.000000    0.864626
 1634.000000    0.873072
 1639.000000    0.859246
 1644.000000    0.830640
 1649.000000    0.813341
 1654.000000    0.785402
 1659.000000    0.775755
 1664.000000    0.793138
 1669.000000    0.813310
 1674.000000    0.789776
 1679.000000    0.767605
 1684.000000    0.735947
 1689.000000    0.726837
 1694.000000    0.679697
 1699.000000    0.659270
 1704.000000    0.666835
 1709.000000    0.669931
 1714.000000    0.677998
 1719.000000    0.691911
 1724.000000    0.720453
 1729.000000    0.725276
 1734.000000    0.735925
 1739.000000    0.777576
 1744.000000    0.809097
 1749.000000    0.839875
 1754.000000    0.829552
 1759.000000    0.815208
 1764.000000    0.819582
 1769.000000    0.800409
 1774.000000    0.827159
 1779.000000    0.834399
 1784.000000    0.828832
 1789.000000    0.826379
 1794.000000    0.809563
 1799.000000    0.810280
 1804.000000    0.820815
 1809.000000    0.794936
 1814.000000    0.788988
 1819.000000    0.772833
 1824.000000    0.775280
 1829.000000    0.777035
 1834.000000    0.758279
 1839.000000    0.713283
 1844.000000    0.713170
 1849.000000    0.716579
 1854.000000    0.728202
 1859.000000    0.757874
 1864.000000    0.781713
 1869.000000    0.808565
 1874.000000    0.816634
 1879.000000    0.840144
 1884.000000    0.843439
 1889.000000    0.825306
 1894.000000    0.826278
 1899.000000    0.827112
 1904.000000    0.801797
 1909.000000    0.785059
 1914.000000    0.798288
 1919.000000    0.797530
 1924.000000    0.807509
 1929.000000    0.776670
 1934.000000    0.759867
 1939.000000    0.729867
