#  pixel_depth  alphabetafraction   >  Analysis of alpha beta fraction
  121.000000    0.721604
  126.000000    0.737797
  131.000000    0.745156
  136.000000    0.744585
  141.000000    0.740310
  146.000000    0.725392
  151.000000    0.718308
  156.000000    0.709806
  161.000000    0.684497
  166.000000    0.693352
  171.000000    0.697649
  176.000000    0.711509
  181.000000    0.696976
  186.000000    0.700153
  191.000000    0.702787
  196.000000    0.709712
  201.000000    0.727402
  206.000000    0.699718
  211.000000    0.698366
  216.000000    0.687002
  221.000000    0.696531
  226.000000    0.665281
  231.000000    0.663942
  236.000000    0.674611
  241.000000    0.654265
  246.000000    0.613559
  251.000000    0.595136
  256.000000    0.595139
  261.000000    0.592322
  266.000000    0.599419
  271.000000    0.599884
  276.000000    0.630304
  281.000000    0.636649
  286.000000    0.636096
  291.000000    0.640968
  296.000000    0.661952
  301.000000    0.677731
  306.000000    0.673772
  311.000000    0.667718
  316.000000    0.669017
  321.000000    0.641087
  326.000000    0.646638
  331.000000    0.679517
  336.000000    0.681030
  341.000000    0.701300
  346.000000    0.684525
  351.000000    0.674392
  356.000000    0.673297
  361.000000    0.703917
  366.000000    0.739259
  371.000000    0.748238
  376.000000    0.743179
  381.000000    0.757441
  386.000000    0.769212
  391.000000    0.779751
  396.000000    0.752079
  401.000000    0.748021
  406.000000    0.756690
  411.000000    0.791483
  416.000000    0.817565
  421.000000    0.813104
  426.000000    0.811484
  431.000000    0.802484
  436.000000    0.794821
  441.000000    0.786526
  446.000000    0.799924
  451.000000    0.804587
  456.000000    0.800166
  461.000000    0.804086
  466.000000    0.761754
  471.000000    0.706362
  476.000000    0.678111
  481.000000    0.674929
  486.000000    0.648040
  491.000000    0.631653
  496.000000    0.601284
  501.000000    0.592182
  506.000000    0.579348
  511.000000    0.569704
  516.000000    0.565633
  521.000000    0.548253
  526.000000    0.522638
  531.000000    0.534237
  536.000000    0.538426
  541.000000    0.522992
  546.000000    0.509059
  551.000000    0.506446
  556.000000    0.531065
  561.000000    0.539530
  566.000000    0.540414
  571.000000    0.567420
  576.000000    0.614116
  581.000000    0.637959
  586.000000    0.663070
  591.000000    0.669984
  596.000000    0.691330
  601.000000    0.696818
  606.000000    0.686205
  611.000000    0.704585
  616.000000    0.689436
  621.000000    0.683963
  626.000000    0.699989
  631.000000    0.701814
  636.000000    0.707850
  641.000000    0.721563
  646.000000    0.741088
  651.000000    0.759962
  656.000000    0.756968
  661.000000    0.769363
  666.000000    0.772675
  671.000000    0.770752
  676.000000    0.772069
  681.000000    0.730994
  686.000000    0.694088
  691.000000    0.682761
  696.000000    0.671758
  701.000000    0.629024
  706.000000    0.604354
  711.000000    0.565320
  716.000000    0.549269
  721.000000    0.535260
  726.000000    0.557187
  731.000000    0.545317
  736.000000    0.543787
  741.000000    0.574896
  746.000000    0.593656
  751.000000    0.631653
  756.000000    0.665809
  761.000000    0.678334
  766.000000    0.710830
  771.000000    0.743438
  776.000000    0.747829
  781.000000    0.745021
  786.000000    0.754464
  791.000000    0.790369
  796.000000    0.749099
  801.000000    0.717706
  806.000000    0.686729
  811.000000    0.664672
  816.000000    0.658542
  821.000000    0.645745
  826.000000    0.654432
  831.000000    0.675179
  836.000000    0.681736
  841.000000    0.677535
  846.000000    0.691476
  851.000000    0.689607
  856.000000    0.688779
  861.000000    0.680436
  866.000000    0.683010
  871.000000    0.685810
  876.000000    0.642221
  881.000000    0.554531
  886.000000    0.536563
  891.000000    0.563816
  896.000000    0.597870
  901.000000    0.647756
  906.000000    0.665712
  911.000000    0.665017
  916.000000    0.662460
  921.000000    0.664519
  926.000000    0.662895
  931.000000    0.654770
  936.000000    0.645331
  941.000000    0.649701
  946.000000    0.694957
  951.000000    0.715380
  956.000000    0.688505
  961.000000    0.684177
  966.000000    0.702913
  971.000000    0.724203
  976.000000    0.734763
  981.000000    0.739959
  986.000000    0.737859
  991.000000    0.756333
  996.000000    0.760735
 1001.000000    0.767578
 1006.000000    0.789273
 1011.000000    0.788339
 1016.000000    0.790064
 1021.000000    0.816072
 1026.000000    0.841169
 1031.000000    0.855990
 1036.000000    0.889328
 1041.000000    0.874220
 1046.000000    0.816070
 1051.000000    0.761750
 1056.000000    0.726806
 1061.000000    0.689167
 1066.000000    0.683072
 1071.000000    0.687460
 1076.000000    0.662495
 1081.000000    0.622977
 1086.000000    0.589444
 1091.000000    0.580938
 1096.000000    0.590135
 1101.000000    0.616680
 1106.000000    0.654463
 1111.000000    0.659273
 1116.000000    0.664306
 1121.000000    0.682301
 1126.000000    0.697299
 1131.000000    0.704726
 1136.000000    0.718122
 1141.000000    0.717477
 1146.000000    0.722350
 1151.000000    0.724522
 1156.000000    0.744123
 1161.000000    0.731811
 1166.000000    0.732181
 1171.000000    0.721000
 1176.000000    0.712377
 1181.000000    0.719822
 1186.000000    0.690391
 1191.000000    0.670087
 1196.000000    0.655933
 1201.000000    0.648256
 1206.000000    0.604772
 1211.000000    0.625769
 1216.000000    0.641934
 1221.000000    0.669680
 1226.000000    0.702966
 1231.000000    0.745305
 1236.000000    0.769032
 1241.000000    0.771900
 1246.000000    0.770436
 1251.000000    0.741481
 1256.000000    0.731117
 1261.000000    0.734844
 1266.000000    0.734005
 1271.000000    0.681159
 1276.000000    0.635554
 1281.000000    0.622175
 1286.000000    0.607257
 1291.000000    0.631346
 1296.000000    0.609670
 1301.000000    0.620722
 1306.000000    0.657782
 1311.000000    0.661485
 1316.000000    0.650176
 1321.000000    0.678190
 1326.000000    0.711335
 1331.000000    0.706420
 1336.000000    0.703090
 1341.000000    0.711936
 1346.000000    0.687905
 1351.000000    0.694052
 1356.000000    0.690411
 1361.000000    0.669357
 1366.000000    0.669880
 1371.000000    0.667787
 1376.000000    0.661810
 1381.000000    0.651526
 1386.000000    0.690282
 1391.000000    0.711811
 1396.000000    0.725095
 1401.000000    0.719939
 1406.000000    0.721287
 1411.000000    0.688610
 1416.000000    0.685244
 1421.000000    0.671198
 1426.000000    0.653812
 1431.000000    0.619300
 1436.000000    0.593674
 1441.000000    0.566066
 1446.000000    0.527774
 1451.000000    0.524223
 1456.000000    0.534433
 1461.000000    0.531956
 1466.000000    0.532388
 1471.000000    0.553664
 1476.000000    0.603003
 1481.000000    0.638804
 1486.000000    0.640842
 1491.000000    0.616917
 1496.000000    0.619170
 1501.000000    0.626807
 1506.000000    0.625096
 1511.000000    0.635718
 1516.000000    0.638123
 1521.000000    0.640387
 1526.000000    0.654110
 1531.000000    0.664079
 1536.000000    0.664006
 1541.000000    0.678409
 1546.000000    0.702578
 1551.000000    0.704727
 1556.000000    0.688431
 1561.000000    0.656610
 1566.000000    0.629281
 1571.000000    0.636410
 1576.000000    0.704803
 1581.000000    0.736695
 1586.000000    0.734677
 1591.000000    0.743361
 1596.000000    0.742709
 1601.000000    0.737226
 1606.000000    0.730939
 1611.000000    0.720389
 1616.000000    0.692952
 1621.000000    0.658194
 1626.000000    0.638628
 1631.000000    0.661162
 1636.000000    0.682684
 1641.000000    0.689857
 1646.000000    0.705661
 1651.000000    0.711377
 1656.000000    0.699479
 1661.000000    0.685567
 1666.000000    0.636022
 1671.000000    0.600712
 1676.000000    0.586878
 1681.000000    0.571113
 1686.000000    0.553218
 1691.000000    0.548882
 1696.000000    0.566837
 1701.000000    0.581123
 1706.000000    0.570348
 1711.000000    0.612433
 1716.000000    0.649279
 1721.000000    0.647589
 1726.000000    0.706121
 1731.000000    0.737617
 1736.000000    0.746982
 1741.000000    0.766023
 1746.000000    0.787474
 1751.000000    0.809172
 1756.000000    0.796543
 1761.000000    0.818688
 1766.000000    0.834403
 1771.000000    0.833169
 1776.000000    0.830845
 1781.000000    0.818439
 1786.000000    0.802551
 1791.000000    0.800509
