#  pixel_depth  alphabetafraction   >  Analysis of alpha beta fraction
   40.000000    0.554696
   45.000000    0.579776
   50.000000    0.624559
   55.000000    0.694486
   60.000000    0.735133
   65.000000    0.761926
   70.000000    0.754394
   75.000000    0.731237
   80.000000    0.725229
   85.000000    0.741695
   90.000000    0.743087
   95.000000    0.735309
  100.000000    0.733277
  105.000000    0.712186
  110.000000    0.682317
  115.000000    0.672692
  120.000000    0.656555
  125.000000    0.655028
  130.000000    0.643106
  135.000000    0.620354
  140.000000    0.600464
  145.000000    0.614164
  150.000000    0.619821
  155.000000    0.638374
  160.000000    0.654181
  165.000000    0.653633
  170.000000    0.658369
  175.000000    0.686902
  180.000000    0.709521
  185.000000    0.736140
  190.000000    0.753450
  195.000000    0.753433
  200.000000    0.747143
  205.000000    0.720180
  210.000000    0.726993
  215.000000    0.736240
  220.000000    0.736199
  225.000000    0.734937
  230.000000    0.750651
  235.000000    0.752859
  240.000000    0.730101
  245.000000    0.685028
  250.000000    0.675218
  255.000000    0.679744
  260.000000    0.682321
  265.000000    0.661569
  270.000000    0.664612
  275.000000    0.707410
  280.000000    0.712865
  285.000000    0.687348
  290.000000    0.685473
  295.000000    0.703947
  300.000000    0.716892
  305.000000    0.735999
  310.000000    0.789878
  315.000000    0.815579
  320.000000    0.811417
  325.000000    0.786759
  330.000000    0.759684
  335.000000    0.738300
  340.000000    0.689384
  345.000000    0.676884
  350.000000    0.705115
  355.000000    0.697516
  360.000000    0.706454
  365.000000    0.688304
  370.000000    0.700071
  375.000000    0.709016
  380.000000    0.699362
  385.000000    0.686673
  390.000000    0.678988
  395.000000    0.695467
  400.000000    0.651229
  405.000000    0.632020
  410.000000    0.647228
  415.000000    0.686091
  420.000000    0.692604
  425.000000    0.696420
  430.000000    0.673934
  435.000000    0.677525
  440.000000    0.682353
  445.000000    0.671331
  450.000000    0.657983
  455.000000    0.647748
  460.000000    0.656612
  465.000000    0.654758
  470.000000    0.659327
  475.000000    0.663263
  480.000000    0.672424
  485.000000    0.693039
  490.000000    0.691119
  495.000000    0.688103
  500.000000    0.682890
  505.000000    0.699656
  510.000000    0.707011
  515.000000    0.723189
  520.000000    0.793096
  525.000000    0.819407
  530.000000    0.804363
  535.000000    0.775092
  540.000000    0.741848
  545.000000    0.723805
  550.000000    0.713027
  555.000000    0.710420
  560.000000    0.717402
  565.000000    0.706030
  570.000000    0.723749
  575.000000    0.685936
  580.000000    0.652184
  585.000000    0.613138
  590.000000    0.586840
  595.000000    0.541975
  600.000000    0.521963
  605.000000    0.542379
  610.000000    0.576660
  615.000000    0.604984
  620.000000    0.640714
  625.000000    0.672842
  630.000000    0.684452
  635.000000    0.714002
  640.000000    0.760842
  645.000000    0.760390
  650.000000    0.730002
  655.000000    0.714835
  660.000000    0.703999
  665.000000    0.674181
  670.000000    0.673390
  675.000000    0.668190
  680.000000    0.647042
  685.000000    0.656009
  690.000000    0.650136
  695.000000    0.639796
  700.000000    0.646548
  705.000000    0.657892
  710.000000    0.666679
  715.000000    0.705875
  720.000000    0.705265
  725.000000    0.716227
  730.000000    0.714394
  735.000000    0.736104
  740.000000    0.738941
  745.000000    0.725379
  750.000000    0.732199
  755.000000    0.725493
  760.000000    0.698976
  765.000000    0.703187
  770.000000    0.732679
  775.000000    0.743768
  780.000000    0.689682
  785.000000    0.660283
  790.000000    0.669524
  795.000000    0.667106
  800.000000    0.648628
  805.000000    0.655827
  810.000000    0.649650
  815.000000    0.653494
  820.000000    0.683830
  825.000000    0.698473
  830.000000    0.701466
  835.000000    0.694940
  840.000000    0.703605
  845.000000    0.704107
  850.000000    0.684080
  855.000000    0.669403
  860.000000    0.686446
  865.000000    0.707751
  870.000000    0.682548
  875.000000    0.678492
  880.000000    0.693254
  885.000000    0.699133
  890.000000    0.710859
  895.000000    0.700567
  900.000000    0.712121
  905.000000    0.682309
  910.000000    0.665601
  915.000000    0.654362
  920.000000    0.726602
  925.000000    0.720781
  930.000000    0.714629
  935.000000    0.709969
  940.000000    0.716762
  945.000000    0.718737
  950.000000    0.727326
  955.000000    0.706468
  960.000000    0.704846
  965.000000    0.682877
  970.000000    0.671455
  975.000000    0.669336
  980.000000    0.689514
  985.000000    0.705499
  990.000000    0.721335
  995.000000    0.681918
 1000.000000    0.681976
 1005.000000    0.661926
 1010.000000    0.662010
 1015.000000    0.666608
 1020.000000    0.675165
 1025.000000    0.686279
 1030.000000    0.669943
 1035.000000    0.665469
 1040.000000    0.648195
 1045.000000    0.646694
 1050.000000    0.655648
 1055.000000    0.661244
 1060.000000    0.689698
 1065.000000    0.716688
 1070.000000    0.738262
 1075.000000    0.755817
 1080.000000    0.758897
 1085.000000    0.745333
 1090.000000    0.750134
 1095.000000    0.735510
 1100.000000    0.737497
 1105.000000    0.719949
 1110.000000    0.704614
 1115.000000    0.729902
 1120.000000    0.714272
 1125.000000    0.697454
 1130.000000    0.672130
 1135.000000    0.663998
 1140.000000    0.659954
 1145.000000    0.672435
 1150.000000    0.684391
 1155.000000    0.671625
 1160.000000    0.688780
 1165.000000    0.701620
 1170.000000    0.724750
 1175.000000    0.745040
 1180.000000    0.752731
 1185.000000    0.773715
 1190.000000    0.800038
 1195.000000    0.785963
 1200.000000    0.771862
 1205.000000    0.726877
 1210.000000    0.674596
 1215.000000    0.636626
 1220.000000    0.619746
 1225.000000    0.598697
 1230.000000    0.600807
 1235.000000    0.613349
 1240.000000    0.671530
 1245.000000    0.683970
 1250.000000    0.712391
 1255.000000    0.732834
 1260.000000    0.732283
 1265.000000    0.710604
 1270.000000    0.697961
 1275.000000    0.677692
 1280.000000    0.665809
 1285.000000    0.666496
 1290.000000    0.665684
 1295.000000    0.706080
 1300.000000    0.722414
 1305.000000    0.735540
 1310.000000    0.728579
 1315.000000    0.737865
 1320.000000    0.723812
 1325.000000    0.724841
 1330.000000    0.727883
 1335.000000    0.729158
 1340.000000    0.732185
 1345.000000    0.724503
 1350.000000    0.705242
 1355.000000    0.691498
 1360.000000    0.692847
 1365.000000    0.701500
 1370.000000    0.706272
 1375.000000    0.707520
 1380.000000    0.722591
 1385.000000    0.732834
 1390.000000    0.736193
 1395.000000    0.742066
 1400.000000    0.745041
 1405.000000    0.721268
 1410.000000    0.703098
 1415.000000    0.687525
 1420.000000    0.672990
 1425.000000    0.659099
 1430.000000    0.644914
 1435.000000    0.638639
 1440.000000    0.633878
 1445.000000    0.646461
 1450.000000    0.696075
 1455.000000    0.707446
 1460.000000    0.713695
 1465.000000    0.718279
 1470.000000    0.711900
 1475.000000    0.710774
 1480.000000    0.719193
 1485.000000    0.739841
 1490.000000    0.747822
 1495.000000    0.734798
 1500.000000    0.703450
 1505.000000    0.681537
 1510.000000    0.686970
 1515.000000    0.678075
 1520.000000    0.663406
 1525.000000    0.669131
 1530.000000    0.682454
 1535.000000    0.685728
 1540.000000    0.659007
 1545.000000    0.637988
 1550.000000    0.656280
 1555.000000    0.671154
 1560.000000    0.690701
 1565.000000    0.706954
 1570.000000    0.738204
 1575.000000    0.744181
 1580.000000    0.746150
 1585.000000    0.763540
 1590.000000    0.773267
 1595.000000    0.736347
 1600.000000    0.698080
 1605.000000    0.687930
 1610.000000    0.687284
 1615.000000    0.683928
 1620.000000    0.676190
 1625.000000    0.679295
 1630.000000    0.693720
 1635.000000    0.670642
 1640.000000    0.678337
 1645.000000    0.670389
 1650.000000    0.663116
 1655.000000    0.666053
 1660.000000    0.714295
 1665.000000    0.713305
 1670.000000    0.698034
 1675.000000    0.695948
 1680.000000    0.731798
 1685.000000    0.769416
 1690.000000    0.801373
 1695.000000    0.795465
 1700.000000    0.784349
 1705.000000    0.763937
 1710.000000    0.756260
 1715.000000    0.757909
 1720.000000    0.731566
 1725.000000    0.718347
 1730.000000    0.706652
 1735.000000    0.702938
 1740.000000    0.697967
 1745.000000    0.704531
 1750.000000    0.680435
 1755.000000    0.662351
 1760.000000    0.677198
 1765.000000    0.671422
 1770.000000    0.677610
 1775.000000    0.662647
