#  pixel_depth  alphabetafraction   >  Analysis of alpha beta fraction
    5.000000    0.664356
   10.000000    0.636510
   15.000000    0.651563
   20.000000    0.672315
   25.000000    0.719337
   30.000000    0.744617
   35.000000    0.765832
   40.000000    0.792509
   45.000000    0.785598
   50.000000    0.789286
   55.000000    0.794412
   60.000000    0.800181
   65.000000    0.799002
   70.000000    0.800182
   75.000000    0.812098
   80.000000    0.806318
   85.000000    0.830919
   90.000000    0.832485
   95.000000    0.826420
  100.000000    0.811680
  105.000000    0.782156
  110.000000    0.788398
  115.000000    0.777785
  120.000000    0.776335
  125.000000    0.765693
  130.000000    0.752209
  135.000000    0.727560
  140.000000    0.707133
  145.000000    0.696177
  150.000000    0.654901
  155.000000    0.651272
  160.000000    0.652905
  165.000000    0.671368
  170.000000    0.703735
  175.000000    0.694173
  180.000000    0.683431
  185.000000    0.675702
  190.000000    0.688973
  195.000000    0.722217
  200.000000    0.747801
  205.000000    0.745281
  210.000000    0.746431
  215.000000    0.754487
  220.000000    0.775050
  225.000000    0.763451
  230.000000    0.763785
  235.000000    0.734682
  240.000000    0.712178
  245.000000    0.719682
  250.000000    0.734585
  255.000000    0.761154
  260.000000    0.770463
  265.000000    0.744862
  270.000000    0.740200
  275.000000    0.737011
  280.000000    0.735752
  285.000000    0.752477
  290.000000    0.769552
  295.000000    0.767168
  300.000000    0.760389
  305.000000    0.775386
  310.000000    0.776326
  315.000000    0.784900
  320.000000    0.825713
  325.000000    0.857495
  330.000000    0.874069
  335.000000    0.888725
  340.000000    0.903178
  345.000000    0.905999
  350.000000    0.876740
  355.000000    0.875450
  360.000000    0.883889
  365.000000    0.862072
  370.000000    0.831943
  375.000000    0.824141
  380.000000    0.811671
  385.000000    0.791607
  390.000000    0.746523
  395.000000    0.732999
  400.000000    0.738018
  405.000000    0.743936
  410.000000    0.756207
  415.000000    0.770257
  420.000000    0.810134
  425.000000    0.823491
  430.000000    0.833768
  435.000000    0.847636
  440.000000    0.844758
  445.000000    0.820808
  450.000000    0.810746
  455.000000    0.786516
  460.000000    0.783397
  465.000000    0.775524
  470.000000    0.783583
  475.000000    0.765561
  480.000000    0.746487
  485.000000    0.743107
  490.000000    0.725762
  495.000000    0.732005
  500.000000    0.704941
  505.000000    0.730572
  510.000000    0.751828
  515.000000    0.744927
  520.000000    0.748258
  525.000000    0.719883
  530.000000    0.723483
  535.000000    0.716928
  540.000000    0.722584
  545.000000    0.688997
  550.000000    0.679330
  555.000000    0.655212
  560.000000    0.639787
  565.000000    0.645286
  570.000000    0.644273
  575.000000    0.666777
  580.000000    0.683668
  585.000000    0.744162
  590.000000    0.775503
  595.000000    0.776955
  600.000000    0.796919
  605.000000    0.802864
  610.000000    0.811194
  615.000000    0.813102
  620.000000    0.813372
  625.000000    0.780169
  630.000000    0.759550
  635.000000    0.765218
  640.000000    0.742841
  645.000000    0.754389
  650.000000    0.766469
  655.000000    0.759493
  660.000000    0.762574
  665.000000    0.745211
  670.000000    0.771093
  675.000000    0.812827
  680.000000    0.831497
  685.000000    0.858615
  690.000000    0.854146
  695.000000    0.834847
  700.000000    0.819532
  705.000000    0.796857
  710.000000    0.762943
  715.000000    0.727213
  720.000000    0.725287
  725.000000    0.720785
  730.000000    0.733482
  735.000000    0.724202
  740.000000    0.733439
  745.000000    0.767388
  750.000000    0.768612
  755.000000    0.790949
  760.000000    0.781865
  765.000000    0.783075
  770.000000    0.801866
  775.000000    0.802492
  780.000000    0.789727
  785.000000    0.790494
  790.000000    0.776564
  795.000000    0.761288
  800.000000    0.750789
  805.000000    0.746499
  810.000000    0.758274
  815.000000    0.749089
  820.000000    0.796426
  825.000000    0.784679
  830.000000    0.789996
  835.000000    0.769731
  840.000000    0.803127
  845.000000    0.826700
  850.000000    0.841053
  855.000000    0.847255
  860.000000    0.862546
  865.000000    0.863223
  870.000000    0.838146
  875.000000    0.836156
  880.000000    0.827616
  885.000000    0.833045
  890.000000    0.809870
  895.000000    0.806725
  900.000000    0.796300
  905.000000    0.796108
  910.000000    0.806006
  915.000000    0.765155
  920.000000    0.753549
  925.000000    0.714076
  930.000000    0.696051
  935.000000    0.682047
  940.000000    0.658938
  945.000000    0.635140
  950.000000    0.643881
  955.000000    0.657235
  960.000000    0.702230
  965.000000    0.727764
  970.000000    0.768025
  975.000000    0.782103
  980.000000    0.795866
  985.000000    0.786924
  990.000000    0.769684
  995.000000    0.773421
 1000.000000    0.774534
 1005.000000    0.779607
 1010.000000    0.771107
 1015.000000    0.767587
 1020.000000    0.752459
 1025.000000    0.755198
 1030.000000    0.767652
 1035.000000    0.814231
 1040.000000    0.821480
 1045.000000    0.829088
 1050.000000    0.786914
 1055.000000    0.769285
 1060.000000    0.780478
 1065.000000    0.787941
 1070.000000    0.782221
 1075.000000    0.774100
 1080.000000    0.809274
 1085.000000    0.830029
 1090.000000    0.827684
 1095.000000    0.827817
 1100.000000    0.823754
 1105.000000    0.825272
 1110.000000    0.822494
 1115.000000    0.803522
 1120.000000    0.784462
 1125.000000    0.788470
 1130.000000    0.775953
 1135.000000    0.772721
 1140.000000    0.769571
 1145.000000    0.753034
 1150.000000    0.724443
 1155.000000    0.685135
 1160.000000    0.684976
 1165.000000    0.701286
 1170.000000    0.715447
 1175.000000    0.757078
 1180.000000    0.780881
 1185.000000    0.792673
 1190.000000    0.779251
 1195.000000    0.775532
 1200.000000    0.767459
 1205.000000    0.748879
 1210.000000    0.723205
 1215.000000    0.729794
 1220.000000    0.741618
 1225.000000    0.752289
 1230.000000    0.764110
 1235.000000    0.770436
 1240.000000    0.769929
 1245.000000    0.766947
 1250.000000    0.771469
 1255.000000    0.796711
 1260.000000    0.806232
 1265.000000    0.816843
 1270.000000    0.815620
 1275.000000    0.805448
 1280.000000    0.829106
 1285.000000    0.823138
 1290.000000    0.801130
