#  pixel_depth  alphabetafraction   >  Analysis of alpha beta fraction
  226.000000    0.847675
  231.000000    0.827784
  236.000000    0.844380
  241.000000    0.857082
  246.000000    0.856017
  251.000000    0.800423
  256.000000    0.747645
  261.000000    0.732653
  266.000000    0.737191
  271.000000    0.744188
  276.000000    0.762991
  281.000000    0.767035
  286.000000    0.754692
  291.000000    0.739992
  296.000000    0.732316
  301.000000    0.726405
  306.000000    0.707377
  311.000000    0.711919
  316.000000    0.723274
  321.000000    0.737929
  326.000000    0.774897
  331.000000    0.807685
  336.000000    0.819512
  341.000000    0.820374
  346.000000    0.813593
  351.000000    0.812270
  356.000000    0.855396
  361.000000    0.871808
  366.000000    0.861338
  371.000000    0.866862
  376.000000    0.863909
  381.000000    0.848798
  386.000000    0.823442
  391.000000    0.826262
  396.000000    0.822011
  401.000000    0.814498
  406.000000    0.784048
  411.000000    0.773676
  416.000000    0.783518
  421.000000    0.792925
  426.000000    0.805348
  431.000000    0.797877
  436.000000    0.792019
  441.000000    0.804706
  446.000000    0.822754
  451.000000    0.845275
  456.000000    0.861985
  461.000000    0.869390
  466.000000    0.854884
  471.000000    0.842715
  476.000000    0.803983
  481.000000    0.792164
  486.000000    0.779272
  491.000000    0.768048
  496.000000    0.713542
  501.000000    0.743429
  506.000000    0.726591
  511.000000    0.749337
  516.000000    0.739053
  521.000000    0.732647
  526.000000    0.714701
  531.000000    0.714965
  536.000000    0.716241
  541.000000    0.724824
  546.000000    0.755049
  551.000000    0.809869
  556.000000    0.834499
  561.000000    0.856221
  566.000000    0.856861
  571.000000    0.853064
  576.000000    0.833220
  581.000000    0.805218
  586.000000    0.774653
  591.000000    0.760903
  596.000000    0.763636
  601.000000    0.795423
  606.000000    0.816341
  611.000000    0.825443
  616.000000    0.829669
  621.000000    0.805314
  626.000000    0.806423
  631.000000    0.808065
  636.000000    0.791773
  641.000000    0.785155
  646.000000    0.772304
  651.000000    0.767811
  656.000000    0.770603
  661.000000    0.763122
  666.000000    0.767249
  671.000000    0.757461
  676.000000    0.750857
  681.000000    0.733333
  686.000000    0.764409
  691.000000    0.786022
  696.000000    0.824690
  701.000000    0.869938
  706.000000    0.874250
  711.000000    0.878456
  716.000000    0.856226
  721.000000    0.850096
  726.000000    0.825548
  731.000000    0.818288
  736.000000    0.824924
  741.000000    0.832940
  746.000000    0.835875
  751.000000    0.833810
  756.000000    0.818842
  761.000000    0.810002
  766.000000    0.782446
  771.000000    0.767819
  776.000000    0.780229
  781.000000    0.794362
  786.000000    0.794119
  791.000000    0.796877
  796.000000    0.811442
  801.000000    0.823386
  806.000000    0.798217
  811.000000    0.785440
  816.000000    0.753347
  821.000000    0.766474
  826.000000    0.744272
  831.000000    0.738864
  836.000000    0.768201
  841.000000    0.798806
  846.000000    0.796266
  851.000000    0.800314
  856.000000    0.785378
  861.000000    0.776097
  866.000000    0.778034
  871.000000    0.777032
  876.000000    0.784944
  881.000000    0.802566
  886.000000    0.841530
  891.000000    0.846894
  896.000000    0.837266
  901.000000    0.829295
  906.000000    0.835355
  911.000000    0.827171
  916.000000    0.809748
  921.000000    0.811136
  926.000000    0.824261
  931.000000    0.817305
  936.000000    0.825681
  941.000000    0.820372
  946.000000    0.823913
  951.000000    0.848776
  956.000000    0.868050
  961.000000    0.897878
  966.000000    0.900140
  971.000000    0.893053
  976.000000    0.883761
  981.000000    0.857938
  986.000000    0.834970
  991.000000    0.808213
  996.000000    0.755990
 1001.000000    0.739964
 1006.000000    0.743460
 1011.000000    0.738498
 1016.000000    0.724322
 1021.000000    0.717904
 1026.000000    0.715302
 1031.000000    0.707195
 1036.000000    0.699432
 1041.000000    0.709966
 1046.000000    0.737341
 1051.000000    0.735796
 1056.000000    0.735681
 1061.000000    0.754318
 1066.000000    0.763937
 1071.000000    0.759131
 1076.000000    0.747878
 1081.000000    0.742228
 1086.000000    0.729129
 1091.000000    0.728667
 1096.000000    0.738162
 1101.000000    0.745148
 1106.000000    0.791288
 1111.000000    0.799759
 1116.000000    0.804371
 1121.000000    0.807954
 1126.000000    0.797033
 1131.000000    0.783413
 1136.000000    0.798878
 1141.000000    0.816746
 1146.000000    0.816363
 1151.000000    0.827391
 1156.000000    0.838410
 1161.000000    0.845921
 1166.000000    0.834459
 1171.000000    0.803904
 1176.000000    0.787532
 1181.000000    0.772175
 1186.000000    0.781446
 1191.000000    0.798414
 1196.000000    0.810958
 1201.000000    0.848497
 1206.000000    0.856266
 1211.000000    0.850171
 1216.000000    0.830095
 1221.000000    0.820821
 1226.000000    0.804814
 1231.000000    0.818548
 1236.000000    0.815233
 1241.000000    0.796645
 1246.000000    0.785198
 1251.000000    0.801751
 1256.000000    0.802872
 1261.000000    0.792910
 1266.000000    0.808124
 1271.000000    0.826588
 1276.000000    0.854473
 1281.000000    0.861696
 1286.000000    0.854245
 1291.000000    0.856956
 1296.000000    0.848673
 1301.000000    0.829049
 1306.000000    0.828150
 1311.000000    0.829622
 1316.000000    0.844515
 1321.000000    0.855445
 1326.000000    0.871061
 1331.000000    0.879595
 1336.000000    0.862697
 1341.000000    0.840051
 1346.000000    0.825901
 1351.000000    0.832101
 1356.000000    0.837070
 1361.000000    0.847920
 1366.000000    0.847199
 1371.000000    0.856893
 1376.000000    0.864267
 1381.000000    0.871277
 1386.000000    0.860602
 1391.000000    0.840168
 1396.000000    0.820248
 1401.000000    0.800806
 1406.000000    0.765749
 1411.000000    0.754415
 1416.000000    0.796662
 1421.000000    0.836647
 1426.000000    0.858819
 1431.000000    0.869583
 1436.000000    0.875513
 1441.000000    0.873938
 1446.000000    0.836583
 1451.000000    0.802583
 1456.000000    0.803159
 1461.000000    0.803869
 1466.000000    0.819764
 1471.000000    0.808343
 1476.000000    0.806681
 1481.000000    0.814721
 1486.000000    0.815263
 1491.000000    0.829526
 1496.000000    0.847740
 1501.000000    0.863691
 1506.000000    0.857639
 1511.000000    0.852587
 1516.000000    0.854967
 1521.000000    0.832726
 1526.000000    0.842720
 1531.000000    0.849959
 1536.000000    0.839916
 1541.000000    0.836406
 1546.000000    0.812322
 1551.000000    0.789101
 1556.000000    0.794393
 1561.000000    0.817699
 1566.000000    0.822501
 1571.000000    0.828554
 1576.000000    0.845796
 1581.000000    0.853426
 1586.000000    0.831018
 1591.000000    0.831574
 1596.000000    0.838262
 1601.000000    0.790642
 1606.000000    0.795039
 1611.000000    0.789539
 1616.000000    0.784142
 1621.000000    0.799493
 1626.000000    0.799188
 1631.000000    0.803091
 1636.000000    0.810953
 1641.000000    0.837568
 1646.000000    0.871454
 1651.000000    0.891106
 1656.000000    0.872088
 1661.000000    0.879910
 1666.000000    0.903565
 1671.000000    0.895554
 1676.000000    0.868343
 1681.000000    0.831340
 1686.000000    0.833328
 1691.000000    0.832506
 1696.000000    0.827031
 1701.000000    0.818330
 1706.000000    0.873817
 1711.000000    0.957873
 1716.000000    0.974674
