#  pixel_depth  alphabetafraction   >  Analysis of alpha beta fraction
   88.000000    0.684182
   93.000000    0.721118
   98.000000    0.740457
  103.000000    0.762015
  108.000000    0.741213
  113.000000    0.721674
  118.000000    0.708780
  123.000000    0.705480
  128.000000    0.703325
  133.000000    0.695926
  138.000000    0.698058
  143.000000    0.698389
  148.000000    0.703223
  153.000000    0.671819
  158.000000    0.631204
  163.000000    0.623964
  168.000000    0.594666
  173.000000    0.597499
  178.000000    0.601422
  183.000000    0.619383
  188.000000    0.642624
  193.000000    0.644634
  198.000000    0.639560
  203.000000    0.668739
  208.000000    0.665994
  213.000000    0.664320
  218.000000    0.646068
  223.000000    0.624231
  228.000000    0.625453
  233.000000    0.633581
  238.000000    0.643492
  243.000000    0.606301
  248.000000    0.581214
  253.000000    0.563372
  258.000000    0.552728
  263.000000    0.520244
  268.000000    0.509188
  273.000000    0.518062
  278.000000    0.496278
  283.000000    0.513621
  288.000000    0.567565
  293.000000    0.607978
  298.000000    0.635369
  303.000000    0.653967
  308.000000    0.661188
  313.000000    0.632839
  318.000000    0.607541
  323.000000    0.618859
  328.000000    0.606185
  333.000000    0.590945
  338.000000    0.542575
  343.000000    0.534954
  348.000000    0.552769
  353.000000    0.566020
  358.000000    0.560575
  363.000000    0.558815
  368.000000    0.553281
  373.000000    0.545799
  378.000000    0.567558
  383.000000    0.574670
  388.000000    0.605939
  393.000000    0.620556
  398.000000    0.619553
  403.000000    0.596755
  408.000000    0.572633
  413.000000    0.536129
  418.000000    0.552477
  423.000000    0.559045
  428.000000    0.548062
  433.000000    0.558871
  438.000000    0.574932
  443.000000    0.570459
  448.000000    0.548653
  453.000000    0.548100
  458.000000    0.552293
  463.000000    0.554368
  468.000000    0.582142
  473.000000    0.605843
  478.000000    0.646293
  483.000000    0.651485
  488.000000    0.659137
  493.000000    0.653667
  498.000000    0.645567
  503.000000    0.645492
  508.000000    0.670661
  513.000000    0.670972
  518.000000    0.649272
  523.000000    0.637096
  528.000000    0.657144
  533.000000    0.661348
  538.000000    0.645486
  543.000000    0.636545
  548.000000    0.618662
  553.000000    0.614201
  558.000000    0.617544
  563.000000    0.607875
  568.000000    0.611416
  573.000000    0.608717
  578.000000    0.609536
  583.000000    0.617156
  588.000000    0.622349
  593.000000    0.602841
  598.000000    0.582532
  603.000000    0.623702
  608.000000    0.634535
  613.000000    0.633338
  618.000000    0.618694
  623.000000    0.592441
  628.000000    0.583661
  633.000000    0.566570
  638.000000    0.553441
  643.000000    0.563566
  648.000000    0.598415
  653.000000    0.621442
  658.000000    0.625968
  663.000000    0.600199
  668.000000    0.642476
  673.000000    0.720764
  678.000000    0.733027
  683.000000    0.728091
  688.000000    0.707445
  693.000000    0.704853
  698.000000    0.690883
  703.000000    0.668920
  708.000000    0.639132
  713.000000    0.623469
  718.000000    0.605729
  723.000000    0.609236
  728.000000    0.597494
  733.000000    0.591181
  738.000000    0.595290
  743.000000    0.564489
  748.000000    0.520935
  753.000000    0.478520
  758.000000    0.476258
  763.000000    0.525043
  768.000000    0.558449
  773.000000    0.571919
  778.000000    0.589212
  783.000000    0.585981
  788.000000    0.588991
  793.000000    0.564235
  798.000000    0.501383
  803.000000    0.492065
  808.000000    0.504515
  813.000000    0.518588
  818.000000    0.567349
  823.000000    0.584017
  828.000000    0.605131
  833.000000    0.584845
  838.000000    0.563312
  843.000000    0.591662
  848.000000    0.579085
  853.000000    0.581982
  858.000000    0.598445
  863.000000    0.584104
  868.000000    0.590850
  873.000000    0.608534
  878.000000    0.670537
  883.000000    0.671061
  888.000000    0.630448
  893.000000    0.581670
  898.000000    0.585820
  903.000000    0.607199
  908.000000    0.594765
  913.000000    0.612801
  918.000000    0.615586
  923.000000    0.631149
  928.000000    0.622298
  933.000000    0.601993
  938.000000    0.607363
  943.000000    0.603181
  948.000000    0.594323
  953.000000    0.576313
  958.000000    0.582034
  963.000000    0.586358
  968.000000    0.621295
  973.000000    0.611241
  978.000000    0.613822
  983.000000    0.607559
  988.000000    0.608484
  993.000000    0.631204
  998.000000    0.662841
 1003.000000    0.716811
 1008.000000    0.715997
 1013.000000    0.739724
 1018.000000    0.750919
 1023.000000    0.739447
 1028.000000    0.731034
 1033.000000    0.706433
 1038.000000    0.659650
 1043.000000    0.627275
 1048.000000    0.628496
 1053.000000    0.633295
 1058.000000    0.621305
 1063.000000    0.581524
 1068.000000    0.590407
 1073.000000    0.560118
 1078.000000    0.588159
 1083.000000    0.624655
 1088.000000    0.655511
 1093.000000    0.660198
 1098.000000    0.682500
 1103.000000    0.670875
 1108.000000    0.651434
 1113.000000    0.641118
 1118.000000    0.645501
 1123.000000    0.645144
 1128.000000    0.596920
 1133.000000    0.606364
 1138.000000    0.604373
 1143.000000    0.591177
 1148.000000    0.553513
 1153.000000    0.541770
 1158.000000    0.549549
 1163.000000    0.565939
 1168.000000    0.569429
 1173.000000    0.568844
 1178.000000    0.569926
 1183.000000    0.560304
 1188.000000    0.562636
 1193.000000    0.570665
 1198.000000    0.534763
 1203.000000    0.513330
 1208.000000    0.498358
 1213.000000    0.501451
 1218.000000    0.485997
 1223.000000    0.491169
 1228.000000    0.549369
 1233.000000    0.577452
 1238.000000    0.611118
 1243.000000    0.635480
 1248.000000    0.620531
 1253.000000    0.588731
 1258.000000    0.590218
 1263.000000    0.594998
 1268.000000    0.593644
 1273.000000    0.600471
 1278.000000    0.623062
 1283.000000    0.631357
 1288.000000    0.615580
 1293.000000    0.610493
 1298.000000    0.608943
 1303.000000    0.602747
 1308.000000    0.607911
 1313.000000    0.603471
 1318.000000    0.595583
 1323.000000    0.565982
 1328.000000    0.502728
 1333.000000    0.492870
 1338.000000    0.493480
 1343.000000    0.472109
 1348.000000    0.445660
 1353.000000    0.429012
 1358.000000    0.454584
 1363.000000    0.469680
 1368.000000    0.497009
 1373.000000    0.493690
 1378.000000    0.506602
 1383.000000    0.504554
 1388.000000    0.528349
 1393.000000    0.547739
 1398.000000    0.550019
 1403.000000    0.573285
 1408.000000    0.575399
 1413.000000    0.576659
 1418.000000    0.570845
 1423.000000    0.575991
 1428.000000    0.549623
 1433.000000    0.519680
 1438.000000    0.538354
 1443.000000    0.566284
 1448.000000    0.573330
 1453.000000    0.574881
 1458.000000    0.570285
 1463.000000    0.558189
 1468.000000    0.565518
 1473.000000    0.574746
 1478.000000    0.597639
 1483.000000    0.554907
 1488.000000    0.519406
 1493.000000    0.503986
 1498.000000    0.493151
 1503.000000    0.475616
 1508.000000    0.504398
 1513.000000    0.511335
 1518.000000    0.529891
 1523.000000    0.534897
 1528.000000    0.574365
 1533.000000    0.582248
 1538.000000    0.612473
 1543.000000    0.648382
 1548.000000    0.630990
 1553.000000    0.638273
 1558.000000    0.649907
 1563.000000    0.634979
 1568.000000    0.623585
 1573.000000    0.601801
 1578.000000    0.590092
 1583.000000    0.568520
 1588.000000    0.593498
 1593.000000    0.582518
 1598.000000    0.541857
 1603.000000    0.537884
 1608.000000    0.546379
 1613.000000    0.535560
 1618.000000    0.582055
 1623.000000    0.590340
 1628.000000    0.616872
 1633.000000    0.627746
 1638.000000    0.635621
 1643.000000    0.639975
 1648.000000    0.647571
 1653.000000    0.624922
 1658.000000    0.621098
 1663.000000    0.629123
 1668.000000    0.601674
 1673.000000    0.588683
 1678.000000    0.584129
 1683.000000    0.561325
 1688.000000    0.534594
 1693.000000    0.518478
 1698.000000    0.545230
 1703.000000    0.541321
 1708.000000    0.554859
 1713.000000    0.545465
 1718.000000    0.555893
 1723.000000    0.522436
 1728.000000    0.488825
 1733.000000    0.507568
 1738.000000    0.530249
 1743.000000    0.543340
 1748.000000    0.531532
 1753.000000    0.562060
 1758.000000    0.603911
 1763.000000    0.639533
 1768.000000    0.654776
 1773.000000    0.669861
 1778.000000    0.686852
