#  pixel_depth  alphabetafraction   >  Analysis of alpha beta fraction
   54.000000    0.632661
   59.000000    0.646523
   64.000000    0.649422
   69.000000    0.643276
   74.000000    0.634644
   79.000000    0.656226
   84.000000    0.622804
   89.000000    0.623369
   94.000000    0.647349
   99.000000    0.649703
  104.000000    0.654156
  109.000000    0.624106
  114.000000    0.570898
  119.000000    0.558059
  124.000000    0.550272
  129.000000    0.556601
  134.000000    0.546102
  139.000000    0.544539
  144.000000    0.554238
  149.000000    0.541679
  154.000000    0.576521
  159.000000    0.605177
  164.000000    0.673116
  169.000000    0.634185
  174.000000    0.675886
  179.000000    0.681563
  184.000000    0.705389
  189.000000    0.689360
  194.000000    0.685265
  199.000000    0.679208
  204.000000    0.668762
  209.000000    0.664645
  214.000000    0.684597
  219.000000    0.684145
  224.000000    0.698170
  229.000000    0.676058
  234.000000    0.664387
  239.000000    0.661489
  244.000000    0.678578
  249.000000    0.683716
  254.000000    0.686396
  259.000000    0.712954
  264.000000    0.724992
  269.000000    0.735975
  274.000000    0.756071
  279.000000    0.758204
  284.000000    0.742811
  289.000000    0.725208
  294.000000    0.693161
  299.000000    0.677075
  304.000000    0.671387
  309.000000    0.614812
  314.000000    0.559611
  319.000000    0.536411
  324.000000    0.521926
  329.000000    0.557513
  334.000000    0.593727
  339.000000    0.609927
  344.000000    0.633841
  349.000000    0.647353
  354.000000    0.633935
  359.000000    0.622197
  364.000000    0.613621
  369.000000    0.631178
  374.000000    0.652052
  379.000000    0.680483
  384.000000    0.688026
  389.000000    0.685135
  394.000000    0.667448
  399.000000    0.658087
  404.000000    0.646980
  409.000000    0.619270
  414.000000    0.576251
  419.000000    0.576580
  424.000000    0.573219
  429.000000    0.590508
  434.000000    0.552829
  439.000000    0.534207
  444.000000    0.531671
  449.000000    0.552014
  454.000000    0.579735
  459.000000    0.602623
  464.000000    0.610637
  469.000000    0.632661
  474.000000    0.647556
  479.000000    0.649538
  484.000000    0.663327
  489.000000    0.641298
  494.000000    0.649787
  499.000000    0.646915
  504.000000    0.624079
  509.000000    0.597297
  514.000000    0.593754
  519.000000    0.593978
  524.000000    0.603350
  529.000000    0.614806
  534.000000    0.623855
  539.000000    0.627035
  544.000000    0.613500
  549.000000    0.613106
  554.000000    0.601998
  559.000000    0.615360
  564.000000    0.623041
  569.000000    0.626631
  574.000000    0.608073
  579.000000    0.608048
  584.000000    0.600106
  589.000000    0.607822
  594.000000    0.614034
  599.000000    0.596459
  604.000000    0.616391
  609.000000    0.646542
  614.000000    0.642080
  619.000000    0.615714
  624.000000    0.630090
  629.000000    0.622445
  634.000000    0.624132
  639.000000    0.631922
  644.000000    0.631766
  649.000000    0.619423
  654.000000    0.575965
  659.000000    0.560476
  664.000000    0.609520
  669.000000    0.628616
  674.000000    0.634588
  679.000000    0.627033
  684.000000    0.634575
  689.000000    0.641154
  694.000000    0.615076
  699.000000    0.631673
  704.000000    0.634795
  709.000000    0.637946
  714.000000    0.625697
  719.000000    0.622441
  724.000000    0.618965
  729.000000    0.621797
  734.000000    0.590136
  739.000000    0.582720
  744.000000    0.547923
  749.000000    0.550141
  754.000000    0.572850
  759.000000    0.539418
  764.000000    0.518902
  769.000000    0.523551
  774.000000    0.526540
  779.000000    0.502797
  784.000000    0.507928
  789.000000    0.521156
  794.000000    0.514246
  799.000000    0.497033
  804.000000    0.487244
  809.000000    0.490396
  814.000000    0.475912
  819.000000    0.461475
  824.000000    0.448766
  829.000000    0.464495
  834.000000    0.481514
  839.000000    0.498231
  844.000000    0.503969
  849.000000    0.551962
  854.000000    0.600102
  859.000000    0.628364
  864.000000    0.653159
  869.000000    0.662025
  874.000000    0.634920
  879.000000    0.592918
  884.000000    0.605873
  889.000000    0.630840
  894.000000    0.675229
  899.000000    0.656769
  904.000000    0.648268
  909.000000    0.628046
  914.000000    0.591610
  919.000000    0.555412
  924.000000    0.550146
  929.000000    0.556827
  934.000000    0.591232
  939.000000    0.582576
  944.000000    0.597809
  949.000000    0.608632
  954.000000    0.614457
  959.000000    0.609697
  964.000000    0.625841
  969.000000    0.648428
  974.000000    0.665921
  979.000000    0.679391
  984.000000    0.699308
  989.000000    0.717574
  994.000000    0.712420
  999.000000    0.695078
 1004.000000    0.663650
 1009.000000    0.653468
 1014.000000    0.643364
 1019.000000    0.602869
 1024.000000    0.561708
 1029.000000    0.549630
 1034.000000    0.541268
 1039.000000    0.514265
 1044.000000    0.505451
 1049.000000    0.471844
 1054.000000    0.422448
 1059.000000    0.422978
 1064.000000    0.423081
 1069.000000    0.426447
 1074.000000    0.460106
 1079.000000    0.455883
 1084.000000    0.483885
 1089.000000    0.514656
 1094.000000    0.524015
 1099.000000    0.536773
 1104.000000    0.565447
 1109.000000    0.606537
 1114.000000    0.638606
 1119.000000    0.640088
 1124.000000    0.642526
 1129.000000    0.647479
 1134.000000    0.658321
 1139.000000    0.656411
 1144.000000    0.644325
 1149.000000    0.656434
 1154.000000    0.667975
 1159.000000    0.656594
 1164.000000    0.640284
 1169.000000    0.645884
 1174.000000    0.652060
 1179.000000    0.637254
 1184.000000    0.642835
 1189.000000    0.653737
 1194.000000    0.646276
 1199.000000    0.644969
 1204.000000    0.626831
 1209.000000    0.622439
 1214.000000    0.652741
 1219.000000    0.685070
 1224.000000    0.712656
 1229.000000    0.734444
 1234.000000    0.731848
 1239.000000    0.731635
 1244.000000    0.732416
 1249.000000    0.732810
 1254.000000    0.720459
 1259.000000    0.705953
 1264.000000    0.684376
 1269.000000    0.672632
 1274.000000    0.680256
 1279.000000    0.646512
 1284.000000    0.654058
 1289.000000    0.655503
 1294.000000    0.655727
 1299.000000    0.660060
 1304.000000    0.679478
 1309.000000    0.691537
 1314.000000    0.731593
 1319.000000    0.743950
 1324.000000    0.735804
 1329.000000    0.743637
 1334.000000    0.743163
 1339.000000    0.721600
 1344.000000    0.730231
 1349.000000    0.711047
 1354.000000    0.685821
 1359.000000    0.627398
 1364.000000    0.605879
 1369.000000    0.601657
 1374.000000    0.600156
 1379.000000    0.604471
 1384.000000    0.573397
 1389.000000    0.560033
 1394.000000    0.545518
 1399.000000    0.577400
 1404.000000    0.617904
 1409.000000    0.614610
 1414.000000    0.602172
 1419.000000    0.584553
 1424.000000    0.570778
 1429.000000    0.591015
 1434.000000    0.612123
 1439.000000    0.640238
 1444.000000    0.661503
 1449.000000    0.669147
 1454.000000    0.685742
 1459.000000    0.689250
 1464.000000    0.689085
 1469.000000    0.683747
 1474.000000    0.673948
 1479.000000    0.646145
 1484.000000    0.667659
 1489.000000    0.665078
 1494.000000    0.680200
 1499.000000    0.693412
 1504.000000    0.682204
 1509.000000    0.682569
 1514.000000    0.661736
 1519.000000    0.670421
 1524.000000    0.666442
 1529.000000    0.635713
 1534.000000    0.647585
 1539.000000    0.651977
 1544.000000    0.658700
 1549.000000    0.687633
 1554.000000    0.673034
 1559.000000    0.672319
 1564.000000    0.632212
 1569.000000    0.638593
 1574.000000    0.626005
 1579.000000    0.623751
 1584.000000    0.631363
 1589.000000    0.637392
 1594.000000    0.665142
 1599.000000    0.688726
 1604.000000    0.683085
 1609.000000    0.654052
 1614.000000    0.633247
 1619.000000    0.590364
 1624.000000    0.526323
 1629.000000    0.510889
 1634.000000    0.530588
 1639.000000    0.552546
 1644.000000    0.573584
 1649.000000    0.587584
 1654.000000    0.615181
 1659.000000    0.620316
 1664.000000    0.627491
 1669.000000    0.623756
 1674.000000    0.655949
 1679.000000    0.686678
 1684.000000    0.675934
 1689.000000    0.692350
 1694.000000    0.682842
 1699.000000    0.676022
 1704.000000    0.670663
 1709.000000    0.678401
 1714.000000    0.689132
 1719.000000    0.693806
 1724.000000    0.688972
 1729.000000    0.670048
 1734.000000    0.622964
 1739.000000    0.596914
 1744.000000    0.582163
 1749.000000    0.546921
 1754.000000    0.527458
 1759.000000    0.507569
 1764.000000    0.523459
 1769.000000    0.518163
 1774.000000    0.529818
 1779.000000    0.560092
 1784.000000    0.583258
 1789.000000    0.587717
 1794.000000    0.619363
 1799.000000    0.649479
