#  pixel_depth  alphabetafraction   >  Analysis of alpha beta fraction
   42.000000    0.652432
   47.000000    0.663326
   52.000000    0.664591
   57.000000    0.670554
   62.000000    0.654665
   67.000000    0.654340
   72.000000    0.688026
   77.000000    0.695677
   82.000000    0.685640
   87.000000    0.685591
   92.000000    0.673722
   97.000000    0.666366
  102.000000    0.679486
  107.000000    0.699815
  112.000000    0.691732
  117.000000    0.699000
  122.000000    0.696314
  127.000000    0.701878
  132.000000    0.695391
  137.000000    0.700820
  142.000000    0.687826
  147.000000    0.711873
  152.000000    0.717038
  157.000000    0.706090
  162.000000    0.687937
  167.000000    0.694369
  172.000000    0.693147
  177.000000    0.665297
  182.000000    0.639188
  187.000000    0.647055
  192.000000    0.637912
  197.000000    0.652094
  202.000000    0.642482
  207.000000    0.614316
  212.000000    0.611425
  217.000000    0.640826
  222.000000    0.633109
  227.000000    0.653350
  232.000000    0.659459
  237.000000    0.698146
  242.000000    0.732071
  247.000000    0.722703
  252.000000    0.727789
  257.000000    0.757819
  262.000000    0.758485
  267.000000    0.770398
  272.000000    0.782265
  277.000000    0.771906
  282.000000    0.744293
  287.000000    0.718835
  292.000000    0.662850
  297.000000    0.653295
  302.000000    0.676719
  307.000000    0.701456
  312.000000    0.693319
  317.000000    0.674499
  322.000000    0.686246
  327.000000    0.684231
  332.000000    0.713612
  337.000000    0.713692
  342.000000    0.734918
  347.000000    0.766213
  352.000000    0.735520
  357.000000    0.712200
  362.000000    0.713372
  367.000000    0.705442
  372.000000    0.736532
  377.000000    0.721890
  382.000000    0.654408
  387.000000    0.625784
  392.000000    0.636174
  397.000000    0.643186
  402.000000    0.634603
  407.000000    0.667224
  412.000000    0.662898
  417.000000    0.700982
  422.000000    0.715606
  427.000000    0.728922
  432.000000    0.714956
  437.000000    0.720897
  442.000000    0.723505
  447.000000    0.722078
  452.000000    0.706793
  457.000000    0.679388
  462.000000    0.658974
  467.000000    0.660376
  472.000000    0.643368
  477.000000    0.627353
  482.000000    0.629892
  487.000000    0.610125
  492.000000    0.592090
  497.000000    0.585129
  502.000000    0.539414
  507.000000    0.524463
  512.000000    0.512184
  517.000000    0.539702
  522.000000    0.601898
  527.000000    0.630866
  532.000000    0.670422
  537.000000    0.735725
  542.000000    0.743228
  547.000000    0.742818
  552.000000    0.748835
  557.000000    0.715056
  562.000000    0.697577
  567.000000    0.668304
  572.000000    0.664990
  577.000000    0.686538
  582.000000    0.686580
  587.000000    0.682311
  592.000000    0.699790
  597.000000    0.713614
  602.000000    0.695842
  607.000000    0.695515
  612.000000    0.679105
  617.000000    0.672460
  622.000000    0.656902
  627.000000    0.679050
  632.000000    0.709680
  637.000000    0.717509
  642.000000    0.716029
  647.000000    0.698816
  652.000000    0.683068
  657.000000    0.660148
  662.000000    0.633344
  667.000000    0.630307
  672.000000    0.625449
  677.000000    0.607687
  682.000000    0.592050
  687.000000    0.608188
  692.000000    0.656973
  697.000000    0.667207
  702.000000    0.680346
  707.000000    0.712610
  712.000000    0.753059
  717.000000    0.747707
  722.000000    0.709428
  727.000000    0.685691
  732.000000    0.677716
  737.000000    0.685068
  742.000000    0.687620
  747.000000    0.685127
  752.000000    0.688259
  757.000000    0.684395
  762.000000    0.686328
  767.000000    0.660627
  772.000000    0.661919
  777.000000    0.674384
  782.000000    0.669680
  787.000000    0.696123
  792.000000    0.702252
  797.000000    0.703537
  802.000000    0.715618
  807.000000    0.738943
  812.000000    0.717625
  817.000000    0.723555
  822.000000    0.696267
  827.000000    0.690028
  832.000000    0.688365
  837.000000    0.706642
  842.000000    0.715243
  847.000000    0.715192
  852.000000    0.723643
  857.000000    0.735444
  862.000000    0.717281
  867.000000    0.719935
  872.000000    0.745435
  877.000000    0.719978
  882.000000    0.681462
  887.000000    0.673186
  892.000000    0.663097
  897.000000    0.654669
  902.000000    0.654068
  907.000000    0.668397
  912.000000    0.698782
  917.000000    0.722235
  922.000000    0.715011
  927.000000    0.714199
  932.000000    0.708000
  937.000000    0.677134
  942.000000    0.676589
  947.000000    0.702412
  952.000000    0.744894
  957.000000    0.749075
  962.000000    0.728512
  967.000000    0.729751
  972.000000    0.759343
  977.000000    0.739244
  982.000000    0.739474
  987.000000    0.748536
  992.000000    0.758975
  997.000000    0.760427
 1002.000000    0.751514
 1007.000000    0.682373
 1012.000000    0.667940
 1017.000000    0.672694
 1022.000000    0.642073
 1027.000000    0.594689
 1032.000000    0.561147
 1037.000000    0.581412
 1042.000000    0.632383
 1047.000000    0.624208
 1052.000000    0.640461
 1057.000000    0.677885
 1062.000000    0.705117
 1067.000000    0.687146
 1072.000000    0.680720
 1077.000000    0.687010
 1082.000000    0.696294
 1087.000000    0.680141
 1092.000000    0.662782
 1097.000000    0.668553
 1102.000000    0.675863
 1107.000000    0.690245
 1112.000000    0.752792
 1117.000000    0.771057
 1122.000000    0.784081
 1127.000000    0.772930
 1132.000000    0.740314
 1137.000000    0.712388
 1142.000000    0.694397
 1147.000000    0.690010
 1152.000000    0.662093
 1157.000000    0.625683
 1162.000000    0.651043
 1167.000000    0.674103
 1172.000000    0.685213
 1177.000000    0.689155
 1182.000000    0.710051
 1187.000000    0.713165
 1192.000000    0.717981
 1197.000000    0.704268
 1202.000000    0.705127
 1207.000000    0.679982
 1212.000000    0.664120
 1217.000000    0.713749
 1222.000000    0.706621
 1227.000000    0.701664
 1232.000000    0.704916
 1237.000000    0.688377
 1242.000000    0.685161
 1247.000000    0.671917
 1252.000000    0.630161
 1257.000000    0.678725
 1262.000000    0.731792
 1267.000000    0.720081
 1272.000000    0.749248
 1277.000000    0.761686
 1282.000000    0.752510
 1287.000000    0.772190
 1292.000000    0.782722
 1297.000000    0.787344
 1302.000000    0.768078
 1307.000000    0.740872
 1312.000000    0.713651
 1317.000000    0.670787
 1322.000000    0.661550
 1327.000000    0.630646
 1332.000000    0.615501
 1337.000000    0.588344
 1342.000000    0.578678
 1347.000000    0.560413
 1352.000000    0.559874
 1357.000000    0.519022
 1362.000000    0.516640
 1367.000000    0.614426
 1372.000000    0.681136
 1377.000000    0.701155
 1382.000000    0.704867
 1387.000000    0.711519
 1392.000000    0.721757
 1397.000000    0.749115
 1402.000000    0.713922
 1407.000000    0.710046
 1412.000000    0.732070
 1417.000000    0.752540
 1422.000000    0.762866
 1427.000000    0.744297
 1432.000000    0.696784
 1437.000000    0.672760
 1442.000000    0.655029
 1447.000000    0.634801
 1452.000000    0.640166
 1457.000000    0.615438
 1462.000000    0.578937
 1467.000000    0.578980
 1472.000000    0.576996
 1477.000000    0.581941
 1482.000000    0.570757
 1487.000000    0.578900
 1492.000000    0.580384
 1497.000000    0.615621
 1502.000000    0.635408
 1507.000000    0.627981
 1512.000000    0.621803
 1517.000000    0.654342
 1522.000000    0.669444
 1527.000000    0.678506
 1532.000000    0.669712
 1537.000000    0.663436
 1542.000000    0.704013
 1547.000000    0.728793
 1552.000000    0.744891
 1557.000000    0.770765
 1562.000000    0.770469
 1567.000000    0.771596
 1572.000000    0.783215
 1577.000000    0.793797
 1582.000000    0.800975
 1587.000000    0.796563
 1592.000000    0.779273
 1597.000000    0.757365
 1602.000000    0.738785
 1607.000000    0.735206
 1612.000000    0.732445
 1617.000000    0.735075
 1622.000000    0.708900
 1627.000000    0.669702
 1632.000000    0.693370
 1637.000000    0.715638
 1642.000000    0.760912
 1647.000000    0.733358
 1652.000000    0.737589
 1657.000000    0.690067
 1662.000000    0.671167
 1667.000000    0.664391
 1672.000000    0.681574
 1677.000000    0.689221
 1682.000000    0.716514
 1687.000000    0.698889
 1692.000000    0.663673
 1697.000000    0.683304
 1702.000000    0.703531
 1707.000000    0.715814
 1712.000000    0.746555
 1717.000000    0.763436
