#  pixel_depth  alphabetafraction   >  Analysis of alpha beta fraction
   91.000000    0.711416
   96.000000    0.711787
  101.000000    0.675052
  106.000000    0.669310
  111.000000    0.681277
  116.000000    0.687538
  121.000000    0.700199
  126.000000    0.726694
  131.000000    0.722753
  136.000000    0.711018
  141.000000    0.690920
  146.000000    0.665420
  151.000000    0.664529
  156.000000    0.678813
  161.000000    0.663074
  166.000000    0.639463
  171.000000    0.623884
  176.000000    0.626229
  181.000000    0.608170
  186.000000    0.579899
  191.000000    0.578377
  196.000000    0.580488
  201.000000    0.606098
  206.000000    0.602162
  211.000000    0.605301
  216.000000    0.605536
  221.000000    0.606146
  226.000000    0.601024
  231.000000    0.600024
  236.000000    0.606116
  241.000000    0.605588
  246.000000    0.640148
  251.000000    0.683061
  256.000000    0.682346
  261.000000    0.668467
  266.000000    0.648535
  271.000000    0.637388
  276.000000    0.616808
  281.000000    0.621501
  286.000000    0.626090
  291.000000    0.632386
  296.000000    0.619312
  301.000000    0.619628
  306.000000    0.634871
  311.000000    0.640019
  316.000000    0.645511
  321.000000    0.642276
  326.000000    0.640986
  331.000000    0.627910
  336.000000    0.597262
  341.000000    0.575864
  346.000000    0.578426
  351.000000    0.583365
  356.000000    0.613075
  361.000000    0.651175
  366.000000    0.664234
  371.000000    0.672200
  376.000000    0.666821
  381.000000    0.660050
  386.000000    0.656587
  391.000000    0.662348
  396.000000    0.680737
  401.000000    0.691574
  406.000000    0.684490
  411.000000    0.642758
  416.000000    0.636959
  421.000000    0.647055
  426.000000    0.674538
  431.000000    0.698730
  436.000000    0.723185
  441.000000    0.743388
  446.000000    0.739342
  451.000000    0.763049
  456.000000    0.788526
  461.000000    0.779076
  466.000000    0.744563
  471.000000    0.698508
  476.000000    0.689390
  481.000000    0.705511
  486.000000    0.701587
  491.000000    0.668823
  496.000000    0.611515
  501.000000    0.657024
  506.000000    0.699595
  511.000000    0.714334
  516.000000    0.702034
  521.000000    0.689885
  526.000000    0.675937
  531.000000    0.659870
  536.000000    0.651704
  541.000000    0.658042
  546.000000    0.655361
  551.000000    0.625408
  556.000000    0.649298
  561.000000    0.682099
  566.000000    0.738542
  571.000000    0.728923
  576.000000    0.725189
  581.000000    0.748182
  586.000000    0.784312
  591.000000    0.802948
  596.000000    0.795871
  601.000000    0.765406
  606.000000    0.723964
  611.000000    0.670705
  616.000000    0.648665
  621.000000    0.674608
  626.000000    0.686240
  631.000000    0.713116
  636.000000    0.753078
  641.000000    0.770174
  646.000000    0.767000
  651.000000    0.752999
  656.000000    0.709533
  661.000000    0.658948
  666.000000    0.622581
  671.000000    0.591344
  676.000000    0.572810
  681.000000    0.599270
  686.000000    0.635154
  691.000000    0.642427
  696.000000    0.653416
  701.000000    0.659575
  706.000000    0.692071
  711.000000    0.728073
  716.000000    0.731095
  721.000000    0.724537
  726.000000    0.717285
  731.000000    0.706417
  736.000000    0.698119
  741.000000    0.693038
  746.000000    0.685507
  751.000000    0.675877
  756.000000    0.684527
  761.000000    0.699062
  766.000000    0.700410
  771.000000    0.712091
  776.000000    0.723515
  781.000000    0.719584
  786.000000    0.696542
  791.000000    0.662013
  796.000000    0.643909
  801.000000    0.638559
  806.000000    0.638105
  811.000000    0.609897
  816.000000    0.590869
  821.000000    0.607991
  826.000000    0.639691
  831.000000    0.638102
  836.000000    0.655855
  841.000000    0.670272
  846.000000    0.713326
  851.000000    0.737635
  856.000000    0.725597
  861.000000    0.715950
  866.000000    0.712556
  871.000000    0.696727
  876.000000    0.696873
  881.000000    0.694415
  886.000000    0.704166
  891.000000    0.753457
  896.000000    0.760217
  901.000000    0.718236
  906.000000    0.673893
  911.000000    0.678692
  916.000000    0.690060
  921.000000    0.688674
  926.000000    0.705084
  931.000000    0.720553
  936.000000    0.737031
  941.000000    0.746358
  946.000000    0.730989
  951.000000    0.737167
  956.000000    0.736281
  961.000000    0.726727
  966.000000    0.704969
  971.000000    0.684466
  976.000000    0.654880
  981.000000    0.605815
  986.000000    0.593138
  991.000000    0.578565
  996.000000    0.577506
 1001.000000    0.560886
 1006.000000    0.530351
 1011.000000    0.545611
 1016.000000    0.608285
 1021.000000    0.646609
 1026.000000    0.653087
 1031.000000    0.660070
 1036.000000    0.691080
 1041.000000    0.719446
 1046.000000    0.743661
 1051.000000    0.737355
 1056.000000    0.713580
 1061.000000    0.713103
 1066.000000    0.741605
 1071.000000    0.735471
 1076.000000    0.684111
 1081.000000    0.649815
 1086.000000    0.639899
 1091.000000    0.632535
 1096.000000    0.616324
 1101.000000    0.603118
 1106.000000    0.594189
 1111.000000    0.651506
 1116.000000    0.688228
 1121.000000    0.688100
 1126.000000    0.679788
 1131.000000    0.677985
 1136.000000    0.694777
 1141.000000    0.718744
 1146.000000    0.712438
 1151.000000    0.720958
 1156.000000    0.746987
 1161.000000    0.770845
 1166.000000    0.775797
 1171.000000    0.770790
 1176.000000    0.788074
 1181.000000    0.774483
 1186.000000    0.766119
 1191.000000    0.733850
 1196.000000    0.696713
 1201.000000    0.656175
 1206.000000    0.634290
 1211.000000    0.651219
 1216.000000    0.665543
 1221.000000    0.670474
 1226.000000    0.661832
 1231.000000    0.672943
 1236.000000    0.675396
 1241.000000    0.678413
 1246.000000    0.702932
 1251.000000    0.676102
 1256.000000    0.664405
 1261.000000    0.677839
 1266.000000    0.687011
 1271.000000    0.716658
 1276.000000    0.725015
 1281.000000    0.727250
 1286.000000    0.720688
 1291.000000    0.714225
 1296.000000    0.706406
 1301.000000    0.659754
 1306.000000    0.641542
 1311.000000    0.619265
 1316.000000    0.621791
 1321.000000    0.641933
 1326.000000    0.689863
 1331.000000    0.713322
 1336.000000    0.684026
 1341.000000    0.660678
 1346.000000    0.676829
 1351.000000    0.656305
 1356.000000    0.638124
 1361.000000    0.643261
 1366.000000    0.644434
 1371.000000    0.633391
 1376.000000    0.663695
 1381.000000    0.697686
 1386.000000    0.695899
 1391.000000    0.682015
 1396.000000    0.684124
 1401.000000    0.683835
 1406.000000    0.653358
 1411.000000    0.651215
 1416.000000    0.625907
 1421.000000    0.613888
 1426.000000    0.608328
 1431.000000    0.609858
 1436.000000    0.613341
 1441.000000    0.618390
 1446.000000    0.648792
 1451.000000    0.659442
 1456.000000    0.651574
 1461.000000    0.658691
 1466.000000    0.676305
 1471.000000    0.682564
 1476.000000    0.698143
 1481.000000    0.713689
 1486.000000    0.735182
 1491.000000    0.755838
 1496.000000    0.742553
 1501.000000    0.750280
 1506.000000    0.758140
 1511.000000    0.759458
 1516.000000    0.770688
 1521.000000    0.766106
 1526.000000    0.719126
 1531.000000    0.685954
 1536.000000    0.662890
 1541.000000    0.644747
 1546.000000    0.615666
 1551.000000    0.607400
 1556.000000    0.625921
 1561.000000    0.638856
 1566.000000    0.634397
 1571.000000    0.650280
 1576.000000    0.663385
 1581.000000    0.681604
 1586.000000    0.676846
 1591.000000    0.647327
 1596.000000    0.658592
 1601.000000    0.678693
 1606.000000    0.725048
 1611.000000    0.733195
 1616.000000    0.723881
 1621.000000    0.720044
 1626.000000    0.724431
 1631.000000    0.689132
 1636.000000    0.665313
 1641.000000    0.644816
 1646.000000    0.635682
 1651.000000    0.641984
 1656.000000    0.617618
 1661.000000    0.623105
 1666.000000    0.629737
 1671.000000    0.655291
 1676.000000    0.634601
 1681.000000    0.635810
 1686.000000    0.629575
 1691.000000    0.606802
 1696.000000    0.594775
 1701.000000    0.582092
 1706.000000    0.621591
 1711.000000    0.687631
 1716.000000    0.722499
 1721.000000    0.744235
 1726.000000    0.753882
 1731.000000    0.746518
 1736.000000    0.755097
 1741.000000    0.735801
 1746.000000    0.689352
 1751.000000    0.653389
 1756.000000    0.634245
 1761.000000    0.625963
 1766.000000    0.649273
