#  pixel_depth  alphabetafraction   >  Analysis of alpha beta fraction
  125.000000    0.812727
  130.000000    0.772264
  135.000000    0.757147
  140.000000    0.739484
  145.000000    0.756556
  150.000000    0.777583
  155.000000    0.797378
  160.000000    0.788046
  165.000000    0.763926
  170.000000    0.763262
  175.000000    0.748105
  180.000000    0.725105
  185.000000    0.708413
  190.000000    0.703969
  195.000000    0.707120
  200.000000    0.724802
  205.000000    0.740035
  210.000000    0.735510
  215.000000    0.752114
  220.000000    0.782079
  225.000000    0.776498
  230.000000    0.770434
  235.000000    0.765290
  240.000000    0.780481
  245.000000    0.765277
  250.000000    0.710648
  255.000000    0.663804
  260.000000    0.642807
  265.000000    0.646961
  270.000000    0.635148
  275.000000    0.626063
  280.000000    0.631058
  285.000000    0.632099
  290.000000    0.635851
  295.000000    0.638395
  300.000000    0.626935
  305.000000    0.599194
  310.000000    0.611016
  315.000000    0.616510
  320.000000    0.627530
  325.000000    0.630669
  330.000000    0.611852
  335.000000    0.626623
  340.000000    0.598456
  345.000000    0.604652
  350.000000    0.623280
  355.000000    0.642624
  360.000000    0.632064
  365.000000    0.662587
  370.000000    0.685994
  375.000000    0.668747
  380.000000    0.659167
  385.000000    0.648559
  390.000000    0.638292
  395.000000    0.618888
  400.000000    0.565182
  405.000000    0.552098
  410.000000    0.579105
  415.000000    0.601730
  420.000000    0.657992
  425.000000    0.679080
  430.000000    0.695828
  435.000000    0.715986
  440.000000    0.719636
  445.000000    0.694531
  450.000000    0.662095
  455.000000    0.697042
  460.000000    0.727602
  465.000000    0.712986
  470.000000    0.694151
  475.000000    0.693456
  480.000000    0.700044
  485.000000    0.691493
  490.000000    0.688700
  495.000000    0.701512
  500.000000    0.707525
  505.000000    0.721872
  510.000000    0.706708
  515.000000    0.728448
  520.000000    0.731677
  525.000000    0.734414
  530.000000    0.749995
  535.000000    0.753469
  540.000000    0.750304
  545.000000    0.739180
  550.000000    0.718638
  555.000000    0.731857
  560.000000    0.745788
  565.000000    0.780679
  570.000000    0.769407
  575.000000    0.765634
  580.000000    0.797551
  585.000000    0.819485
  590.000000    0.813161
  595.000000    0.810621
  600.000000    0.777550
  605.000000    0.755866
  610.000000    0.729829
  615.000000    0.706970
  620.000000    0.682926
  625.000000    0.656393
  630.000000    0.653860
  635.000000    0.612635
  640.000000    0.611710
  645.000000    0.631316
  650.000000    0.666125
  655.000000    0.667918
  660.000000    0.661204
  665.000000    0.659716
  670.000000    0.665268
  675.000000    0.669149
  680.000000    0.689058
  685.000000    0.728561
  690.000000    0.719344
  695.000000    0.744300
  700.000000    0.786862
  705.000000    0.787498
  710.000000    0.793437
  715.000000    0.784979
  720.000000    0.743079
  725.000000    0.710725
  730.000000    0.693354
  735.000000    0.677563
  740.000000    0.659176
  745.000000    0.660636
  750.000000    0.693203
  755.000000    0.685975
  760.000000    0.696078
  765.000000    0.716465
  770.000000    0.743200
  775.000000    0.755076
  780.000000    0.760282
  785.000000    0.750702
  790.000000    0.736663
  795.000000    0.701437
  800.000000    0.699436
  805.000000    0.697424
  810.000000    0.696513
  815.000000    0.691688
  820.000000    0.680620
  825.000000    0.676119
  830.000000    0.642432
  835.000000    0.643594
  840.000000    0.689432
  845.000000    0.747415
  850.000000    0.765809
  855.000000    0.776725
  860.000000    0.788073
  865.000000    0.788324
  870.000000    0.801143
  875.000000    0.812988
  880.000000    0.820847
  885.000000    0.800728
  890.000000    0.790432
  895.000000    0.780792
  900.000000    0.802940
  905.000000    0.798962
  910.000000    0.767286
  915.000000    0.783907
  920.000000    0.769674
  925.000000    0.756916
  930.000000    0.746383
  935.000000    0.711035
  940.000000    0.721206
  945.000000    0.698659
  950.000000    0.670849
  955.000000    0.629440
  960.000000    0.603300
  965.000000    0.621084
  970.000000    0.652202
  975.000000    0.680344
  980.000000    0.726234
  985.000000    0.737400
  990.000000    0.715090
  995.000000    0.698713
 1000.000000    0.658053
 1005.000000    0.647177
 1010.000000    0.633598
 1015.000000    0.629682
 1020.000000    0.630247
 1025.000000    0.634496
 1030.000000    0.645360
 1035.000000    0.648189
 1040.000000    0.649584
 1045.000000    0.628241
 1050.000000    0.615802
 1055.000000    0.608808
 1060.000000    0.620740
 1065.000000    0.597907
 1070.000000    0.609441
 1075.000000    0.643860
 1080.000000    0.646324
 1085.000000    0.651977
 1090.000000    0.653129
 1095.000000    0.650632
 1100.000000    0.668933
 1105.000000    0.644773
 1110.000000    0.657456
 1115.000000    0.682308
 1120.000000    0.654635
 1125.000000    0.633197
 1130.000000    0.635853
 1135.000000    0.639229
 1140.000000    0.648553
 1145.000000    0.638482
 1150.000000    0.620279
 1155.000000    0.619459
 1160.000000    0.613464
 1165.000000    0.639159
 1170.000000    0.661212
 1175.000000    0.676005
 1180.000000    0.693255
 1185.000000    0.726635
 1190.000000    0.736908
 1195.000000    0.738277
 1200.000000    0.727604
 1205.000000    0.713588
 1210.000000    0.714757
 1215.000000    0.695276
 1220.000000    0.672392
 1225.000000    0.653252
 1230.000000    0.643006
 1235.000000    0.600408
 1240.000000    0.580399
 1245.000000    0.576933
 1250.000000    0.558916
 1255.000000    0.558285
 1260.000000    0.577823
 1265.000000    0.629972
 1270.000000    0.687730
 1275.000000    0.716001
 1280.000000    0.717494
 1285.000000    0.720705
 1290.000000    0.699688
 1295.000000    0.719684
 1300.000000    0.770157
 1305.000000    0.773206
 1310.000000    0.764858
 1315.000000    0.734101
 1320.000000    0.730178
 1325.000000    0.716455
 1330.000000    0.711773
 1335.000000    0.710496
 1340.000000    0.687641
 1345.000000    0.639158
 1350.000000    0.604531
 1355.000000    0.556672
 1360.000000    0.568041
 1365.000000    0.585994
 1370.000000    0.622863
 1375.000000    0.623506
 1380.000000    0.641415
 1385.000000    0.647172
 1390.000000    0.695017
 1395.000000    0.747389
 1400.000000    0.763647
 1405.000000    0.754341
 1410.000000    0.741271
 1415.000000    0.748338
 1420.000000    0.761028
 1425.000000    0.774145
 1430.000000    0.752684
 1435.000000    0.738991
 1440.000000    0.742008
 1445.000000    0.731126
 1450.000000    0.722864
 1455.000000    0.705119
 1460.000000    0.691875
 1465.000000    0.710959
 1470.000000    0.689589
 1475.000000    0.682277
 1480.000000    0.643186
 1485.000000    0.605483
 1490.000000    0.635674
 1495.000000    0.632854
 1500.000000    0.646206
 1505.000000    0.682993
 1510.000000    0.695021
 1515.000000    0.729178
 1520.000000    0.758564
 1525.000000    0.799280
 1530.000000    0.829407
 1535.000000    0.818067
 1540.000000    0.812793
 1545.000000    0.792033
 1550.000000    0.767314
 1555.000000    0.747905
 1560.000000    0.721157
 1565.000000    0.706472
 1570.000000    0.665187
 1575.000000    0.621566
 1580.000000    0.596985
 1585.000000    0.602913
 1590.000000    0.619770
 1595.000000    0.626213
 1600.000000    0.601528
 1605.000000    0.572889
 1610.000000    0.575147
 1615.000000    0.578499
 1620.000000    0.592288
 1625.000000    0.607625
 1630.000000    0.590135
 1635.000000    0.621119
 1640.000000    0.690342
 1645.000000    0.703570
 1650.000000    0.703651
 1655.000000    0.718881
 1660.000000    0.713240
 1665.000000    0.698951
 1670.000000    0.712213
 1675.000000    0.723447
 1680.000000    0.762107
 1685.000000    0.742230
 1690.000000    0.722766
 1695.000000    0.700124
 1700.000000    0.691667
 1705.000000    0.678962
 1710.000000    0.670602
 1715.000000    0.671626
 1720.000000    0.647916
 1725.000000    0.633152
 1730.000000    0.641329
 1735.000000    0.686490
 1740.000000    0.733116
 1745.000000    0.711580
 1750.000000    0.685535
 1755.000000    0.688982
 1760.000000    0.698760
 1765.000000    0.696430
 1770.000000    0.724980
 1775.000000    0.755022
 1780.000000    0.751648
 1785.000000    0.737148
 1790.000000    0.694810
 1795.000000    0.660205
 1800.000000    0.643316
 1805.000000    0.600868
 1810.000000    0.572787
 1815.000000    0.591383
 1820.000000    0.620280
 1825.000000    0.647677
 1830.000000    0.643831
 1835.000000    0.638513
 1840.000000    0.655282
 1845.000000    0.690084
 1850.000000    0.700887
 1855.000000    0.696155
 1860.000000    0.722386
 1865.000000    0.757844
 1870.000000    0.755662
 1875.000000    0.747058
 1880.000000    0.741092
 1885.000000    0.734922
 1890.000000    0.752912
