#  pixel_depth  alphabetafraction   >  Analysis of alpha beta fraction
   40.000000    0.659651
   45.000000    0.678606
   50.000000    0.716744
   55.000000    0.753689
   60.000000    0.755702
   65.000000    0.686212
   70.000000    0.691712
   75.000000    0.688636
   80.000000    0.701444
   85.000000    0.709847
   90.000000    0.702100
   95.000000    0.673730
  100.000000    0.632460
  105.000000    0.601018
  110.000000    0.583540
  115.000000    0.619518
  120.000000    0.608973
  125.000000    0.584938
  130.000000    0.609051
  135.000000    0.605987
  140.000000    0.600191
  145.000000    0.617525
  150.000000    0.610702
  155.000000    0.627404
  160.000000    0.641090
  165.000000    0.653834
  170.000000    0.648554
  175.000000    0.634576
  180.000000    0.629651
  185.000000    0.638281
  190.000000    0.660620
  195.000000    0.645917
  200.000000    0.609572
  205.000000    0.648517
  210.000000    0.637582
  215.000000    0.629753
  220.000000    0.653317
  225.000000    0.657707
  230.000000    0.663877
  235.000000    0.656528
  240.000000    0.641100
  245.000000    0.623858
  250.000000    0.577829
  255.000000    0.588770
  260.000000    0.589356
  265.000000    0.603114
  270.000000    0.607076
  275.000000    0.616806
  280.000000    0.617720
  285.000000    0.606427
  290.000000    0.626856
  295.000000    0.647488
  300.000000    0.676263
  305.000000    0.657205
  310.000000    0.634402
  315.000000    0.629180
  320.000000    0.649879
  325.000000    0.664214
  330.000000    0.678377
  335.000000    0.678032
  340.000000    0.665253
  345.000000    0.667317
  350.000000    0.691423
  355.000000    0.695661
  360.000000    0.696977
  365.000000    0.676906
  370.000000    0.724859
  375.000000    0.753677
  380.000000    0.733361
  385.000000    0.752226
  390.000000    0.744691
  395.000000    0.742831
  400.000000    0.758099
  405.000000    0.753595
  410.000000    0.717463
  415.000000    0.680095
  420.000000    0.698880
  425.000000    0.678285
  430.000000    0.624284
  435.000000    0.636057
  440.000000    0.650565
  445.000000    0.661881
  450.000000    0.705706
  455.000000    0.706589
  460.000000    0.686061
  465.000000    0.684599
  470.000000    0.672084
  475.000000    0.666705
  480.000000    0.670057
  485.000000    0.671537
  490.000000    0.704542
  495.000000    0.742988
  500.000000    0.745683
  505.000000    0.739787
  510.000000    0.726186
  515.000000    0.718942
  520.000000    0.718404
  525.000000    0.694428
  530.000000    0.702304
  535.000000    0.703846
  540.000000    0.694331
  545.000000    0.684419
  550.000000    0.685686
  555.000000    0.713374
  560.000000    0.757055
  565.000000    0.757101
  570.000000    0.736542
  575.000000    0.738033
  580.000000    0.751981
  585.000000    0.738017
  590.000000    0.708432
  595.000000    0.682380
  600.000000    0.677320
  605.000000    0.653850
  610.000000    0.633892
  615.000000    0.613356
  620.000000    0.615082
  625.000000    0.605412
  630.000000    0.582382
  635.000000    0.595310
  640.000000    0.612171
  645.000000    0.656751
  650.000000    0.665710
  655.000000    0.646762
  660.000000    0.680162
  665.000000    0.714948
  670.000000    0.751281
  675.000000    0.732922
  680.000000    0.687472
  685.000000    0.614229
  690.000000    0.624416
  695.000000    0.610144
  700.000000    0.600977
  705.000000    0.596838
  710.000000    0.595513
  715.000000    0.589457
  720.000000    0.549437
  725.000000    0.506574
  730.000000    0.476482
  735.000000    0.480180
  740.000000    0.509832
  745.000000    0.546070
  750.000000    0.564223
  755.000000    0.632524
  760.000000    0.673165
  765.000000    0.703297
  770.000000    0.700724
  775.000000    0.746957
  780.000000    0.729310
  785.000000    0.691563
  790.000000    0.654590
  795.000000    0.654464
  800.000000    0.631020
  805.000000    0.630893
  810.000000    0.629464
  815.000000    0.634558
  820.000000    0.674722
  825.000000    0.708163
  830.000000    0.709417
  835.000000    0.692244
  840.000000    0.699294
  845.000000    0.725357
  850.000000    0.737991
  855.000000    0.728282
  860.000000    0.716194
  865.000000    0.683657
  870.000000    0.655011
  875.000000    0.604482
  880.000000    0.583036
  885.000000    0.574910
  890.000000    0.573953
  895.000000    0.565738
  900.000000    0.567977
  905.000000    0.565720
  910.000000    0.573053
  915.000000    0.576957
  920.000000    0.580418
  925.000000    0.586516
  930.000000    0.606479
  935.000000    0.616838
  940.000000    0.623524
  945.000000    0.622291
  950.000000    0.608209
  955.000000    0.604256
  960.000000    0.604827
  965.000000    0.635837
  970.000000    0.631743
  975.000000    0.631822
  980.000000    0.596178
  985.000000    0.623406
  990.000000    0.648831
  995.000000    0.670654
 1000.000000    0.684560
 1005.000000    0.699788
 1010.000000    0.696846
 1015.000000    0.700296
 1020.000000    0.717332
 1025.000000    0.722297
 1030.000000    0.707821
 1035.000000    0.724634
 1040.000000    0.722945
 1045.000000    0.731841
 1050.000000    0.714444
 1055.000000    0.719564
 1060.000000    0.709713
 1065.000000    0.703011
 1070.000000    0.723626
 1075.000000    0.714949
 1080.000000    0.691844
 1085.000000    0.661602
 1090.000000    0.659335
 1095.000000    0.644106
 1100.000000    0.617068
 1105.000000    0.582996
 1110.000000    0.591467
 1115.000000    0.617093
 1120.000000    0.637952
 1125.000000    0.637512
 1130.000000    0.670058
 1135.000000    0.700928
 1140.000000    0.714720
 1145.000000    0.713033
 1150.000000    0.704110
 1155.000000    0.671345
 1160.000000    0.701594
 1165.000000    0.705204
 1170.000000    0.696806
 1175.000000    0.694233
 1180.000000    0.693880
 1185.000000    0.712432
 1190.000000    0.660317
 1195.000000    0.622939
 1200.000000    0.625254
 1205.000000    0.638111
 1210.000000    0.639079
 1215.000000    0.659137
 1220.000000    0.648755
 1225.000000    0.657848
 1230.000000    0.615121
 1235.000000    0.591198
 1240.000000    0.611433
 1245.000000    0.640131
 1250.000000    0.648549
 1255.000000    0.645241
 1260.000000    0.654877
 1265.000000    0.638698
 1270.000000    0.613467
 1275.000000    0.589358
 1280.000000    0.592204
 1285.000000    0.582844
 1290.000000    0.564609
 1295.000000    0.559741
 1300.000000    0.588625
 1305.000000    0.606467
 1310.000000    0.603551
 1315.000000    0.607112
 1320.000000    0.608423
 1325.000000    0.597739
 1330.000000    0.567888
 1335.000000    0.536442
 1340.000000    0.546535
 1345.000000    0.555229
 1350.000000    0.567066
 1355.000000    0.621944
 1360.000000    0.643654
 1365.000000    0.648077
 1370.000000    0.652195
 1375.000000    0.702975
 1380.000000    0.705260
 1385.000000    0.696585
 1390.000000    0.687532
 1395.000000    0.667201
 1400.000000    0.658085
 1405.000000    0.638447
 1410.000000    0.622817
 1415.000000    0.604738
 1420.000000    0.581008
 1425.000000    0.548404
 1430.000000    0.501881
 1435.000000    0.531039
 1440.000000    0.541569
 1445.000000    0.546393
 1450.000000    0.556305
 1455.000000    0.561640
 1460.000000    0.566963
 1465.000000    0.574472
 1470.000000    0.593468
 1475.000000    0.582487
 1480.000000    0.594078
 1485.000000    0.591836
 1490.000000    0.630866
 1495.000000    0.643078
 1500.000000    0.653825
 1505.000000    0.647538
 1510.000000    0.662324
 1515.000000    0.665587
 1520.000000    0.636096
 1525.000000    0.594048
 1530.000000    0.590322
 1535.000000    0.595227
 1540.000000    0.583763
 1545.000000    0.587208
 1550.000000    0.573449
 1555.000000    0.578578
 1560.000000    0.605556
 1565.000000    0.620301
 1570.000000    0.633533
 1575.000000    0.643771
 1580.000000    0.633752
 1585.000000    0.674514
 1590.000000    0.692300
 1595.000000    0.718577
 1600.000000    0.752699
 1605.000000    0.774192
 1610.000000    0.779924
 1615.000000    0.792884
 1620.000000    0.800696
 1625.000000    0.795504
 1630.000000    0.773290
 1635.000000    0.726417
 1640.000000    0.704494
 1645.000000    0.707944
 1650.000000    0.708087
 1655.000000    0.716550
 1660.000000    0.717164
 1665.000000    0.712608
 1670.000000    0.714022
 1675.000000    0.686042
 1680.000000    0.676531
 1685.000000    0.647995
 1690.000000    0.631936
 1695.000000    0.649658
 1700.000000    0.622435
 1705.000000    0.644595
 1710.000000    0.662109
 1715.000000    0.753084
