#  pixel_depth  alphabetafraction   >  Analysis of alpha beta fraction
  113.000000    0.759094
  118.000000    0.767145
  123.000000    0.790655
  128.000000    0.759729
  133.000000    0.744727
  138.000000    0.748486
  143.000000    0.724582
  148.000000    0.679134
  153.000000    0.668097
  158.000000    0.648013
  163.000000    0.608276
  168.000000    0.593170
  173.000000    0.597827
  178.000000    0.594664
  183.000000    0.570854
  188.000000    0.588845
  193.000000    0.604460
  198.000000    0.583986
  203.000000    0.610960
  208.000000    0.617480
  213.000000    0.584023
  218.000000    0.589657
  223.000000    0.647515
  228.000000    0.682560
  233.000000    0.676445
  238.000000    0.644512
  243.000000    0.642984
  248.000000    0.644489
  253.000000    0.650780
  258.000000    0.669892
  263.000000    0.711367
  268.000000    0.759095
  273.000000    0.747203
  278.000000    0.744131
  283.000000    0.798693
  288.000000    0.759099
  293.000000    0.728665
  298.000000    0.684886
  303.000000    0.678725
  308.000000    0.648475
  313.000000    0.656165
  318.000000    0.632274
  323.000000    0.601257
  328.000000    0.597715
  333.000000    0.608271
  338.000000    0.590395
  343.000000    0.587675
  348.000000    0.586186
  353.000000    0.652753
  358.000000    0.685682
  363.000000    0.680636
  368.000000    0.663947
  373.000000    0.671273
  378.000000    0.694804
  383.000000    0.684355
  388.000000    0.689282
  393.000000    0.702259
  398.000000    0.742433
  403.000000    0.756560
  408.000000    0.736629
  413.000000    0.730220
  418.000000    0.751888
  423.000000    0.750213
  428.000000    0.762239
  433.000000    0.743267
  438.000000    0.739522
  443.000000    0.737144
  448.000000    0.750872
  453.000000    0.742819
  458.000000    0.730840
  463.000000    0.724811
  468.000000    0.718212
  473.000000    0.714028
  478.000000    0.691868
  483.000000    0.660330
  488.000000    0.641149
  493.000000    0.600936
  498.000000    0.606828
  503.000000    0.619703
  508.000000    0.667375
  513.000000    0.641679
  518.000000    0.628537
  523.000000    0.635714
  528.000000    0.655964
  533.000000    0.675589
  538.000000    0.725167
  543.000000    0.710089
  548.000000    0.710119
  553.000000    0.703418
  558.000000    0.688313
  563.000000    0.691166
  568.000000    0.683259
  573.000000    0.683562
  578.000000    0.707504
  583.000000    0.703735
  588.000000    0.646952
  593.000000    0.636917
  598.000000    0.657915
  603.000000    0.680796
  608.000000    0.655648
  613.000000    0.655532
  618.000000    0.648783
  623.000000    0.661029
  628.000000    0.639408
  633.000000    0.675431
  638.000000    0.683105
  643.000000    0.699093
  648.000000    0.714753
  653.000000    0.724364
  658.000000    0.701579
  663.000000    0.703704
  668.000000    0.702085
  673.000000    0.722760
  678.000000    0.733322
  683.000000    0.737327
  688.000000    0.769730
  693.000000    0.760122
  698.000000    0.707790
  703.000000    0.675600
  708.000000    0.667303
  713.000000    0.666436
  718.000000    0.665787
  723.000000    0.688423
  728.000000    0.691564
  733.000000    0.697456
  738.000000    0.694451
  743.000000    0.704707
  748.000000    0.760921
  753.000000    0.772467
  758.000000    0.748795
  763.000000    0.741650
  768.000000    0.724087
  773.000000    0.697256
  778.000000    0.653222
  783.000000    0.619659
  788.000000    0.669979
  793.000000    0.693792
  798.000000    0.716251
  803.000000    0.741074
  808.000000    0.726409
  813.000000    0.717540
  818.000000    0.734984
  823.000000    0.717303
  828.000000    0.688976
  833.000000    0.697423
  838.000000    0.705934
  843.000000    0.716072
  848.000000    0.691593
  853.000000    0.687239
  858.000000    0.725332
  863.000000    0.755350
  868.000000    0.808575
  873.000000    0.833497
  878.000000    0.837804
  883.000000    0.838613
  888.000000    0.848737
  893.000000    0.845414
  898.000000    0.825915
  903.000000    0.812772
  908.000000    0.803942
  913.000000    0.821400
  918.000000    0.816994
  923.000000    0.806094
  928.000000    0.778931
  933.000000    0.768408
  938.000000    0.755572
  943.000000    0.722089
  948.000000    0.696033
  953.000000    0.679318
  958.000000    0.688638
  963.000000    0.677263
  968.000000    0.670123
  973.000000    0.667766
  978.000000    0.660097
  983.000000    0.702264
  988.000000    0.685185
  993.000000    0.664914
  998.000000    0.676993
 1003.000000    0.690516
 1008.000000    0.714325
 1013.000000    0.725642
 1018.000000    0.711723
 1023.000000    0.725426
 1028.000000    0.738726
 1033.000000    0.720560
 1038.000000    0.735609
 1043.000000    0.768410
 1048.000000    0.765452
 1053.000000    0.766849
 1058.000000    0.768847
 1063.000000    0.783377
 1068.000000    0.786774
 1073.000000    0.823848
 1078.000000    0.873491
 1083.000000    0.882190
 1088.000000    0.850841
 1093.000000    0.811881
 1098.000000    0.761848
 1103.000000    0.723719
 1108.000000    0.718130
 1113.000000    0.747564
 1118.000000    0.750266
 1123.000000    0.733633
 1128.000000    0.705857
 1133.000000    0.709679
 1138.000000    0.715580
 1143.000000    0.715769
 1148.000000    0.687541
 1153.000000    0.652967
 1158.000000    0.625159
 1163.000000    0.605901
 1168.000000    0.644396
 1173.000000    0.676365
 1178.000000    0.712969
 1183.000000    0.694805
 1188.000000    0.728046
 1193.000000    0.775987
 1198.000000    0.814726
 1203.000000    0.805559
 1208.000000    0.784211
 1213.000000    0.739474
 1218.000000    0.692090
 1223.000000    0.657158
 1228.000000    0.632205
 1233.000000    0.625531
 1238.000000    0.631801
 1243.000000    0.681456
 1248.000000    0.688276
 1253.000000    0.705249
 1258.000000    0.720421
 1263.000000    0.716570
 1268.000000    0.720476
 1273.000000    0.710119
 1278.000000    0.678408
 1283.000000    0.675101
 1288.000000    0.666011
 1293.000000    0.650272
 1298.000000    0.646845
 1303.000000    0.677912
 1308.000000    0.674286
 1313.000000    0.670777
 1318.000000    0.698557
 1323.000000    0.673956
 1328.000000    0.672698
 1333.000000    0.667254
 1338.000000    0.685169
 1343.000000    0.703258
 1348.000000    0.721649
 1353.000000    0.802445
 1358.000000    0.818949
 1363.000000    0.797410
 1368.000000    0.796502
 1373.000000    0.812744
 1378.000000    0.817101
 1383.000000    0.818575
 1388.000000    0.795990
 1393.000000    0.771091
 1398.000000    0.736173
 1403.000000    0.743466
 1408.000000    0.712991
 1413.000000    0.704934
 1418.000000    0.694822
 1423.000000    0.653488
 1428.000000    0.622838
 1433.000000    0.629589
 1438.000000    0.639673
 1443.000000    0.630557
 1448.000000    0.656547
 1453.000000    0.645009
 1458.000000    0.628016
 1463.000000    0.633287
 1468.000000    0.636247
 1473.000000    0.643342
 1478.000000    0.689020
 1483.000000    0.694091
 1488.000000    0.729601
 1493.000000    0.732037
 1498.000000    0.698620
 1503.000000    0.701998
 1508.000000    0.732114
 1513.000000    0.732857
 1518.000000    0.726182
 1523.000000    0.739086
 1528.000000    0.769385
 1533.000000    0.740926
 1538.000000    0.731037
 1543.000000    0.713583
 1548.000000    0.724238
 1553.000000    0.739321
 1558.000000    0.723428
 1563.000000    0.724366
 1568.000000    0.752011
 1573.000000    0.770432
 1578.000000    0.805191
 1583.000000    0.852419
 1588.000000    0.844307
 1593.000000    0.839627
 1598.000000    0.772286
 1603.000000    0.734453
 1608.000000    0.761968
 1613.000000    0.731467
 1618.000000    0.710703
 1623.000000    0.718773
 1628.000000    0.710850
 1633.000000    0.729924
 1638.000000    0.752871
 1643.000000    0.751495
 1648.000000    0.734826
 1653.000000    0.734776
 1658.000000    0.721008
 1663.000000    0.718448
 1668.000000    0.735526
 1673.000000    0.750174
 1678.000000    0.761000
 1683.000000    0.793553
 1688.000000    0.783649
 1693.000000    0.790477
 1698.000000    0.772074
 1703.000000    0.753481
 1708.000000    0.735539
 1713.000000    0.755852
 1718.000000    0.749357
 1723.000000    0.758690
 1728.000000    0.745163
 1733.000000    0.750525
 1738.000000    0.719378
 1743.000000    0.719036
 1748.000000    0.711862
 1753.000000    0.710700
 1758.000000    0.729173
 1763.000000    0.748748
 1768.000000    0.749082
 1773.000000    0.743480
 1778.000000    0.709028
 1783.000000    0.707494
 1788.000000    0.741658
 1793.000000    0.757988
 1798.000000    0.736807
 1803.000000    0.723145
 1808.000000    0.735604
 1813.000000    0.750603
 1818.000000    0.769943
 1823.000000    0.758725
 1828.000000    0.759611
 1833.000000    0.757710
 1838.000000    0.767145
 1843.000000    0.759757
 1848.000000    0.729534
 1853.000000    0.696879
 1858.000000    0.674275
 1863.000000    0.661294
 1868.000000    0.685625
 1873.000000    0.703811
 1878.000000    0.714213
 1883.000000    0.740826
 1888.000000    0.739377
 1893.000000    0.727207
 1898.000000    0.716637
 1903.000000    0.711101
 1908.000000    0.699512
 1913.000000    0.723889
