#  pixel_depth  alphabetafraction   >  Analysis of alpha beta fraction
  116.000000    0.786244
  121.000000    0.804310
  126.000000    0.833312
  131.000000    0.842625
  136.000000    0.817405
  141.000000    0.821791
  146.000000    0.824243
  151.000000    0.770632
  156.000000    0.758945
  161.000000    0.748533
  166.000000    0.731708
  171.000000    0.732693
  176.000000    0.739274
  181.000000    0.724686
  186.000000    0.737018
  191.000000    0.742061
  196.000000    0.755263
  201.000000    0.781688
  206.000000    0.781282
  211.000000    0.803883
  216.000000    0.826880
  221.000000    0.838938
  226.000000    0.840342
  231.000000    0.834036
  236.000000    0.825598
  241.000000    0.817538
  246.000000    0.795641
  251.000000    0.782400
  256.000000    0.763890
  261.000000    0.767392
  266.000000    0.768823
  271.000000    0.782839
  276.000000    0.801640
  281.000000    0.820465
  286.000000    0.834856
  291.000000    0.855472
  296.000000    0.851047
  301.000000    0.858269
  306.000000    0.839323
  311.000000    0.810535
  316.000000    0.785331
  321.000000    0.770222
  326.000000    0.759899
  331.000000    0.751930
  336.000000    0.729423
  341.000000    0.695870
  346.000000    0.650627
  351.000000    0.669166
  356.000000    0.706015
  361.000000    0.736408
  366.000000    0.755670
  371.000000    0.775456
  376.000000    0.780338
  381.000000    0.777818
  386.000000    0.796252
  391.000000    0.806160
  396.000000    0.785399
  401.000000    0.791177
  406.000000    0.790979
  411.000000    0.783947
  416.000000    0.776693
  421.000000    0.795721
  426.000000    0.822651
  431.000000    0.823100
  436.000000    0.825165
  441.000000    0.826247
  446.000000    0.805434
  451.000000    0.831368
  456.000000    0.837735
  461.000000    0.826839
  466.000000    0.806396
  471.000000    0.792267
  476.000000    0.767348
  481.000000    0.762295
  486.000000    0.773282
  491.000000    0.775404
  496.000000    0.782896
  501.000000    0.801987
  506.000000    0.802112
  511.000000    0.812303
  516.000000    0.819928
  521.000000    0.824942
  526.000000    0.816702
  531.000000    0.818211
  536.000000    0.835914
  541.000000    0.819104
  546.000000    0.808780
  551.000000    0.790146
  556.000000    0.764723
  561.000000    0.737604
  566.000000    0.724936
  571.000000    0.725233
  576.000000    0.735589
  581.000000    0.719902
  586.000000    0.736053
  591.000000    0.727796
  596.000000    0.704632
  601.000000    0.695068
  606.000000    0.694983
  611.000000    0.717362
  616.000000    0.701357
  621.000000    0.713551
  626.000000    0.692459
  631.000000    0.673659
  636.000000    0.692973
  641.000000    0.728768
  646.000000    0.765792
  651.000000    0.774669
  656.000000    0.789621
  661.000000    0.809244
  666.000000    0.821212
  671.000000    0.817939
  676.000000    0.803206
  681.000000    0.773990
  686.000000    0.804086
  691.000000    0.821632
  696.000000    0.844014
  701.000000    0.844101
  706.000000    0.807431
  711.000000    0.775383
  716.000000    0.780458
  721.000000    0.776273
  726.000000    0.768802
  731.000000    0.781650
  736.000000    0.779602
  741.000000    0.779693
  746.000000    0.759546
  751.000000    0.719498
  756.000000    0.715842
  761.000000    0.725916
  766.000000    0.724707
  771.000000    0.750339
  776.000000    0.760367
  781.000000    0.766242
  786.000000    0.784457
  791.000000    0.787465
  796.000000    0.791405
  801.000000    0.791262
  806.000000    0.801035
  811.000000    0.790904
  816.000000    0.774006
  821.000000    0.757490
  826.000000    0.749289
  831.000000    0.765863
  836.000000    0.810893
  841.000000    0.821967
  846.000000    0.840087
  851.000000    0.850005
  856.000000    0.815187
  861.000000    0.766834
  866.000000    0.736268
  871.000000    0.725078
  876.000000    0.725293
  881.000000    0.727368
  886.000000    0.690125
  891.000000    0.697377
  896.000000    0.706354
  901.000000    0.701567
  906.000000    0.718977
  911.000000    0.752875
  916.000000    0.771892
  921.000000    0.792123
  926.000000    0.801268
  931.000000    0.790719
  936.000000    0.776754
  941.000000    0.756479
  946.000000    0.746648
  951.000000    0.733354
  956.000000    0.743957
  961.000000    0.753227
  966.000000    0.736129
  971.000000    0.755453
  976.000000    0.775481
  981.000000    0.796252
  986.000000    0.786085
  991.000000    0.784438
  996.000000    0.788290
 1001.000000    0.762753
 1006.000000    0.757633
 1011.000000    0.740817
 1016.000000    0.736527
 1021.000000    0.752280
 1026.000000    0.777597
 1031.000000    0.790873
 1036.000000    0.767318
 1041.000000    0.757161
 1046.000000    0.711145
 1051.000000    0.678848
 1056.000000    0.648330
 1061.000000    0.658633
 1066.000000    0.724147
 1071.000000    0.744035
 1076.000000    0.833960
 1081.000000    0.842861
 1086.000000    0.806983
 1091.000000    0.813397
 1096.000000    0.821061
 1101.000000    0.813551
 1106.000000    0.815708
 1111.000000    0.842242
 1116.000000    0.859701
 1121.000000    0.854171
 1126.000000    0.827329
 1131.000000    0.815601
 1136.000000    0.805093
 1141.000000    0.804001
 1146.000000    0.799514
 1151.000000    0.796770
 1156.000000    0.783087
 1161.000000    0.761553
 1166.000000    0.742680
 1171.000000    0.727524
 1176.000000    0.740789
 1181.000000    0.762932
 1186.000000    0.771726
 1191.000000    0.781566
 1196.000000    0.818266
 1201.000000    0.823731
 1206.000000    0.806396
 1211.000000    0.811048
 1216.000000    0.815629
 1221.000000    0.817608
 1226.000000    0.809210
 1231.000000    0.792255
 1236.000000    0.785592
 1241.000000    0.775602
 1246.000000    0.757304
 1251.000000    0.742612
 1256.000000    0.756529
 1261.000000    0.750599
 1266.000000    0.785554
 1271.000000    0.790754
 1276.000000    0.797893
 1281.000000    0.814224
 1286.000000    0.837739
 1291.000000    0.814576
 1296.000000    0.769117
 1301.000000    0.737725
 1306.000000    0.729865
 1311.000000    0.747000
 1316.000000    0.760812
 1321.000000    0.794202
 1326.000000    0.809901
 1331.000000    0.839119
 1336.000000    0.837802
 1341.000000    0.814533
 1346.000000    0.803694
 1351.000000    0.811440
 1356.000000    0.826219
 1361.000000    0.824063
 1366.000000    0.818068
 1371.000000    0.821144
 1376.000000    0.840255
 1381.000000    0.824897
 1386.000000    0.792760
 1391.000000    0.784634
 1396.000000    0.784522
 1401.000000    0.797974
 1406.000000    0.846131
 1411.000000    0.864477
 1416.000000    0.857054
 1421.000000    0.823797
 1426.000000    0.816845
 1431.000000    0.799918
 1436.000000    0.756166
 1441.000000    0.741789
 1446.000000    0.733468
 1451.000000    0.697771
 1456.000000    0.690185
 1461.000000    0.706747
 1466.000000    0.700109
 1471.000000    0.690217
 1476.000000    0.696208
 1481.000000    0.707136
 1486.000000    0.734871
 1491.000000    0.738133
 1496.000000    0.726793
 1501.000000    0.726010
 1506.000000    0.720201
 1511.000000    0.707580
 1516.000000    0.699745
 1521.000000    0.705574
 1526.000000    0.716710
 1531.000000    0.725553
 1536.000000    0.740194
 1541.000000    0.734139
 1546.000000    0.752014
 1551.000000    0.755593
 1556.000000    0.783891
 1561.000000    0.801633
 1566.000000    0.828880
 1571.000000    0.830169
 1576.000000    0.838464
 1581.000000    0.839717
 1586.000000    0.835468
 1591.000000    0.817277
 1596.000000    0.773438
 1601.000000    0.720685
 1606.000000    0.710710
 1611.000000    0.695351
 1616.000000    0.708955
 1621.000000    0.732083
 1626.000000    0.790544
 1631.000000    0.831230
 1636.000000    0.836838
 1641.000000    0.813094
 1646.000000    0.793077
 1651.000000    0.760723
 1656.000000    0.753937
 1661.000000    0.739641
 1666.000000    0.719031
 1671.000000    0.727171
 1676.000000    0.746479
 1681.000000    0.734059
 1686.000000    0.781327
 1691.000000    0.795151
 1696.000000    0.800006
 1701.000000    0.820930
 1706.000000    0.812258
 1711.000000    0.828837
 1716.000000    0.842358
 1721.000000    0.838478
 1726.000000    0.821002
 1731.000000    0.780796
 1736.000000    0.757754
 1741.000000    0.767299
 1746.000000    0.763603
 1751.000000    0.739060
 1756.000000    0.732255
 1761.000000    0.733664
 1766.000000    0.737408
 1771.000000    0.736583
 1776.000000    0.726202
 1781.000000    0.736452
 1786.000000    0.726531
 1791.000000    0.715968
 1796.000000    0.715832
 1801.000000    0.689455
 1806.000000    0.688460
 1811.000000    0.692999
 1816.000000    0.683439
 1821.000000    0.701457
 1826.000000    0.716832
 1831.000000    0.756493
 1836.000000    0.783338
 1841.000000    0.785268
 1846.000000    0.787622
 1851.000000    0.799390
 1856.000000    0.805477
 1861.000000    0.819666
 1866.000000    0.817155
 1871.000000    0.821533
 1876.000000    0.838152
 1881.000000    0.844333
 1886.000000    0.831476
 1891.000000    0.838023
 1896.000000    0.802458
 1901.000000    0.755144
 1906.000000    0.725544
 1911.000000    0.704497
 1916.000000    0.684728
 1921.000000    0.683260
 1926.000000    0.703475
 1931.000000    0.751513
 1936.000000    0.781218
 1941.000000    0.800046
