#  pixel_depth  alphabetafraction   >  Analysis of alpha beta fraction
   90.000000    0.647775
   95.000000    0.661579
  100.000000    0.680125
  105.000000    0.665902
  110.000000    0.686637
  115.000000    0.665583
  120.000000    0.652892
  125.000000    0.639232
  130.000000    0.617277
  135.000000    0.602337
  140.000000    0.628013
  145.000000    0.674761
  150.000000    0.685443
  155.000000    0.699811
  160.000000    0.688319
  165.000000    0.684169
  170.000000    0.648505
  175.000000    0.602911
  180.000000    0.634998
  185.000000    0.644202
  190.000000    0.650531
  195.000000    0.595706
  200.000000    0.591266
  205.000000    0.601709
  210.000000    0.606664
  215.000000    0.617001
  220.000000    0.609281
  225.000000    0.607272
  230.000000    0.621245
  235.000000    0.606838
  240.000000    0.579883
  245.000000    0.598186
  250.000000    0.634148
  255.000000    0.665144
  260.000000    0.722980
  265.000000    0.720182
  270.000000    0.725270
  275.000000    0.726546
  280.000000    0.716003
  285.000000    0.727937
  290.000000    0.695294
  295.000000    0.651307
  300.000000    0.631558
  305.000000    0.619423
  310.000000    0.581409
  315.000000    0.596956
  320.000000    0.609192
  325.000000    0.587052
  330.000000    0.579997
  335.000000    0.596110
  340.000000    0.621745
  345.000000    0.628477
  350.000000    0.652369
  355.000000    0.666947
  360.000000    0.664886
  365.000000    0.691288
  370.000000    0.724878
  375.000000    0.728911
  380.000000    0.743856
  385.000000    0.733191
  390.000000    0.730128
  395.000000    0.737136
  400.000000    0.726717
  405.000000    0.717065
  410.000000    0.688179
  415.000000    0.656216
  420.000000    0.651031
  425.000000    0.652889
  430.000000    0.654261
  435.000000    0.685763
  440.000000    0.712213
  445.000000    0.738239
  450.000000    0.766474
  455.000000    0.752568
  460.000000    0.767001
  465.000000    0.766983
  470.000000    0.752386
  475.000000    0.740407
  480.000000    0.739118
  485.000000    0.759159
  490.000000    0.733586
  495.000000    0.716706
  500.000000    0.691879
  505.000000    0.676081
  510.000000    0.709738
  515.000000    0.736667
  520.000000    0.720640
  525.000000    0.707001
  530.000000    0.703807
  535.000000    0.691524
  540.000000    0.681650
  545.000000    0.691719
  550.000000    0.653207
  555.000000    0.656558
  560.000000    0.672808
  565.000000    0.682254
  570.000000    0.680567
  575.000000    0.673400
  580.000000    0.622769
  585.000000    0.630523
  590.000000    0.652349
  595.000000    0.624073
  600.000000    0.570407
  605.000000    0.572310
  610.000000    0.602490
  615.000000    0.609917
  620.000000    0.615265
  625.000000    0.592093
  630.000000    0.579305
  635.000000    0.570058
  640.000000    0.611821
  645.000000    0.616177
  650.000000    0.587758
  655.000000    0.556810
  660.000000    0.558390
  665.000000    0.589004
  670.000000    0.583807
  675.000000    0.588806
  680.000000    0.616485
  685.000000    0.709571
  690.000000    0.705802
  695.000000    0.685449
  700.000000    0.682432
  705.000000    0.698256
  710.000000    0.697031
  715.000000    0.713309
  720.000000    0.703334
  725.000000    0.686323
  730.000000    0.669039
  735.000000    0.650788
  740.000000    0.600344
  745.000000    0.550751
  750.000000    0.529452
  755.000000    0.503211
  760.000000    0.520195
  765.000000    0.550469
  770.000000    0.549023
  775.000000    0.574115
  780.000000    0.584361
  785.000000    0.607588
  790.000000    0.596965
  795.000000    0.635225
  800.000000    0.665508
  805.000000    0.691713
  810.000000    0.685024
  815.000000    0.703258
  820.000000    0.719886
  825.000000    0.709211
  830.000000    0.687951
  835.000000    0.663798
  840.000000    0.622049
  845.000000    0.588189
  850.000000    0.541008
  855.000000    0.496852
  860.000000    0.489298
  865.000000    0.467923
  870.000000    0.477739
  875.000000    0.499663
  880.000000    0.510794
  885.000000    0.533927
  890.000000    0.551676
  895.000000    0.531840
  900.000000    0.515944
  905.000000    0.533536
  910.000000    0.561866
  915.000000    0.569719
  920.000000    0.578335
  925.000000    0.604508
  930.000000    0.629357
  935.000000    0.617127
  940.000000    0.632177
  945.000000    0.598026
  950.000000    0.557189
  955.000000    0.532238
  960.000000    0.509571
  965.000000    0.533869
  970.000000    0.581499
  975.000000    0.622882
  980.000000    0.627854
  985.000000    0.610859
  990.000000    0.598683
  995.000000    0.595543
 1000.000000    0.584454
 1005.000000    0.578581
 1010.000000    0.588224
 1015.000000    0.577304
 1020.000000    0.566008
 1025.000000    0.606034
 1030.000000    0.638094
 1035.000000    0.653620
 1040.000000    0.643399
 1045.000000    0.620325
 1050.000000    0.595630
 1055.000000    0.601075
 1060.000000    0.589288
 1065.000000    0.565211
 1070.000000    0.541498
 1075.000000    0.556260
 1080.000000    0.571357
 1085.000000    0.583630
 1090.000000    0.586632
 1095.000000    0.577802
 1100.000000    0.593178
 1105.000000    0.612466
 1110.000000    0.587956
 1115.000000    0.531897
 1120.000000    0.563852
 1125.000000    0.592196
 1130.000000    0.591432
 1135.000000    0.593221
 1140.000000    0.584305
 1145.000000    0.547150
 1150.000000    0.536412
 1155.000000    0.549065
 1160.000000    0.531294
 1165.000000    0.550038
 1170.000000    0.599292
 1175.000000    0.558811
 1180.000000    0.535980
 1185.000000    0.572991
 1190.000000    0.559139
 1195.000000    0.565407
 1200.000000    0.542706
 1205.000000    0.506915
 1210.000000    0.461053
 1215.000000    0.472778
 1220.000000    0.502032
 1225.000000    0.496054
 1230.000000    0.491409
 1235.000000    0.509845
 1240.000000    0.519647
 1245.000000    0.499205
 1250.000000    0.481303
 1255.000000    0.509707
 1260.000000    0.515427
 1265.000000    0.515333
 1270.000000    0.484488
 1275.000000    0.500279
 1280.000000    0.473433
 1285.000000    0.469687
 1290.000000    0.500775
 1295.000000    0.530141
 1300.000000    0.545733
 1305.000000    0.545328
 1310.000000    0.557594
 1315.000000    0.599028
 1320.000000    0.640559
 1325.000000    0.644726
 1330.000000    0.625379
 1335.000000    0.630317
 1340.000000    0.638282
 1345.000000    0.607806
 1350.000000    0.613239
 1355.000000    0.667060
 1360.000000    0.638372
 1365.000000    0.628939
 1370.000000    0.646212
 1375.000000    0.643342
 1380.000000    0.666316
 1385.000000    0.680826
 1390.000000    0.685569
 1395.000000    0.674435
 1400.000000    0.675099
 1405.000000    0.698518
 1410.000000    0.711854
 1415.000000    0.672281
 1420.000000    0.644044
 1425.000000    0.664356
 1430.000000    0.683170
 1435.000000    0.705560
 1440.000000    0.697805
 1445.000000    0.710846
 1450.000000    0.710710
 1455.000000    0.655942
 1460.000000    0.643187
 1465.000000    0.601776
 1470.000000    0.606674
 1475.000000    0.601892
 1480.000000    0.622311
 1485.000000    0.658638
 1490.000000    0.667763
 1495.000000    0.689697
 1500.000000    0.700388
 1505.000000    0.692809
 1510.000000    0.641939
 1515.000000    0.614178
 1520.000000    0.637027
 1525.000000    0.632524
 1530.000000    0.593898
 1535.000000    0.592370
 1540.000000    0.602154
 1545.000000    0.592974
 1550.000000    0.611447
 1555.000000    0.629987
 1560.000000    0.626096
 1565.000000    0.647272
 1570.000000    0.636303
 1575.000000    0.634030
 1580.000000    0.658958
 1585.000000    0.674340
 1590.000000    0.669089
 1595.000000    0.646048
 1600.000000    0.647139
 1605.000000    0.681659
 1610.000000    0.736312
 1615.000000    0.770004
 1620.000000    0.770894
 1625.000000    0.767679
 1630.000000    0.746570
 1635.000000    0.738528
 1640.000000    0.734547
 1645.000000    0.721598
 1650.000000    0.697430
 1655.000000    0.668543
 1660.000000    0.666857
 1665.000000    0.651055
 1670.000000    0.650450
 1675.000000    0.658545
 1680.000000    0.646572
 1685.000000    0.646413
 1690.000000    0.650110
 1695.000000    0.664291
 1700.000000    0.664391
 1705.000000    0.672031
 1710.000000    0.693002
 1715.000000    0.704668
 1720.000000    0.693823
 1725.000000    0.691646
 1730.000000    0.708364
 1735.000000    0.706924
 1740.000000    0.698944
 1745.000000    0.673633
 1750.000000    0.673352
 1755.000000    0.669671
