#  pixel_depth  alphabetafraction   >  Analysis of alpha beta fraction
  258.000000    0.785111
  263.000000    0.772532
  268.000000    0.746405
  273.000000    0.716614
  278.000000    0.680612
  283.000000    0.636948
  288.000000    0.626715
  293.000000    0.625303
  298.000000    0.608290
  303.000000    0.621726
  308.000000    0.612016
  313.000000    0.619522
  318.000000    0.649012
  323.000000    0.631734
  328.000000    0.650089
  333.000000    0.645732
  338.000000    0.701982
  343.000000    0.737456
  348.000000    0.762403
  353.000000    0.728800
  358.000000    0.709443
  363.000000    0.685850
  368.000000    0.657676
  373.000000    0.651686
  378.000000    0.667901
  383.000000    0.685710
  388.000000    0.688181
  393.000000    0.709029
  398.000000    0.698798
  403.000000    0.703535
  408.000000    0.701323
  413.000000    0.669269
  418.000000    0.657514
  423.000000    0.643167
  428.000000    0.651360
  433.000000    0.661626
  438.000000    0.668933
  443.000000    0.665197
  448.000000    0.690532
  453.000000    0.681360
  458.000000    0.683440
  463.000000    0.686427
  468.000000    0.692835
  473.000000    0.676524
  478.000000    0.673903
  483.000000    0.682384
  488.000000    0.678851
  493.000000    0.643882
  498.000000    0.627338
  503.000000    0.607735
  508.000000    0.612970
  513.000000    0.630576
  518.000000    0.617153
  523.000000    0.626017
  528.000000    0.655676
  533.000000    0.664930
  538.000000    0.644997
  543.000000    0.644376
  548.000000    0.676552
  553.000000    0.697720
  558.000000    0.698543
  563.000000    0.695985
  568.000000    0.696616
  573.000000    0.720389
  578.000000    0.711480
  583.000000    0.691540
  588.000000    0.685439
  593.000000    0.700271
  598.000000    0.714129
  603.000000    0.699172
  608.000000    0.701046
  613.000000    0.676684
  618.000000    0.646297
  623.000000    0.640814
  628.000000    0.624133
  633.000000    0.634244
  638.000000    0.625133
  643.000000    0.609815
  648.000000    0.614614
  653.000000    0.632160
  658.000000    0.633389
  663.000000    0.632331
  668.000000    0.633225
  673.000000    0.643357
  678.000000    0.660494
  683.000000    0.663476
  688.000000    0.653084
  693.000000    0.648176
  698.000000    0.615507
  703.000000    0.598635
  708.000000    0.608129
  713.000000    0.589433
  718.000000    0.588867
  723.000000    0.589131
  728.000000    0.605431
  733.000000    0.590490
  738.000000    0.583896
  743.000000    0.629930
  748.000000    0.678658
  753.000000    0.701172
  758.000000    0.735147
  763.000000    0.735957
  768.000000    0.721622
  773.000000    0.703860
  778.000000    0.660906
  783.000000    0.634666
  788.000000    0.605801
  793.000000    0.575336
  798.000000    0.585684
  803.000000    0.586789
  808.000000    0.595512
  813.000000    0.571656
  818.000000    0.577156
  823.000000    0.586991
  828.000000    0.603310
  833.000000    0.617576
  838.000000    0.608747
  843.000000    0.591402
  848.000000    0.596428
  853.000000    0.622248
  858.000000    0.612946
  863.000000    0.595906
  868.000000    0.567843
  873.000000    0.542020
  878.000000    0.532844
  883.000000    0.533805
  888.000000    0.557764
  893.000000    0.571744
  898.000000    0.572156
  903.000000    0.578479
  908.000000    0.547729
  913.000000    0.533569
  918.000000    0.543905
  923.000000    0.583819
  928.000000    0.593625
  933.000000    0.630177
  938.000000    0.627613
  943.000000    0.631703
  948.000000    0.624165
  953.000000    0.593777
  958.000000    0.596140
  963.000000    0.621051
  968.000000    0.617449
  973.000000    0.597264
  978.000000    0.597057
  983.000000    0.585824
  988.000000    0.582225
  993.000000    0.534947
  998.000000    0.557114
 1003.000000    0.588797
 1008.000000    0.608557
 1013.000000    0.590985
 1018.000000    0.585301
 1023.000000    0.597009
 1028.000000    0.619878
 1033.000000    0.621793
 1038.000000    0.641575
 1043.000000    0.659520
 1048.000000    0.656867
 1053.000000    0.661292
 1058.000000    0.658529
 1063.000000    0.625730
 1068.000000    0.601204
 1073.000000    0.606443
 1078.000000    0.587716
 1083.000000    0.596470
 1088.000000    0.629327
 1093.000000    0.616834
 1098.000000    0.604817
 1103.000000    0.602614
 1108.000000    0.589136
 1113.000000    0.568890
 1118.000000    0.567738
 1123.000000    0.588845
 1128.000000    0.605843
 1133.000000    0.609607
 1138.000000    0.613460
 1143.000000    0.627895
 1148.000000    0.625928
 1153.000000    0.596237
 1158.000000    0.582142
 1163.000000    0.569617
 1168.000000    0.590499
 1173.000000    0.611839
 1178.000000    0.620082
 1183.000000    0.618438
 1188.000000    0.640421
 1193.000000    0.627804
 1198.000000    0.592986
 1203.000000    0.599589
 1208.000000    0.601021
 1213.000000    0.609018
 1218.000000    0.614688
 1223.000000    0.629155
 1228.000000    0.663556
 1233.000000    0.702943
 1238.000000    0.695994
 1243.000000    0.706157
 1248.000000    0.704547
 1253.000000    0.670993
 1258.000000    0.689711
 1263.000000    0.667837
 1268.000000    0.636102
 1273.000000    0.639678
 1278.000000    0.598818
 1283.000000    0.598342
 1288.000000    0.598171
 1293.000000    0.629766
 1298.000000    0.684967
 1303.000000    0.678736
 1308.000000    0.674339
 1313.000000    0.692999
 1318.000000    0.735831
 1323.000000    0.766374
 1328.000000    0.766697
 1333.000000    0.754996
 1338.000000    0.761778
 1343.000000    0.770796
 1348.000000    0.771936
 1353.000000    0.759694
 1358.000000    0.741092
 1363.000000    0.719028
 1368.000000    0.687584
 1373.000000    0.663652
 1378.000000    0.655917
 1383.000000    0.656737
 1388.000000    0.645750
 1393.000000    0.692245
 1398.000000    0.699916
 1403.000000    0.710514
 1408.000000    0.713885
 1413.000000    0.718492
 1418.000000    0.734787
 1423.000000    0.738364
 1428.000000    0.714115
 1433.000000    0.706952
 1438.000000    0.722867
 1443.000000    0.740756
 1448.000000    0.751976
 1453.000000    0.727155
 1458.000000    0.730469
 1463.000000    0.743610
 1468.000000    0.730388
 1473.000000    0.680911
 1478.000000    0.655980
 1483.000000    0.635841
 1488.000000    0.667965
 1493.000000    0.693343
 1498.000000    0.683991
 1503.000000    0.663129
 1508.000000    0.647578
 1513.000000    0.630158
 1518.000000    0.643491
 1523.000000    0.649614
 1528.000000    0.666744
 1533.000000    0.667058
 1538.000000    0.658095
 1543.000000    0.651799
 1548.000000    0.650076
 1553.000000    0.627440
 1558.000000    0.610999
 1563.000000    0.632804
 1568.000000    0.659326
 1573.000000    0.672108
 1578.000000    0.690026
 1583.000000    0.702815
 1588.000000    0.712977
 1593.000000    0.746405
 1598.000000    0.729556
 1603.000000    0.721655
 1608.000000    0.703041
 1613.000000    0.671408
 1618.000000    0.640673
 1623.000000    0.620004
 1628.000000    0.615520
 1633.000000    0.622852
 1638.000000    0.619256
 1643.000000    0.627610
 1648.000000    0.617836
 1653.000000    0.634334
 1658.000000    0.644006
 1663.000000    0.679680
 1668.000000    0.724449
 1673.000000    0.761846
 1678.000000    0.772035
 1683.000000    0.789731
 1688.000000    0.775964
 1693.000000    0.750986
 1698.000000    0.737076
 1703.000000    0.700717
 1708.000000    0.693450
 1713.000000    0.705283
 1718.000000    0.673065
 1723.000000    0.639093
 1728.000000    0.627858
 1733.000000    0.639994
 1738.000000    0.647069
 1743.000000    0.675707
 1748.000000    0.727785
 1753.000000    0.750153
 1758.000000    0.754425
 1763.000000    0.739409
 1768.000000    0.733790
 1773.000000    0.709595
 1778.000000    0.700213
 1783.000000    0.697041
 1788.000000    0.696640
 1793.000000    0.679068
 1798.000000    0.656958
 1803.000000    0.630859
 1808.000000    0.626560
 1813.000000    0.643839
 1818.000000    0.648190
 1823.000000    0.655439
 1828.000000    0.646505
 1833.000000    0.656362
 1838.000000    0.685256
 1843.000000    0.691354
 1848.000000    0.673980
 1853.000000    0.643250
 1858.000000    0.595843
 1863.000000    0.596723
 1868.000000    0.583722
 1873.000000    0.589631
 1878.000000    0.608892
 1883.000000    0.627814
 1888.000000    0.622874
 1893.000000    0.616236
 1898.000000    0.651904
 1903.000000    0.698060
 1908.000000    0.726552
 1913.000000    0.741990
 1918.000000    0.754338
 1923.000000    0.752042
 1928.000000    0.746155
 1933.000000    0.734957
 1938.000000    0.720558
 1943.000000    0.708843
