#  pixel_depth  alphabetafraction   >  Analysis of alpha beta fraction
   39.000000    0.855833
   44.000000    0.861617
   49.000000    0.859773
   54.000000    0.859752
   59.000000    0.836303
   64.000000    0.813133
   69.000000    0.775401
   74.000000    0.802627
   79.000000    0.819432
   84.000000    0.796053
   89.000000    0.798298
   94.000000    0.792195
   99.000000    0.779702
  104.000000    0.753380
  109.000000    0.727628
  114.000000    0.740075
  119.000000    0.711905
  124.000000    0.695283
  129.000000    0.696522
  134.000000    0.701224
  139.000000    0.749023
  144.000000    0.803680
  149.000000    0.814659
  154.000000    0.816477
  159.000000    0.821114
  164.000000    0.782640
  169.000000    0.726249
  174.000000    0.732009
  179.000000    0.750388
  184.000000    0.731935
  189.000000    0.731976
  194.000000    0.739989
  199.000000    0.743732
  204.000000    0.750845
  209.000000    0.769550
  214.000000    0.762552
  219.000000    0.745884
  224.000000    0.752601
  229.000000    0.736339
  234.000000    0.736143
  239.000000    0.743791
  244.000000    0.748107
  249.000000    0.751406
  254.000000    0.723382
  259.000000    0.702000
  264.000000    0.687600
  269.000000    0.646887
  274.000000    0.668239
  279.000000    0.682003
  284.000000    0.689826
  289.000000    0.691999
  294.000000    0.733027
  299.000000    0.743526
  304.000000    0.785125
  309.000000    0.792959
  314.000000    0.781421
  319.000000    0.742604
  324.000000    0.732782
  329.000000    0.724422
  334.000000    0.734853
  339.000000    0.739163
  344.000000    0.741865
  349.000000    0.742127
  354.000000    0.774280
  359.000000    0.792314
  364.000000    0.754734
  369.000000    0.718455
  374.000000    0.729446
  379.000000    0.745849
  384.000000    0.737442
  389.000000    0.754431
  394.000000    0.764923
  399.000000    0.775081
  404.000000    0.770595
  409.000000    0.768019
  414.000000    0.769022
  419.000000    0.762713
  424.000000    0.743651
  429.000000    0.733854
  434.000000    0.711254
  439.000000    0.699237
  444.000000    0.679873
  449.000000    0.671480
  454.000000    0.684714
  459.000000    0.713667
  464.000000    0.751765
  469.000000    0.768820
  474.000000    0.786175
  479.000000    0.785790
  484.000000    0.794096
  489.000000    0.813779
  494.000000    0.805671
  499.000000    0.774657
  504.000000    0.747233
  509.000000    0.747864
  514.000000    0.756816
  519.000000    0.764775
  524.000000    0.759831
  529.000000    0.710669
  534.000000    0.676203
  539.000000    0.667966
  544.000000    0.672345
  549.000000    0.682105
  554.000000    0.683533
  559.000000    0.704247
  564.000000    0.704927
  569.000000    0.712332
  574.000000    0.718893
  579.000000    0.700016
  584.000000    0.705300
  589.000000    0.733144
  594.000000    0.774646
  599.000000    0.763516
  604.000000    0.763141
  609.000000    0.761142
  614.000000    0.744492
  619.000000    0.743383
  624.000000    0.703687
  629.000000    0.678966
  634.000000    0.679180
  639.000000    0.682606
  644.000000    0.658395
  649.000000    0.656643
  654.000000    0.694850
  659.000000    0.735888
  664.000000    0.759884
  669.000000    0.778907
  674.000000    0.786260
  679.000000    0.806229
  684.000000    0.809482
  689.000000    0.790239
  694.000000    0.782691
  699.000000    0.784953
  704.000000    0.805394
  709.000000    0.824785
  714.000000    0.824644
  719.000000    0.813598
  724.000000    0.819211
  729.000000    0.813440
  734.000000    0.805621
  739.000000    0.789513
  744.000000    0.783986
  749.000000    0.758220
  754.000000    0.735548
  759.000000    0.718884
  764.000000    0.695665
  769.000000    0.705307
  774.000000    0.726429
  779.000000    0.768339
  784.000000    0.775871
  789.000000    0.775707
  794.000000    0.788304
  799.000000    0.799087
  804.000000    0.782466
  809.000000    0.774867
  814.000000    0.760337
  819.000000    0.746728
  824.000000    0.732446
  829.000000    0.725559
  834.000000    0.694398
  839.000000    0.670697
  844.000000    0.671294
  849.000000    0.679066
  854.000000    0.703800
  859.000000    0.716893
  864.000000    0.705942
  869.000000    0.723972
  874.000000    0.714567
  879.000000    0.719384
  884.000000    0.710218
  889.000000    0.712769
  894.000000    0.720224
  899.000000    0.748014
  904.000000    0.729078
  909.000000    0.736329
  914.000000    0.744396
  919.000000    0.738398
  924.000000    0.744983
  929.000000    0.752417
  934.000000    0.748241
  939.000000    0.743655
  944.000000    0.752149
  949.000000    0.773657
  954.000000    0.742013
  959.000000    0.729333
  964.000000    0.749820
  969.000000    0.759528
  974.000000    0.765718
  979.000000    0.768895
  984.000000    0.773748
  989.000000    0.818342
  994.000000    0.776061
  999.000000    0.796156
 1004.000000    0.806297
 1009.000000    0.789751
 1014.000000    0.794543
 1019.000000    0.761735
 1024.000000    0.739725
 1029.000000    0.718330
 1034.000000    0.658519
 1039.000000    0.649371
 1044.000000    0.657551
 1049.000000    0.664124
 1054.000000    0.631169
 1059.000000    0.607956
 1064.000000    0.618568
 1069.000000    0.681553
 1074.000000    0.709960
 1079.000000    0.695965
 1084.000000    0.665398
 1089.000000    0.655733
 1094.000000    0.657414
 1099.000000    0.697895
 1104.000000    0.724835
 1109.000000    0.732613
 1114.000000    0.750044
 1119.000000    0.754750
 1124.000000    0.774575
 1129.000000    0.797321
 1134.000000    0.827863
 1139.000000    0.849766
 1144.000000    0.836306
 1149.000000    0.799331
 1154.000000    0.815763
 1159.000000    0.788710
 1164.000000    0.778520
 1169.000000    0.765785
 1174.000000    0.779930
 1179.000000    0.783173
 1184.000000    0.769052
 1189.000000    0.743922
 1194.000000    0.729672
 1199.000000    0.731503
 1204.000000    0.746116
 1209.000000    0.734307
 1214.000000    0.712870
 1219.000000    0.736555
 1224.000000    0.755894
 1229.000000    0.761632
 1234.000000    0.744001
 1239.000000    0.767424
 1244.000000    0.785461
 1249.000000    0.783056
 1254.000000    0.774683
 1259.000000    0.723573
 1264.000000    0.729003
 1269.000000    0.738110
 1274.000000    0.741638
 1279.000000    0.743361
 1284.000000    0.761884
 1289.000000    0.772850
 1294.000000    0.766811
 1299.000000    0.764740
 1304.000000    0.759608
 1309.000000    0.766731
 1314.000000    0.751067
 1319.000000    0.776738
 1324.000000    0.813904
 1329.000000    0.804540
 1334.000000    0.811121
 1339.000000    0.804083
 1344.000000    0.788101
 1349.000000    0.775203
 1354.000000    0.765329
 1359.000000    0.781007
 1364.000000    0.777704
 1369.000000    0.759129
 1374.000000    0.748722
 1379.000000    0.732804
 1384.000000    0.708005
 1389.000000    0.718349
 1394.000000    0.700509
 1399.000000    0.677516
 1404.000000    0.685052
 1409.000000    0.705626
 1414.000000    0.723265
 1419.000000    0.733696
 1424.000000    0.705362
 1429.000000    0.692564
 1434.000000    0.697509
 1439.000000    0.725815
 1444.000000    0.757517
 1449.000000    0.769638
 1454.000000    0.724682
 1459.000000    0.701073
 1464.000000    0.723121
 1469.000000    0.734981
 1474.000000    0.756504
 1479.000000    0.806275
 1484.000000    0.802129
 1489.000000    0.845550
 1494.000000    0.864407
 1499.000000    0.870390
 1504.000000    0.867878
 1509.000000    0.852039
 1514.000000    0.816519
 1519.000000    0.798786
 1524.000000    0.794092
 1529.000000    0.793618
 1534.000000    0.761493
 1539.000000    0.727683
 1544.000000    0.683665
 1549.000000    0.641875
 1554.000000    0.603421
 1559.000000    0.635044
 1564.000000    0.646021
 1569.000000    0.640519
 1574.000000    0.682246
 1579.000000    0.695859
 1584.000000    0.716866
 1589.000000    0.756382
 1594.000000    0.758344
 1599.000000    0.776804
 1604.000000    0.777457
 1609.000000    0.802154
 1614.000000    0.779278
 1619.000000    0.787777
 1624.000000    0.792022
 1629.000000    0.792767
 1634.000000    0.790484
 1639.000000    0.820587
 1644.000000    0.820932
 1649.000000    0.790084
 1654.000000    0.778757
 1659.000000    0.771991
 1664.000000    0.761682
 1669.000000    0.734948
 1674.000000    0.712827
 1679.000000    0.719997
 1684.000000    0.729152
 1689.000000    0.737538
 1694.000000    0.741800
 1699.000000    0.717947
 1704.000000    0.711708
 1709.000000    0.712080
 1714.000000    0.709565
 1719.000000    0.693140
 1724.000000    0.700948
 1729.000000    0.747731
 1734.000000    0.756286
 1739.000000    0.755396
 1744.000000    0.757639
 1749.000000    0.749621
 1754.000000    0.755117
 1759.000000    0.731649
 1764.000000    0.751680
 1769.000000    0.719425
 1774.000000    0.722236
 1779.000000    0.712536
 1784.000000    0.695684
 1789.000000    0.719832
 1794.000000    0.759401
 1799.000000    0.747913
 1804.000000    0.745659
