#  pixel_depth  alphabetafraction   >  Analysis of alpha beta fraction
  279.000000    0.744267
  284.000000    0.736397
  289.000000    0.713094
  294.000000    0.709748
  299.000000    0.702265
  304.000000    0.701743
  309.000000    0.731203
  314.000000    0.740682
  319.000000    0.735097
  324.000000    0.734796
  329.000000    0.740777
  334.000000    0.747655
  339.000000    0.763885
  344.000000    0.737885
  349.000000    0.732482
  354.000000    0.745744
  359.000000    0.743193
  364.000000    0.733897
  369.000000    0.761769
  374.000000    0.759245
  379.000000    0.749194
  384.000000    0.704497
  389.000000    0.680709
  394.000000    0.714751
  399.000000    0.682927
  404.000000    0.664276
  409.000000    0.626963
  414.000000    0.629979
  419.000000    0.653179
  424.000000    0.628855
  429.000000    0.659435
  434.000000    0.672718
  439.000000    0.662889
  444.000000    0.667969
  449.000000    0.680065
  454.000000    0.672213
  459.000000    0.651886
  464.000000    0.656179
  469.000000    0.667040
  474.000000    0.691837
  479.000000    0.698393
  484.000000    0.709003
  489.000000    0.700716
  494.000000    0.707267
  499.000000    0.769130
  504.000000    0.760989
  509.000000    0.759271
  514.000000    0.759664
  519.000000    0.767433
  524.000000    0.781047
  529.000000    0.768124
  534.000000    0.766425
  539.000000    0.806051
  544.000000    0.789446
  549.000000    0.773288
  554.000000    0.734781
  559.000000    0.692873
  564.000000    0.677840
  569.000000    0.656604
  574.000000    0.620421
  579.000000    0.633066
  584.000000    0.665187
  589.000000    0.691153
  594.000000    0.695672
  599.000000    0.709504
  604.000000    0.720109
  609.000000    0.733903
  614.000000    0.746534
  619.000000    0.739934
  624.000000    0.707191
  629.000000    0.715040
  634.000000    0.741837
  639.000000    0.758241
  644.000000    0.753046
  649.000000    0.703114
  654.000000    0.698132
  659.000000    0.705089
  664.000000    0.712235
  669.000000    0.743225
  674.000000    0.759657
  679.000000    0.778525
  684.000000    0.753236
  689.000000    0.731786
  694.000000    0.747889
  699.000000    0.735066
  704.000000    0.761604
  709.000000    0.788167
  714.000000    0.758762
  719.000000    0.733041
  724.000000    0.737446
  729.000000    0.697125
  734.000000    0.693513
  739.000000    0.704725
  744.000000    0.722265
  749.000000    0.749084
  754.000000    0.738255
  759.000000    0.744934
  764.000000    0.748898
  769.000000    0.732750
  774.000000    0.755304
  779.000000    0.770875
  784.000000    0.764437
  789.000000    0.739032
  794.000000    0.716832
  799.000000    0.739561
  804.000000    0.740876
  809.000000    0.757590
  814.000000    0.768285
  819.000000    0.740303
  824.000000    0.718303
  829.000000    0.666597
  834.000000    0.635649
  839.000000    0.608209
  844.000000    0.596529
  849.000000    0.572844
  854.000000    0.542806
  859.000000    0.537579
  864.000000    0.559876
  869.000000    0.583304
  874.000000    0.569436
  879.000000    0.579266
  884.000000    0.603358
  889.000000    0.638271
  894.000000    0.648109
  899.000000    0.656803
  904.000000    0.654673
  909.000000    0.693196
  914.000000    0.742439
  919.000000    0.719204
  924.000000    0.708869
  929.000000    0.724797
  934.000000    0.731975
  939.000000    0.729028
  944.000000    0.698038
  949.000000    0.723567
  954.000000    0.752858
  959.000000    0.747028
  964.000000    0.740841
  969.000000    0.741761
  974.000000    0.714883
  979.000000    0.715243
  984.000000    0.736075
  989.000000    0.740636
  994.000000    0.733462
  999.000000    0.734746
 1004.000000    0.739986
 1009.000000    0.742182
 1014.000000    0.746426
 1019.000000    0.730151
 1024.000000    0.716580
 1029.000000    0.657604
 1034.000000    0.659895
 1039.000000    0.650966
 1044.000000    0.623466
 1049.000000    0.622446
 1054.000000    0.658169
 1059.000000    0.666461
 1064.000000    0.642488
 1069.000000    0.640572
 1074.000000    0.643951
 1079.000000    0.637226
 1084.000000    0.644372
 1089.000000    0.632942
 1094.000000    0.629719
 1099.000000    0.662267
 1104.000000    0.637327
 1109.000000    0.619887
 1114.000000    0.617257
 1119.000000    0.619736
 1124.000000    0.635042
 1129.000000    0.634600
 1134.000000    0.631131
 1139.000000    0.658634
 1144.000000    0.663888
 1149.000000    0.693780
 1154.000000    0.701876
 1159.000000    0.667443
 1164.000000    0.655988
 1169.000000    0.622391
 1174.000000    0.660887
 1179.000000    0.700995
 1184.000000    0.708580
 1189.000000    0.734010
 1194.000000    0.737365
 1199.000000    0.753905
 1204.000000    0.780183
 1209.000000    0.750230
 1214.000000    0.739320
 1219.000000    0.727381
 1224.000000    0.716761
 1229.000000    0.698416
 1234.000000    0.707900
 1239.000000    0.705062
 1244.000000    0.673141
 1249.000000    0.699419
 1254.000000    0.746318
 1259.000000    0.775432
 1264.000000    0.779713
 1269.000000    0.786777
 1274.000000    0.761282
 1279.000000    0.763186
 1284.000000    0.739459
 1289.000000    0.745397
 1294.000000    0.758279
 1299.000000    0.736883
 1304.000000    0.720489
 1309.000000    0.684087
 1314.000000    0.647940
 1319.000000    0.622554
 1324.000000    0.577924
 1329.000000    0.568068
 1334.000000    0.547824
 1339.000000    0.574089
 1344.000000    0.618521
 1349.000000    0.624685
 1354.000000    0.648429
 1359.000000    0.675457
 1364.000000    0.696865
 1369.000000    0.703886
 1374.000000    0.684891
 1379.000000    0.676619
 1384.000000    0.674595
 1389.000000    0.659490
 1394.000000    0.633977
 1399.000000    0.622088
 1404.000000    0.588421
 1409.000000    0.556784
 1414.000000    0.571214
 1419.000000    0.592807
 1424.000000    0.613513
 1429.000000    0.661228
 1434.000000    0.665825
 1439.000000    0.668563
 1444.000000    0.673831
 1449.000000    0.688608
 1454.000000    0.695215
 1459.000000    0.683342
 1464.000000    0.669028
 1469.000000    0.639383
 1474.000000    0.624954
 1479.000000    0.647881
 1484.000000    0.675693
 1489.000000    0.651977
 1494.000000    0.626492
 1499.000000    0.604845
 1504.000000    0.587426
 1509.000000    0.607232
 1514.000000    0.608886
 1519.000000    0.619760
 1524.000000    0.622087
 1529.000000    0.619808
 1534.000000    0.626561
 1539.000000    0.645488
 1544.000000    0.657766
 1549.000000    0.666304
 1554.000000    0.666233
 1559.000000    0.636714
 1564.000000    0.653156
 1569.000000    0.693636
 1574.000000    0.717937
 1579.000000    0.715196
 1584.000000    0.755252
 1589.000000    0.767665
 1594.000000    0.760696
 1599.000000    0.716544
 1604.000000    0.672347
 1609.000000    0.636066
 1614.000000    0.639604
 1619.000000    0.635569
 1624.000000    0.639211
 1629.000000    0.690113
 1634.000000    0.713341
 1639.000000    0.738428
 1644.000000    0.737003
 1649.000000    0.716810
 1654.000000    0.710531
 1659.000000    0.670330
 1664.000000    0.647468
 1669.000000    0.632198
 1674.000000    0.631858
 1679.000000    0.652427
 1684.000000    0.654577
 1689.000000    0.685906
 1694.000000    0.712074
 1699.000000    0.711517
 1704.000000    0.710131
 1709.000000    0.720206
 1714.000000    0.695153
 1719.000000    0.684577
 1724.000000    0.669729
 1729.000000    0.683551
 1734.000000    0.707502
 1739.000000    0.728448
 1744.000000    0.739396
 1749.000000    0.748587
 1754.000000    0.785059
 1759.000000    0.787555
 1764.000000    0.790896
 1769.000000    0.768610
 1774.000000    0.766515
 1779.000000    0.749047
 1784.000000    0.721936
 1789.000000    0.703014
 1794.000000    0.691058
 1799.000000    0.663781
 1804.000000    0.665055
 1809.000000    0.669041
 1814.000000    0.658792
 1819.000000    0.620766
 1824.000000    0.629867
 1829.000000    0.672528
 1834.000000    0.683190
 1839.000000    0.703984
 1844.000000    0.734374
 1849.000000    0.750272
 1854.000000    0.748213
 1859.000000    0.775114
 1864.000000    0.775315
 1869.000000    0.790433
 1874.000000    0.791852
 1879.000000    0.750059
 1884.000000    0.747390
 1889.000000    0.745526
 1894.000000    0.713407
 1899.000000    0.699142
 1904.000000    0.718195
 1909.000000    0.713360
 1914.000000    0.727740
 1919.000000    0.717168
 1924.000000    0.713986
 1929.000000    0.739790
 1934.000000    0.760584
 1939.000000    0.811328
