#  pixel_depth  alphabetafraction   >  Analysis of alpha beta fraction
   63.000000    0.597748
   68.000000    0.617074
   73.000000    0.656173
   78.000000    0.690767
   83.000000    0.721765
   88.000000    0.754888
   93.000000    0.746123
   98.000000    0.745819
  103.000000    0.732014
  108.000000    0.744275
  113.000000    0.764692
  118.000000    0.768042
  123.000000    0.750038
  128.000000    0.743239
  133.000000    0.746795
  138.000000    0.716069
  143.000000    0.686806
  148.000000    0.660384
  153.000000    0.689371
  158.000000    0.676213
  163.000000    0.670368
  168.000000    0.692850
  173.000000    0.683087
  178.000000    0.677424
  183.000000    0.697115
  188.000000    0.686279
  193.000000    0.660667
  198.000000    0.690859
  203.000000    0.733675
  208.000000    0.739627
  213.000000    0.715356
  218.000000    0.731651
  223.000000    0.769476
  228.000000    0.789388
  233.000000    0.763792
  238.000000    0.773901
  243.000000    0.758044
  248.000000    0.748908
  253.000000    0.762188
  258.000000    0.789270
  263.000000    0.800049
  268.000000    0.770678
  273.000000    0.718874
  278.000000    0.705715
  283.000000    0.672512
  288.000000    0.660163
  293.000000    0.633612
  298.000000    0.639265
  303.000000    0.626815
  308.000000    0.629033
  313.000000    0.651723
  318.000000    0.682848
  323.000000    0.704119
  328.000000    0.728572
  333.000000    0.747032
  338.000000    0.729132
  343.000000    0.726550
  348.000000    0.721533
  353.000000    0.739273
  358.000000    0.736237
  363.000000    0.738852
  368.000000    0.713322
  373.000000    0.721435
  378.000000    0.714416
  383.000000    0.728497
  388.000000    0.751846
  393.000000    0.764948
  398.000000    0.781151
  403.000000    0.799069
  408.000000    0.805697
  413.000000    0.789462
  418.000000    0.739304
  423.000000    0.701747
  428.000000    0.668883
  433.000000    0.652574
  438.000000    0.652081
  443.000000    0.707646
  448.000000    0.716917
  453.000000    0.744584
  458.000000    0.755769
  463.000000    0.741642
  468.000000    0.743260
  473.000000    0.726288
  478.000000    0.702983
  483.000000    0.673018
  488.000000    0.631281
  493.000000    0.597875
  498.000000    0.614434
  503.000000    0.677161
  508.000000    0.744028
  513.000000    0.753625
  518.000000    0.749229
  523.000000    0.740306
  528.000000    0.742147
  533.000000    0.754020
  538.000000    0.786265
  543.000000    0.774237
  548.000000    0.754772
  553.000000    0.737864
  558.000000    0.707627
  563.000000    0.697113
  568.000000    0.693670
  573.000000    0.663696
  578.000000    0.675527
  583.000000    0.692428
  588.000000    0.694208
  593.000000    0.713191
  598.000000    0.728834
  603.000000    0.743808
  608.000000    0.736333
  613.000000    0.744052
  618.000000    0.789820
  623.000000    0.793727
  628.000000    0.800108
  633.000000    0.799324
  638.000000    0.786277
  643.000000    0.762078
  648.000000    0.733412
  653.000000    0.735846
  658.000000    0.738303
  663.000000    0.731582
  668.000000    0.724433
  673.000000    0.723121
  678.000000    0.707397
  683.000000    0.692585
  688.000000    0.686137
  693.000000    0.671341
  698.000000    0.660537
  703.000000    0.683038
  708.000000    0.698881
  713.000000    0.694962
  718.000000    0.713898
  723.000000    0.739841
  728.000000    0.767208
  733.000000    0.765416
  738.000000    0.773370
  743.000000    0.769036
  748.000000    0.754700
  753.000000    0.763611
  758.000000    0.789007
  763.000000    0.793767
  768.000000    0.772534
  773.000000    0.783599
  778.000000    0.781894
  783.000000    0.766369
  788.000000    0.741390
  793.000000    0.734330
  798.000000    0.736880
  803.000000    0.765463
  808.000000    0.784796
  813.000000    0.789465
  818.000000    0.777250
  823.000000    0.806849
  828.000000    0.827744
  833.000000    0.832901
  838.000000    0.849143
  843.000000    0.827817
  848.000000    0.792106
  853.000000    0.746196
  858.000000    0.676785
  863.000000    0.644627
  868.000000    0.649960
  873.000000    0.685421
  878.000000    0.719957
  883.000000    0.709912
  888.000000    0.722665
  893.000000    0.753508
  898.000000    0.764132
  903.000000    0.768599
  908.000000    0.796516
  913.000000    0.801515
  918.000000    0.788444
  923.000000    0.771472
  928.000000    0.786164
  933.000000    0.790807
  938.000000    0.801736
  943.000000    0.823613
  948.000000    0.830341
  953.000000    0.804488
  958.000000    0.782479
  963.000000    0.775951
  968.000000    0.777425
  973.000000    0.755947
  978.000000    0.758961
  983.000000    0.753948
  988.000000    0.712006
  993.000000    0.742011
  998.000000    0.781802
 1003.000000    0.799365
 1008.000000    0.805372
 1013.000000    0.788107
 1018.000000    0.767658
 1023.000000    0.734163
 1028.000000    0.729871
 1033.000000    0.734794
 1038.000000    0.732839
 1043.000000    0.700909
 1048.000000    0.667347
 1053.000000    0.682522
 1058.000000    0.711296
 1063.000000    0.725360
 1068.000000    0.731383
 1073.000000    0.741377
 1078.000000    0.747226
 1083.000000    0.758205
 1088.000000    0.771895
 1093.000000    0.793595
 1098.000000    0.791300
 1103.000000    0.796886
 1108.000000    0.834563
 1113.000000    0.814394
 1118.000000    0.784964
 1123.000000    0.766030
 1128.000000    0.775917
 1133.000000    0.762680
 1138.000000    0.756455
 1143.000000    0.762684
 1148.000000    0.768727
 1153.000000    0.741133
 1158.000000    0.733344
 1163.000000    0.726449
 1168.000000    0.754631
 1173.000000    0.751651
 1178.000000    0.750199
 1183.000000    0.752106
 1188.000000    0.752439
 1193.000000    0.737864
 1198.000000    0.750680
 1203.000000    0.731368
 1208.000000    0.709605
 1213.000000    0.744357
 1218.000000    0.748535
 1223.000000    0.709988
 1228.000000    0.693345
 1233.000000    0.705474
 1238.000000    0.726610
 1243.000000    0.730262
 1248.000000    0.709665
 1253.000000    0.703437
 1258.000000    0.722766
 1263.000000    0.733011
 1268.000000    0.757317
 1273.000000    0.798360
 1278.000000    0.803393
 1283.000000    0.806154
 1288.000000    0.793820
 1293.000000    0.772682
 1298.000000    0.771890
 1303.000000    0.760470
 1308.000000    0.763806
 1313.000000    0.762838
 1318.000000    0.776761
 1323.000000    0.781758
 1328.000000    0.774146
 1333.000000    0.771382
 1338.000000    0.805755
 1343.000000    0.790065
 1348.000000    0.793061
 1353.000000    0.764097
 1358.000000    0.759729
 1363.000000    0.751097
 1368.000000    0.755069
 1373.000000    0.777413
 1378.000000    0.806072
 1383.000000    0.799902
 1388.000000    0.791159
 1393.000000    0.778097
 1398.000000    0.751020
 1403.000000    0.739906
 1408.000000    0.702503
 1413.000000    0.692768
 1418.000000    0.706942
 1423.000000    0.704287
 1428.000000    0.723361
 1433.000000    0.753567
 1438.000000    0.773143
 1443.000000    0.775604
 1448.000000    0.757928
 1453.000000    0.743570
 1458.000000    0.735390
 1463.000000    0.740787
 1468.000000    0.782402
 1473.000000    0.804602
 1478.000000    0.786673
 1483.000000    0.764252
 1488.000000    0.743854
 1493.000000    0.718847
 1498.000000    0.724533
 1503.000000    0.720307
 1508.000000    0.731834
 1513.000000    0.727804
 1518.000000    0.754699
 1523.000000    0.764392
 1528.000000    0.752886
 1533.000000    0.773179
 1538.000000    0.794284
 1543.000000    0.793331
 1548.000000    0.791379
 1553.000000    0.775615
 1558.000000    0.799297
 1563.000000    0.796305
 1568.000000    0.802783
 1573.000000    0.789236
 1578.000000    0.775529
 1583.000000    0.781403
 1588.000000    0.785870
 1593.000000    0.798161
 1598.000000    0.814675
 1603.000000    0.822131
 1608.000000    0.795293
 1613.000000    0.794873
 1618.000000    0.752283
 1623.000000    0.747498
 1628.000000    0.722411
 1633.000000    0.695556
 1638.000000    0.697215
 1643.000000    0.691604
 1648.000000    0.669168
 1653.000000    0.686030
 1658.000000    0.681828
 1663.000000    0.696868
 1668.000000    0.707568
 1673.000000    0.732589
 1678.000000    0.753335
 1683.000000    0.774584
 1688.000000    0.774843
 1693.000000    0.775482
 1698.000000    0.800705
 1703.000000    0.819728
 1708.000000    0.844968
 1713.000000    0.832825
 1718.000000    0.834686
 1723.000000    0.805532
 1728.000000    0.805438
 1733.000000    0.780201
 1738.000000    0.776280
 1743.000000    0.747685
 1748.000000    0.690546
 1753.000000    0.701509
 1758.000000    0.698122
 1763.000000    0.709327
 1768.000000    0.731195
 1773.000000    0.733285
 1778.000000    0.768191
 1783.000000    0.775255
 1788.000000    0.762473
 1793.000000    0.771454
 1798.000000    0.798388
 1803.000000    0.811123
 1808.000000    0.800311
 1813.000000    0.763226
 1818.000000    0.781856
 1823.000000    0.780486
 1828.000000    0.728745
 1833.000000    0.736407
 1838.000000    0.771172
 1843.000000    0.757121
 1848.000000    0.753763
 1853.000000    0.787516
