#  pixel_depth  alphabetafraction   >  Analysis of alpha beta fraction
   74.000000    0.731706
   79.000000    0.751368
   84.000000    0.769994
   89.000000    0.742748
   94.000000    0.737562
   99.000000    0.732848
  104.000000    0.717477
  109.000000    0.710673
  114.000000    0.732781
  119.000000    0.734976
  124.000000    0.757020
  129.000000    0.747584
  134.000000    0.744014
  139.000000    0.728540
  144.000000    0.720798
  149.000000    0.691739
  154.000000    0.679195
  159.000000    0.673494
  164.000000    0.695775
  169.000000    0.689510
  174.000000    0.676491
  179.000000    0.688118
  184.000000    0.662870
  189.000000    0.653038
  194.000000    0.663351
  199.000000    0.654935
  204.000000    0.648818
  209.000000    0.682352
  214.000000    0.729352
  219.000000    0.764785
  224.000000    0.764873
  229.000000    0.779606
  234.000000    0.783512
  239.000000    0.771618
  244.000000    0.708078
  249.000000    0.675381
  254.000000    0.677483
  259.000000    0.645636
  264.000000    0.641408
  269.000000    0.653482
  274.000000    0.669503
  279.000000    0.692219
  284.000000    0.680446
  289.000000    0.686600
  294.000000    0.708694
  299.000000    0.711551
  304.000000    0.728531
  309.000000    0.757441
  314.000000    0.763671
  319.000000    0.768693
  324.000000    0.770927
  329.000000    0.791132
  334.000000    0.823507
  339.000000    0.844010
  344.000000    0.861141
  349.000000    0.859725
  354.000000    0.817428
  359.000000    0.773289
  364.000000    0.744081
  369.000000    0.725465
  374.000000    0.707824
  379.000000    0.688456
  384.000000    0.687247
  389.000000    0.732380
  394.000000    0.755276
  399.000000    0.757626
  404.000000    0.700011
  409.000000    0.657327
  414.000000    0.667125
  419.000000    0.679049
  424.000000    0.709613
  429.000000    0.700922
  434.000000    0.675070
  439.000000    0.681803
  444.000000    0.717041
  449.000000    0.714687
  454.000000    0.710068
  459.000000    0.704577
  464.000000    0.688820
  469.000000    0.702784
  474.000000    0.689828
  479.000000    0.712082
  484.000000    0.770926
  489.000000    0.796391
  494.000000    0.807413
  499.000000    0.801449
  504.000000    0.818314
  509.000000    0.818840
  514.000000    0.814548
  519.000000    0.804390
  524.000000    0.798068
  529.000000    0.779024
  534.000000    0.735693
  539.000000    0.717760
  544.000000    0.694820
  549.000000    0.675006
  554.000000    0.683532
  559.000000    0.696298
  564.000000    0.708089
  569.000000    0.708851
  574.000000    0.740056
  579.000000    0.740565
  584.000000    0.760534
  589.000000    0.767254
  594.000000    0.786926
  599.000000    0.770668
  604.000000    0.764295
  609.000000    0.737325
  614.000000    0.716044
  619.000000    0.679508
  624.000000    0.657145
  629.000000    0.668407
  634.000000    0.674711
  639.000000    0.678255
  644.000000    0.676683
  649.000000    0.704774
  654.000000    0.699261
  659.000000    0.724563
  664.000000    0.730228
  669.000000    0.732484
  674.000000    0.704447
  679.000000    0.671796
  684.000000    0.682394
  689.000000    0.709834
  694.000000    0.724567
  699.000000    0.738467
  704.000000    0.749132
  709.000000    0.775686
  714.000000    0.825714
  719.000000    0.827114
  724.000000    0.805860
  729.000000    0.755776
  734.000000    0.713636
  739.000000    0.657646
  744.000000    0.668571
  749.000000    0.665694
  754.000000    0.750673
  759.000000    0.760868
  764.000000    0.767644
  769.000000    0.757625
  774.000000    0.762883
  779.000000    0.768920
  784.000000    0.764930
  789.000000    0.729943
  794.000000    0.732512
  799.000000    0.759793
  804.000000    0.794704
  809.000000    0.790917
  814.000000    0.768354
  819.000000    0.731544
  824.000000    0.721350
  829.000000    0.706894
  834.000000    0.718763
  839.000000    0.719327
  844.000000    0.724441
  849.000000    0.727016
  854.000000    0.726443
  859.000000    0.728535
  864.000000    0.697232
  869.000000    0.710960
  874.000000    0.684599
  879.000000    0.670594
  884.000000    0.681784
  889.000000    0.689850
  894.000000    0.677507
  899.000000    0.683494
  904.000000    0.714960
  909.000000    0.714401
  914.000000    0.666784
  919.000000    0.679328
  924.000000    0.712049
  929.000000    0.739347
  934.000000    0.764251
  939.000000    0.791256
  944.000000    0.772383
  949.000000    0.779869
  954.000000    0.760044
  959.000000    0.750711
  964.000000    0.757980
  969.000000    0.789715
  974.000000    0.815195
  979.000000    0.833974
  984.000000    0.850677
  989.000000    0.870662
  994.000000    0.870443
  999.000000    0.836861
 1004.000000    0.823172
 1009.000000    0.846656
 1014.000000    0.831947
 1019.000000    0.819845
 1024.000000    0.819289
 1029.000000    0.768858
 1034.000000    0.756499
 1039.000000    0.722329
 1044.000000    0.700063
 1049.000000    0.708750
 1054.000000    0.714430
 1059.000000    0.700432
 1064.000000    0.692476
 1069.000000    0.714523
 1074.000000    0.741930
 1079.000000    0.779772
 1084.000000    0.789363
 1089.000000    0.817244
 1094.000000    0.810658
 1099.000000    0.800728
 1104.000000    0.790573
 1109.000000    0.786332
 1114.000000    0.757384
 1119.000000    0.738809
 1124.000000    0.736974
 1129.000000    0.731032
 1134.000000    0.723271
 1139.000000    0.727513
 1144.000000    0.722635
 1149.000000    0.708974
 1154.000000    0.702858
 1159.000000    0.693959
 1164.000000    0.682434
 1169.000000    0.663579
 1174.000000    0.634238
 1179.000000    0.631825
 1184.000000    0.631083
 1189.000000    0.641230
 1194.000000    0.640659
 1199.000000    0.651563
 1204.000000    0.686050
 1209.000000    0.720661
 1214.000000    0.736087
 1219.000000    0.773988
 1224.000000    0.804254
 1229.000000    0.827215
 1234.000000    0.837948
 1239.000000    0.863215
 1244.000000    0.860424
 1249.000000    0.848908
 1254.000000    0.829540
 1259.000000    0.788499
 1264.000000    0.761446
 1269.000000    0.777788
 1274.000000    0.785432
 1279.000000    0.797495
 1284.000000    0.792543
 1289.000000    0.800555
 1294.000000    0.791436
 1299.000000    0.799398
 1304.000000    0.795241
 1309.000000    0.768589
 1314.000000    0.721916
 1319.000000    0.676966
 1324.000000    0.665855
 1329.000000    0.678669
 1334.000000    0.676461
 1339.000000    0.666643
 1344.000000    0.682536
 1349.000000    0.718015
 1354.000000    0.721268
 1359.000000    0.720557
 1364.000000    0.698409
 1369.000000    0.723523
 1374.000000    0.703107
 1379.000000    0.698184
 1384.000000    0.708781
 1389.000000    0.713367
 1394.000000    0.713901
 1399.000000    0.742460
 1404.000000    0.729114
 1409.000000    0.726728
 1414.000000    0.714427
 1419.000000    0.706120
 1424.000000    0.682552
 1429.000000    0.671419
 1434.000000    0.665937
 1439.000000    0.653922
 1444.000000    0.643810
 1449.000000    0.649659
 1454.000000    0.668824
 1459.000000    0.665398
 1464.000000    0.644295
 1469.000000    0.667281
 1474.000000    0.677617
 1479.000000    0.684574
 1484.000000    0.662484
 1489.000000    0.658204
 1494.000000    0.648347
 1499.000000    0.671477
 1504.000000    0.676079
 1509.000000    0.688249
 1514.000000    0.699183
 1519.000000    0.755374
 1524.000000    0.777981
 1529.000000    0.787962
 1534.000000    0.801297
 1539.000000    0.797366
 1544.000000    0.778491
 1549.000000    0.783041
 1554.000000    0.782222
 1559.000000    0.771809
 1564.000000    0.759379
 1569.000000    0.741292
 1574.000000    0.709252
 1579.000000    0.690581
 1584.000000    0.689487
 1589.000000    0.694845
 1594.000000    0.696340
 1599.000000    0.697226
 1604.000000    0.698575
 1609.000000    0.667110
 1614.000000    0.655519
 1619.000000    0.623619
 1624.000000    0.611938
 1629.000000    0.647599
 1634.000000    0.656786
 1639.000000    0.650127
 1644.000000    0.634110
 1649.000000    0.643900
 1654.000000    0.634026
 1659.000000    0.647107
 1664.000000    0.681037
 1669.000000    0.727660
 1674.000000    0.739644
 1679.000000    0.743226
 1684.000000    0.722508
 1689.000000    0.731180
 1694.000000    0.743110
 1699.000000    0.748192
 1704.000000    0.743309
 1709.000000    0.737436
 1714.000000    0.737210
 1719.000000    0.716351
 1724.000000    0.697054
 1729.000000    0.670290
 1734.000000    0.648965
 1739.000000    0.647071
 1744.000000    0.641948
 1749.000000    0.648915
 1754.000000    0.652905
 1759.000000    0.675145
 1764.000000    0.707238
