#  pixel_depth  alphabetafraction   >  Analysis of alpha beta fraction
   81.000000    0.692108
   86.000000    0.683415
   91.000000    0.659588
   96.000000    0.659193
  101.000000    0.662073
  106.000000    0.671252
  111.000000    0.691428
  116.000000    0.693952
  121.000000    0.690871
  126.000000    0.697456
  131.000000    0.681129
  136.000000    0.666087
  141.000000    0.661252
  146.000000    0.653073
  151.000000    0.644031
  156.000000    0.661857
  161.000000    0.700923
  166.000000    0.703179
  171.000000    0.733901
  176.000000    0.749807
  181.000000    0.753987
  186.000000    0.744366
  191.000000    0.748037
  196.000000    0.753209
  201.000000    0.728275
  206.000000    0.687545
  211.000000    0.665721
  216.000000    0.618503
  221.000000    0.599278
  226.000000    0.553804
  231.000000    0.539247
  236.000000    0.528664
  241.000000    0.519734
  246.000000    0.523100
  251.000000    0.535475
  256.000000    0.551305
  261.000000    0.522926
  266.000000    0.523816
  271.000000    0.551305
  276.000000    0.628360
  281.000000    0.670548
  286.000000    0.723302
  291.000000    0.763234
  296.000000    0.747582
  301.000000    0.738473
  306.000000    0.718839
  311.000000    0.720731
  316.000000    0.676402
  321.000000    0.672211
  326.000000    0.672223
  331.000000    0.686134
  336.000000    0.671826
  341.000000    0.690850
  346.000000    0.681943
  351.000000    0.700723
  356.000000    0.702292
  361.000000    0.703306
  366.000000    0.713454
  371.000000    0.708596
  376.000000    0.695613
  381.000000    0.667667
  386.000000    0.659046
  391.000000    0.656105
  396.000000    0.650237
  401.000000    0.632172
  406.000000    0.618341
  411.000000    0.603763
  416.000000    0.606004
  421.000000    0.597828
  426.000000    0.573956
  431.000000    0.571386
  436.000000    0.606724
  441.000000    0.602033
  446.000000    0.617768
  451.000000    0.605157
  456.000000    0.603579
  461.000000    0.608577
  466.000000    0.627515
  471.000000    0.650583
  476.000000    0.654313
  481.000000    0.686927
  486.000000    0.709670
  491.000000    0.690696
  496.000000    0.675315
  501.000000    0.665290
  506.000000    0.659190
  511.000000    0.641792
  516.000000    0.630224
  521.000000    0.659191
  526.000000    0.613774
  531.000000    0.602049
  536.000000    0.592316
  541.000000    0.570720
  546.000000    0.571458
  551.000000    0.567158
  556.000000    0.541708
  561.000000    0.573354
  566.000000    0.545568
  571.000000    0.519782
  576.000000    0.528355
  581.000000    0.557856
  586.000000    0.584269
  591.000000    0.602604
  596.000000    0.602128
  601.000000    0.614726
  606.000000    0.606899
  611.000000    0.614223
  616.000000    0.616558
  621.000000    0.600806
  626.000000    0.590139
  631.000000    0.602617
  636.000000    0.622401
  641.000000    0.649356
  646.000000    0.628461
  651.000000    0.600632
  656.000000    0.587576
  661.000000    0.547745
  666.000000    0.539743
  671.000000    0.553345
  676.000000    0.606210
  681.000000    0.629851
  686.000000    0.636904
  691.000000    0.641506
  696.000000    0.636615
  701.000000    0.625830
  706.000000    0.655695
  711.000000    0.703447
  716.000000    0.687034
  721.000000    0.674642
  726.000000    0.645650
  731.000000    0.631465
  736.000000    0.620509
  741.000000    0.590959
  746.000000    0.567293
  751.000000    0.538230
  756.000000    0.502282
  761.000000    0.513101
  766.000000    0.541588
  771.000000    0.521916
  776.000000    0.501211
  781.000000    0.481951
  786.000000    0.486020
  791.000000    0.486263
  796.000000    0.454928
  801.000000    0.484777
  806.000000    0.518082
  811.000000    0.536547
  816.000000    0.547685
  821.000000    0.610717
  826.000000    0.612658
  831.000000    0.615903
  836.000000    0.647310
  841.000000    0.715030
  846.000000    0.758127
  851.000000    0.767627
  856.000000    0.786637
  861.000000    0.804713
  866.000000    0.821101
  871.000000    0.814709
  876.000000    0.798462
  881.000000    0.786578
  886.000000    0.776616
  891.000000    0.726415
  896.000000    0.724219
  901.000000    0.706949
  906.000000    0.643891
  911.000000    0.616493
  916.000000    0.632060
  921.000000    0.667490
  926.000000    0.707079
  931.000000    0.730845
  936.000000    0.760817
  941.000000    0.775689
  946.000000    0.761578
  951.000000    0.757285
  956.000000    0.744305
  961.000000    0.739889
  966.000000    0.741290
  971.000000    0.727164
  976.000000    0.715448
  981.000000    0.709786
  986.000000    0.684090
  991.000000    0.647595
  996.000000    0.607036
 1001.000000    0.593311
 1006.000000    0.608683
 1011.000000    0.605011
 1016.000000    0.593577
 1021.000000    0.607177
 1026.000000    0.623453
 1031.000000    0.625232
 1036.000000    0.622959
 1041.000000    0.586457
 1046.000000    0.556906
 1051.000000    0.537886
 1056.000000    0.550662
 1061.000000    0.577525
 1066.000000    0.573210
 1071.000000    0.581056
 1076.000000    0.594691
 1081.000000    0.609991
 1086.000000    0.633001
 1091.000000    0.627375
 1096.000000    0.607285
 1101.000000    0.606615
 1106.000000    0.612585
 1111.000000    0.609558
 1116.000000    0.591314
 1121.000000    0.567474
 1126.000000    0.564120
 1131.000000    0.554804
 1136.000000    0.552302
 1141.000000    0.555210
 1146.000000    0.562521
 1151.000000    0.525950
 1156.000000    0.530245
 1161.000000    0.539273
 1166.000000    0.553951
 1171.000000    0.586848
 1176.000000    0.597663
 1181.000000    0.606096
 1186.000000    0.609243
 1191.000000    0.594264
 1196.000000    0.613307
 1201.000000    0.632706
 1206.000000    0.653717
 1211.000000    0.641335
 1216.000000    0.631986
 1221.000000    0.608456
 1226.000000    0.589801
 1231.000000    0.595026
 1236.000000    0.568322
 1241.000000    0.590516
 1246.000000    0.583122
 1251.000000    0.573399
 1256.000000    0.542500
 1261.000000    0.527695
 1266.000000    0.490750
 1271.000000    0.467024
 1276.000000    0.440545
 1281.000000    0.428170
 1286.000000    0.401040
 1291.000000    0.420616
 1296.000000    0.461233
 1301.000000    0.492166
 1306.000000    0.541303
 1311.000000    0.567417
 1316.000000    0.587583
 1321.000000    0.582598
 1326.000000    0.580883
 1331.000000    0.580744
 1336.000000    0.590125
 1341.000000    0.588983
 1346.000000    0.579840
 1351.000000    0.602614
 1356.000000    0.582436
 1361.000000    0.583743
 1366.000000    0.612128
 1371.000000    0.597115
 1376.000000    0.566208
 1381.000000    0.555174
 1386.000000    0.550154
 1391.000000    0.557168
 1396.000000    0.569286
 1401.000000    0.610195
 1406.000000    0.589376
 1411.000000    0.588122
 1416.000000    0.587307
 1421.000000    0.550327
 1426.000000    0.564463
 1431.000000    0.614703
 1436.000000    0.595804
 1441.000000    0.583880
 1446.000000    0.571606
 1451.000000    0.527674
 1456.000000    0.527832
 1461.000000    0.529504
 1466.000000    0.507932
 1471.000000    0.495596
 1476.000000    0.505588
 1481.000000    0.509945
 1486.000000    0.519899
 1491.000000    0.564899
 1496.000000    0.590842
 1501.000000    0.590464
 1506.000000    0.601353
 1511.000000    0.598903
 1516.000000    0.602200
 1521.000000    0.618529
 1526.000000    0.634737
 1531.000000    0.647129
 1536.000000    0.639210
 1541.000000    0.646975
 1546.000000    0.663273
 1551.000000    0.661287
 1556.000000    0.667016
 1561.000000    0.688417
 1566.000000    0.705248
 1571.000000    0.710351
 1576.000000    0.728263
 1581.000000    0.738618
 1586.000000    0.739788
 1591.000000    0.711431
 1596.000000    0.702059
 1601.000000    0.687131
 1606.000000    0.657046
 1611.000000    0.634270
 1616.000000    0.643227
 1621.000000    0.643821
 1626.000000    0.654254
 1631.000000    0.641321
 1636.000000    0.623280
 1641.000000    0.614337
 1646.000000    0.592290
 1651.000000    0.558805
 1656.000000    0.539708
 1661.000000    0.511960
 1666.000000    0.509266
 1671.000000    0.525437
 1676.000000    0.530190
 1681.000000    0.557201
 1686.000000    0.596223
 1691.000000    0.617428
 1696.000000    0.621480
 1701.000000    0.587340
 1706.000000    0.577138
 1711.000000    0.584139
 1716.000000    0.596366
 1721.000000    0.609401
 1726.000000    0.675939
 1731.000000    0.715936
 1736.000000    0.750988
 1741.000000    0.752410
 1746.000000    0.727962
 1751.000000    0.718810
 1756.000000    0.707534
 1761.000000    0.689544
 1766.000000    0.701400
 1771.000000    0.695526
