#  pixel_depth  alphabetafraction   >  Analysis of alpha beta fraction
   87.000000    0.777116
   92.000000    0.768373
   97.000000    0.744185
  102.000000    0.725583
  107.000000    0.756339
  112.000000    0.769056
  117.000000    0.767279
  122.000000    0.776998
  127.000000    0.763763
  132.000000    0.750975
  137.000000    0.711803
  142.000000    0.691722
  147.000000    0.705935
  152.000000    0.711501
  157.000000    0.713672
  162.000000    0.705180
  167.000000    0.705777
  172.000000    0.724477
  177.000000    0.715483
  182.000000    0.705691
  187.000000    0.715771
  192.000000    0.673171
  197.000000    0.650741
  202.000000    0.598581
  207.000000    0.590925
  212.000000    0.599342
  217.000000    0.589190
  222.000000    0.616951
  227.000000    0.638904
  232.000000    0.625305
  237.000000    0.618630
  242.000000    0.638729
  247.000000    0.669997
  252.000000    0.692639
  257.000000    0.698789
  262.000000    0.721598
  267.000000    0.737645
  272.000000    0.745070
  277.000000    0.748668
  282.000000    0.743837
  287.000000    0.731177
  292.000000    0.729910
  297.000000    0.736957
  302.000000    0.722147
  307.000000    0.730396
  312.000000    0.747368
  317.000000    0.801789
  322.000000    0.852929
  327.000000    0.847803
  332.000000    0.844013
  337.000000    0.821525
  342.000000    0.789489
  347.000000    0.756350
  352.000000    0.726365
  357.000000    0.675888
  362.000000    0.632365
  367.000000    0.609998
  372.000000    0.563349
  377.000000    0.544246
  382.000000    0.542628
  387.000000    0.561187
  392.000000    0.558822
  397.000000    0.558507
  402.000000    0.563130
  407.000000    0.565993
  412.000000    0.586102
  417.000000    0.639785
  422.000000    0.689461
  427.000000    0.705394
  432.000000    0.710114
  437.000000    0.691501
  442.000000    0.704602
  447.000000    0.738457
  452.000000    0.768639
  457.000000    0.789950
  462.000000    0.818080
  467.000000    0.826505
  472.000000    0.837742
  477.000000    0.844951
  482.000000    0.839276
  487.000000    0.832058
  492.000000    0.782591
  497.000000    0.716253
  502.000000    0.714469
  507.000000    0.736259
  512.000000    0.727569
  517.000000    0.702709
  522.000000    0.716095
  527.000000    0.727833
  532.000000    0.724832
  537.000000    0.713848
  542.000000    0.697527
  547.000000    0.680434
  552.000000    0.676826
  557.000000    0.687859
  562.000000    0.681802
  567.000000    0.665861
  572.000000    0.661880
  577.000000    0.657394
  582.000000    0.664142
  587.000000    0.659330
  592.000000    0.658069
  597.000000    0.650021
  602.000000    0.658491
  607.000000    0.671533
  612.000000    0.661591
  617.000000    0.657294
  622.000000    0.656479
  627.000000    0.679389
  632.000000    0.712394
  637.000000    0.739990
  642.000000    0.763564
  647.000000    0.766558
  652.000000    0.764294
  657.000000    0.773113
  662.000000    0.755024
  667.000000    0.741506
  672.000000    0.713184
  677.000000    0.710012
  682.000000    0.738002
  687.000000    0.747340
  692.000000    0.725275
  697.000000    0.747219
  702.000000    0.746087
  707.000000    0.768696
  712.000000    0.769202
  717.000000    0.765890
  722.000000    0.782422
  727.000000    0.791215
  732.000000    0.778410
  737.000000    0.762939
  742.000000    0.758410
  747.000000    0.780572
  752.000000    0.774104
  757.000000    0.768613
  762.000000    0.765454
  767.000000    0.762486
  772.000000    0.755673
  777.000000    0.756738
  782.000000    0.743007
  787.000000    0.729635
  792.000000    0.726539
  797.000000    0.736160
  802.000000    0.730589
  807.000000    0.719615
  812.000000    0.710834
  817.000000    0.725363
  822.000000    0.748361
  827.000000    0.769647
  832.000000    0.779473
  837.000000    0.814723
  842.000000    0.831093
  847.000000    0.850526
  852.000000    0.858999
  857.000000    0.851720
  862.000000    0.837917
  867.000000    0.810774
  872.000000    0.783908
  877.000000    0.754356
  882.000000    0.738100
  887.000000    0.734367
  892.000000    0.745866
  897.000000    0.755336
  902.000000    0.750801
  907.000000    0.756739
  912.000000    0.760182
  917.000000    0.753133
  922.000000    0.718629
  927.000000    0.720905
  932.000000    0.725389
  937.000000    0.731292
  942.000000    0.719910
  947.000000    0.736074
  952.000000    0.737735
  957.000000    0.715231
  962.000000    0.694860
  967.000000    0.700051
  972.000000    0.674463
  977.000000    0.680752
  982.000000    0.637640
  987.000000    0.637388
  992.000000    0.642058
  997.000000    0.649036
 1002.000000    0.635258
 1007.000000    0.635925
 1012.000000    0.637701
 1017.000000    0.639181
 1022.000000    0.645901
 1027.000000    0.646806
 1032.000000    0.638251
 1037.000000    0.644180
 1042.000000    0.665815
 1047.000000    0.665185
 1052.000000    0.727747
 1057.000000    0.742845
 1062.000000    0.730429
 1067.000000    0.751253
 1072.000000    0.763031
 1077.000000    0.728514
 1082.000000    0.676551
 1087.000000    0.685283
 1092.000000    0.740429
 1097.000000    0.774585
 1102.000000    0.811844
 1107.000000    0.811115
 1112.000000    0.789194
 1117.000000    0.757775
 1122.000000    0.735347
 1127.000000    0.704880
 1132.000000    0.686913
 1137.000000    0.677918
 1142.000000    0.695118
 1147.000000    0.715849
 1152.000000    0.739131
 1157.000000    0.772047
 1162.000000    0.786384
 1167.000000    0.796594
 1172.000000    0.787023
 1177.000000    0.776386
 1182.000000    0.745340
 1187.000000    0.736828
 1192.000000    0.712570
 1197.000000    0.692935
 1202.000000    0.643659
 1207.000000    0.601444
 1212.000000    0.623496
 1217.000000    0.666035
 1222.000000    0.691463
 1227.000000    0.717122
 1232.000000    0.731814
 1237.000000    0.737096
 1242.000000    0.724820
 1247.000000    0.707596
 1252.000000    0.737816
 1257.000000    0.756548
 1262.000000    0.755315
 1267.000000    0.747647
 1272.000000    0.716782
 1277.000000    0.732879
 1282.000000    0.723136
 1287.000000    0.703349
 1292.000000    0.684905
 1297.000000    0.680335
 1302.000000    0.684966
 1307.000000    0.682414
 1312.000000    0.701433
 1317.000000    0.714469
 1322.000000    0.720562
 1327.000000    0.690896
 1332.000000    0.663794
 1337.000000    0.661713
 1342.000000    0.682065
 1347.000000    0.696637
 1352.000000    0.718681
 1357.000000    0.735274
 1362.000000    0.779386
 1367.000000    0.782598
 1372.000000    0.789256
 1377.000000    0.808128
 1382.000000    0.818637
 1387.000000    0.826740
 1392.000000    0.806765
 1397.000000    0.810598
 1402.000000    0.801129
 1407.000000    0.750679
 1412.000000    0.717347
 1417.000000    0.705727
 1422.000000    0.671237
 1427.000000    0.656496
 1432.000000    0.637517
 1437.000000    0.637315
 1442.000000    0.649911
 1447.000000    0.628146
 1452.000000    0.616450
 1457.000000    0.571835
 1462.000000    0.563695
 1467.000000    0.581516
 1472.000000    0.618999
 1477.000000    0.628056
 1482.000000    0.649707
 1487.000000    0.656086
 1492.000000    0.689953
 1497.000000    0.759421
 1502.000000    0.783586
 1507.000000    0.800047
 1512.000000    0.805730
 1517.000000    0.817886
 1522.000000    0.813085
 1527.000000    0.796472
 1532.000000    0.784538
 1537.000000    0.771650
 1542.000000    0.774270
 1547.000000    0.778648
 1552.000000    0.765945
 1557.000000    0.773719
 1562.000000    0.777832
 1567.000000    0.771847
 1572.000000    0.752753
 1577.000000    0.749193
 1582.000000    0.737885
 1587.000000    0.735710
 1592.000000    0.710486
 1597.000000    0.665511
 1602.000000    0.636346
 1607.000000    0.644365
 1612.000000    0.644150
 1617.000000    0.640479
 1622.000000    0.623884
 1627.000000    0.631047
 1632.000000    0.643380
 1637.000000    0.645556
 1642.000000    0.677127
 1647.000000    0.707169
 1652.000000    0.721080
 1657.000000    0.708191
 1662.000000    0.731601
 1667.000000    0.745726
 1672.000000    0.733247
 1677.000000    0.713337
 1682.000000    0.705053
 1687.000000    0.733179
 1692.000000    0.786196
 1697.000000    0.804006
 1702.000000    0.799774
 1707.000000    0.776008
 1712.000000    0.767780
 1717.000000    0.774794
 1722.000000    0.789027
 1727.000000    0.827549
 1732.000000    0.846018
 1737.000000    0.841602
 1742.000000    0.839427
 1747.000000    0.827828
 1752.000000    0.792520
 1757.000000    0.779189
 1762.000000    0.779971
 1767.000000    0.753442
 1772.000000    0.747557
 1777.000000    0.761743
 1782.000000    0.772925
 1787.000000    0.789763
 1792.000000    0.766101
 1797.000000    0.769277
 1802.000000    0.753019
 1807.000000    0.731935
 1812.000000    0.722567
 1817.000000    0.698330
 1822.000000    0.675141
 1827.000000    0.636910
 1832.000000    0.609804
 1837.000000    0.605940
 1842.000000    0.623979
 1847.000000    0.622139
 1852.000000    0.622357
 1857.000000    0.619840
 1862.000000    0.632704
 1867.000000    0.645215
 1872.000000    0.641439
 1877.000000    0.678713
 1882.000000    0.706336
