#  pixel_depth  alphabetafraction   >  Analysis of alpha beta fraction
   61.000000    0.717846
   66.000000    0.744699
   71.000000    0.726300
   76.000000    0.716904
   81.000000    0.719549
   86.000000    0.738631
   91.000000    0.757650
   96.000000    0.779452
  101.000000    0.788467
  106.000000    0.772077
  111.000000    0.757399
  116.000000    0.770826
  121.000000    0.787131
  126.000000    0.798419
  131.000000    0.822808
  136.000000    0.813875
  141.000000    0.777573
  146.000000    0.753810
  151.000000    0.746417
  156.000000    0.714874
  161.000000    0.701784
  166.000000    0.666651
  171.000000    0.666188
  176.000000    0.706495
  181.000000    0.716396
  186.000000    0.720636
  191.000000    0.698540
  196.000000    0.709599
  201.000000    0.713396
  206.000000    0.721218
  211.000000    0.739401
  216.000000    0.759249
  221.000000    0.736927
  226.000000    0.725057
  231.000000    0.701463
  236.000000    0.712359
  241.000000    0.690887
  246.000000    0.722759
  251.000000    0.712931
  256.000000    0.711461
  261.000000    0.730239
  266.000000    0.735335
  271.000000    0.741290
  276.000000    0.727058
  281.000000    0.739185
  286.000000    0.743022
  291.000000    0.781818
  296.000000    0.818341
  301.000000    0.868312
  306.000000    0.834637
  311.000000    0.824622
  316.000000    0.819420
  321.000000    0.835084
  326.000000    0.838463
  331.000000    0.840472
  336.000000    0.832673
  341.000000    0.823429
  346.000000    0.821169
  351.000000    0.801968
  356.000000    0.784969
  361.000000    0.774630
  366.000000    0.779989
  371.000000    0.763634
  376.000000    0.751444
  381.000000    0.730773
  386.000000    0.692166
  391.000000    0.689496
  396.000000    0.693221
  401.000000    0.740558
  406.000000    0.757661
  411.000000    0.720054
  416.000000    0.708026
  421.000000    0.697447
  426.000000    0.689922
  431.000000    0.698382
  436.000000    0.752905
  441.000000    0.791997
  446.000000    0.790099
  451.000000    0.776389
  456.000000    0.780014
  461.000000    0.772496
  466.000000    0.771380
  471.000000    0.765110
  476.000000    0.761184
  481.000000    0.763503
  486.000000    0.770662
  491.000000    0.796396
  496.000000    0.798613
  501.000000    0.807429
  506.000000    0.787098
  511.000000    0.776329
  516.000000    0.748595
  521.000000    0.720825
  526.000000    0.693675
  531.000000    0.674504
  536.000000    0.689890
  541.000000    0.684272
  546.000000    0.717558
  551.000000    0.735447
  556.000000    0.749794
  561.000000    0.754815
  566.000000    0.743710
  571.000000    0.759538
  576.000000    0.735117
  581.000000    0.705092
  586.000000    0.683654
  591.000000    0.714094
  596.000000    0.756257
  601.000000    0.789333
  606.000000    0.802593
  611.000000    0.823222
  616.000000    0.803375
  621.000000    0.768205
  626.000000    0.751395
  631.000000    0.732919
  636.000000    0.727400
  641.000000    0.736060
  646.000000    0.719269
  651.000000    0.686300
  656.000000    0.694935
  661.000000    0.712854
  666.000000    0.739739
  671.000000    0.728515
  676.000000    0.759029
  681.000000    0.798844
  686.000000    0.813960
  691.000000    0.815675
  696.000000    0.816522
  701.000000    0.829134
  706.000000    0.830005
  711.000000    0.820572
  716.000000    0.810475
  721.000000    0.797680
  726.000000    0.767114
  731.000000    0.714733
  736.000000    0.729613
  741.000000    0.736268
  746.000000    0.704020
  751.000000    0.660041
  756.000000    0.616409
  761.000000    0.611251
  766.000000    0.599194
  771.000000    0.636477
  776.000000    0.685862
  781.000000    0.723849
  786.000000    0.740641
  791.000000    0.765665
  796.000000    0.795518
  801.000000    0.816248
  806.000000    0.830377
  811.000000    0.868327
  816.000000    0.888977
  821.000000    0.878898
  826.000000    0.862564
  831.000000    0.858584
  836.000000    0.849762
  841.000000    0.833861
  846.000000    0.810231
  851.000000    0.788640
  856.000000    0.778509
  861.000000    0.755433
  866.000000    0.734804
  871.000000    0.705806
  876.000000    0.690422
  881.000000    0.695315
  886.000000    0.710769
  891.000000    0.706431
  896.000000    0.697195
  901.000000    0.695738
  906.000000    0.685251
  911.000000    0.711844
  916.000000    0.705605
  921.000000    0.688832
  926.000000    0.679322
  931.000000    0.678268
  936.000000    0.707367
  941.000000    0.722109
  946.000000    0.720091
  951.000000    0.736800
  956.000000    0.753662
  961.000000    0.775133
  966.000000    0.792591
  971.000000    0.806213
  976.000000    0.827891
  981.000000    0.887974
  986.000000    0.934253
  991.000000    0.956156
  996.000000    0.945687
 1001.000000    0.938991
 1006.000000    0.929865
 1011.000000    0.899462
 1016.000000    0.888783
 1021.000000    0.853200
 1026.000000    0.839899
 1031.000000    0.851266
 1036.000000    0.846151
 1041.000000    0.819188
 1046.000000    0.830930
 1051.000000    0.838701
 1056.000000    0.816763
 1061.000000    0.801021
 1066.000000    0.785043
 1071.000000    0.766902
 1076.000000    0.768025
 1081.000000    0.781665
 1086.000000    0.792649
 1091.000000    0.794238
 1096.000000    0.777056
 1101.000000    0.773183
 1106.000000    0.774332
 1111.000000    0.794397
 1116.000000    0.812071
 1121.000000    0.824361
 1126.000000    0.802071
 1131.000000    0.828524
 1136.000000    0.841944
 1141.000000    0.848262
 1146.000000    0.835443
 1151.000000    0.812693
 1156.000000    0.798348
 1161.000000    0.788588
 1166.000000    0.770268
 1171.000000    0.764474
 1176.000000    0.752026
 1181.000000    0.729402
 1186.000000    0.713554
 1191.000000    0.716377
 1196.000000    0.726093
 1201.000000    0.743737
 1206.000000    0.755505
 1211.000000    0.776545
 1216.000000    0.775065
 1221.000000    0.759376
 1226.000000    0.755112
 1231.000000    0.750992
 1236.000000    0.747913
 1241.000000    0.768385
 1246.000000    0.796810
 1251.000000    0.803440
 1256.000000    0.781239
 1261.000000    0.741982
 1266.000000    0.724383
 1271.000000    0.698450
 1276.000000    0.685972
 1281.000000    0.642180
 1286.000000    0.635209
 1291.000000    0.661738
 1296.000000    0.691827
 1301.000000    0.701268
 1306.000000    0.712322
 1311.000000    0.717848
 1316.000000    0.745473
 1321.000000    0.716510
 1326.000000    0.657110
 1331.000000    0.637975
 1336.000000    0.656458
 1341.000000    0.633700
 1346.000000    0.634879
 1351.000000    0.671818
 1356.000000    0.658604
 1361.000000    0.670754
 1366.000000    0.691598
 1371.000000    0.713497
 1376.000000    0.727475
 1381.000000    0.744554
 1386.000000    0.744755
 1391.000000    0.740944
 1396.000000    0.718325
 1401.000000    0.741033
 1406.000000    0.751783
 1411.000000    0.760591
 1416.000000    0.810631
 1421.000000    0.843971
 1426.000000    0.856862
 1431.000000    0.866456
 1436.000000    0.874231
 1441.000000    0.838737
 1446.000000    0.798703
 1451.000000    0.752883
 1456.000000    0.748021
 1461.000000    0.752400
 1466.000000    0.743799
 1471.000000    0.741592
 1476.000000    0.736428
 1481.000000    0.763132
 1486.000000    0.762246
 1491.000000    0.772515
 1496.000000    0.763176
 1501.000000    0.719723
 1506.000000    0.710692
 1511.000000    0.705646
 1516.000000    0.694410
 1521.000000    0.727496
 1526.000000    0.746547
 1531.000000    0.755142
 1536.000000    0.772392
 1541.000000    0.787111
 1546.000000    0.779834
 1551.000000    0.782810
 1556.000000    0.788711
 1561.000000    0.750736
 1566.000000    0.696833
 1571.000000    0.697250
 1576.000000    0.709253
 1581.000000    0.680159
 1586.000000    0.651954
 1591.000000    0.659986
 1596.000000    0.708342
 1601.000000    0.707846
 1606.000000    0.707697
 1611.000000    0.709671
 1616.000000    0.678820
 1621.000000    0.631889
 1626.000000    0.660971
 1631.000000    0.690435
 1636.000000    0.726982
 1641.000000    0.743289
 1646.000000    0.756305
 1651.000000    0.755775
 1656.000000    0.763634
 1661.000000    0.756018
 1666.000000    0.770738
 1671.000000    0.778109
 1676.000000    0.789240
 1681.000000    0.758980
 1686.000000    0.695675
 1691.000000    0.692793
 1696.000000    0.698921
 1701.000000    0.704597
 1706.000000    0.677541
 1711.000000    0.661807
 1716.000000    0.697914
 1721.000000    0.713836
 1726.000000    0.738507
 1731.000000    0.732994
 1736.000000    0.763043
 1741.000000    0.779595
 1746.000000    0.755952
 1751.000000    0.735978
 1756.000000    0.724633
 1761.000000    0.682379
 1766.000000    0.670320
 1771.000000    0.670772
 1776.000000    0.684945
 1781.000000    0.708691
 1786.000000    0.692309
 1791.000000    0.706693
 1796.000000    0.721739
 1801.000000    0.700873
 1806.000000    0.711657
 1811.000000    0.718960
 1816.000000    0.722958
 1821.000000    0.708586
 1826.000000    0.713494
 1831.000000    0.690263
 1836.000000    0.713306
 1841.000000    0.720561
 1846.000000    0.734537
 1851.000000    0.738473
 1856.000000    0.762911
 1861.000000    0.806457
 1866.000000    0.835248
 1871.000000    0.851625
 1876.000000    0.850155
 1881.000000    0.854940
 1886.000000    0.859570
