#  pixel_depth  alphabetafraction   >  Analysis of alpha beta fraction
   62.000000    0.693512
   67.000000    0.662308
   72.000000    0.660642
   77.000000    0.622448
   82.000000    0.590534
   87.000000    0.603178
   92.000000    0.612959
   97.000000    0.598439
  102.000000    0.592587
  107.000000    0.609440
  112.000000    0.629970
  117.000000    0.649922
  122.000000    0.669003
  127.000000    0.678566
  132.000000    0.674365
  137.000000    0.657349
  142.000000    0.643632
  147.000000    0.618025
  152.000000    0.595253
  157.000000    0.630028
  162.000000    0.627824
  167.000000    0.624246
  172.000000    0.590509
  177.000000    0.596356
  182.000000    0.647139
  187.000000    0.685738
  192.000000    0.678815
  197.000000    0.658145
  202.000000    0.611116
  207.000000    0.579340
  212.000000    0.570212
  217.000000    0.555772
  222.000000    0.536124
  227.000000    0.503503
  232.000000    0.481019
  237.000000    0.485664
  242.000000    0.508580
  247.000000    0.482055
  252.000000    0.465492
  257.000000    0.512938
  262.000000    0.566922
  267.000000    0.605507
  272.000000    0.640403
  277.000000    0.647944
  282.000000    0.627896
  287.000000    0.640570
  292.000000    0.642041
  297.000000    0.596520
  302.000000    0.553134
  307.000000    0.535463
  312.000000    0.554370
  317.000000    0.541241
  322.000000    0.527855
  327.000000    0.532726
  332.000000    0.556304
  337.000000    0.560699
  342.000000    0.552856
  347.000000    0.563136
  352.000000    0.577598
  357.000000    0.592889
  362.000000    0.619527
  367.000000    0.576202
  372.000000    0.568794
  377.000000    0.577756
  382.000000    0.576240
  387.000000    0.560332
  392.000000    0.554899
  397.000000    0.554786
  402.000000    0.546945
  407.000000    0.555108
  412.000000    0.566873
  417.000000    0.580754
  422.000000    0.607886
  427.000000    0.611074
  432.000000    0.562917
  437.000000    0.590269
  442.000000    0.627899
  447.000000    0.642961
  452.000000    0.597407
  457.000000    0.585752
  462.000000    0.580009
  467.000000    0.576838
  472.000000    0.624939
  477.000000    0.659265
  482.000000    0.666250
  487.000000    0.662934
  492.000000    0.689735
  497.000000    0.734611
  502.000000    0.747375
  507.000000    0.698300
  512.000000    0.637845
  517.000000    0.589891
  522.000000    0.548644
  527.000000    0.556741
  532.000000    0.549312
  537.000000    0.604385
  542.000000    0.624249
  547.000000    0.630226
  552.000000    0.657530
  557.000000    0.659702
  562.000000    0.634214
  567.000000    0.598759
  572.000000    0.589858
  577.000000    0.600812
  582.000000    0.617197
  587.000000    0.621936
  592.000000    0.621006
  597.000000    0.624630
  602.000000    0.638586
  607.000000    0.650870
  612.000000    0.643144
  617.000000    0.605560
  622.000000    0.607407
  627.000000    0.638365
  632.000000    0.671835
  637.000000    0.702268
  642.000000    0.734025
  647.000000    0.771837
  652.000000    0.776672
  657.000000    0.812994
  662.000000    0.784214
  667.000000    0.762357
  672.000000    0.744169
  677.000000    0.717118
  682.000000    0.699762
  687.000000    0.684729
  692.000000    0.691202
  697.000000    0.675350
  702.000000    0.663651
  707.000000    0.655332
  712.000000    0.631564
  717.000000    0.629283
  722.000000    0.639756
  727.000000    0.645241
  732.000000    0.666897
  737.000000    0.708903
  742.000000    0.752482
  747.000000    0.759564
  752.000000    0.758718
  757.000000    0.745496
  762.000000    0.720479
  767.000000    0.699254
  772.000000    0.684364
  777.000000    0.644242
  782.000000    0.627264
  787.000000    0.604722
  792.000000    0.624576
  797.000000    0.656991
  802.000000    0.686574
  807.000000    0.707773
  812.000000    0.753876
  817.000000    0.781685
  822.000000    0.761081
  827.000000    0.731073
  832.000000    0.705783
  837.000000    0.703024
  842.000000    0.694586
  847.000000    0.719761
  852.000000    0.704023
  857.000000    0.686271
  862.000000    0.678798
  867.000000    0.701272
  872.000000    0.672035
  877.000000    0.670963
  882.000000    0.663806
  887.000000    0.646154
  892.000000    0.663142
  897.000000    0.654269
  902.000000    0.648234
  907.000000    0.647404
  912.000000    0.613031
  917.000000    0.586837
  922.000000    0.583926
  927.000000    0.617020
  932.000000    0.667628
  937.000000    0.727785
  942.000000    0.779642
  947.000000    0.780633
  952.000000    0.794980
  957.000000    0.810147
  962.000000    0.804072
  967.000000    0.792009
  972.000000    0.781900
  977.000000    0.755102
  982.000000    0.714827
  987.000000    0.674762
  992.000000    0.640559
  997.000000    0.644766
 1002.000000    0.643641
 1007.000000    0.629452
 1012.000000    0.618189
 1017.000000    0.592270
 1022.000000    0.576081
 1027.000000    0.575640
 1032.000000    0.619544
 1037.000000    0.654966
 1042.000000    0.694625
 1047.000000    0.720226
 1052.000000    0.742152
 1057.000000    0.761771
 1062.000000    0.759219
 1067.000000    0.747810
 1072.000000    0.726694
 1077.000000    0.716202
 1082.000000    0.676045
 1087.000000    0.633632
 1092.000000    0.627538
 1097.000000    0.650476
 1102.000000    0.671623
 1107.000000    0.699990
 1112.000000    0.723342
 1117.000000    0.751141
 1122.000000    0.733419
 1127.000000    0.727296
 1132.000000    0.714932
 1137.000000    0.696240
 1142.000000    0.679984
 1147.000000    0.714605
 1152.000000    0.739772
 1157.000000    0.760204
 1162.000000    0.797950
 1167.000000    0.775248
 1172.000000    0.771537
 1177.000000    0.738388
 1182.000000    0.720161
 1187.000000    0.716503
 1192.000000    0.722808
 1197.000000    0.707316
 1202.000000    0.719710
 1207.000000    0.705695
 1212.000000    0.674986
 1217.000000    0.666856
 1222.000000    0.682962
 1227.000000    0.693412
 1232.000000    0.706093
 1237.000000    0.677063
 1242.000000    0.659927
 1247.000000    0.642722
 1252.000000    0.652106
 1257.000000    0.644515
 1262.000000    0.623917
 1267.000000    0.596105
 1272.000000    0.607511
 1277.000000    0.638440
 1282.000000    0.693640
 1287.000000    0.681118
 1292.000000    0.683206
 1297.000000    0.666067
 1302.000000    0.665677
 1307.000000    0.650697
 1312.000000    0.644123
 1317.000000    0.659187
 1322.000000    0.661432
 1327.000000    0.675333
 1332.000000    0.684059
 1337.000000    0.673820
 1342.000000    0.669009
 1347.000000    0.662787
 1352.000000    0.670231
 1357.000000    0.675047
 1362.000000    0.698427
 1367.000000    0.658316
 1372.000000    0.671301
 1377.000000    0.685646
 1382.000000    0.670722
 1387.000000    0.657836
 1392.000000    0.641817
 1397.000000    0.656156
 1402.000000    0.706194
 1407.000000    0.714585
 1412.000000    0.696780
 1417.000000    0.695969
 1422.000000    0.667869
 1427.000000    0.662192
 1432.000000    0.663134
 1437.000000    0.639155
 1442.000000    0.657169
 1447.000000    0.682503
 1452.000000    0.676038
 1457.000000    0.642237
 1462.000000    0.662424
 1467.000000    0.650552
 1472.000000    0.636450
 1477.000000    0.654221
 1482.000000    0.664636
 1487.000000    0.669901
 1492.000000    0.696195
 1497.000000    0.693858
 1502.000000    0.717465
 1507.000000    0.728053
 1512.000000    0.725876
 1517.000000    0.720253
 1522.000000    0.707689
 1527.000000    0.687412
 1532.000000    0.664565
 1537.000000    0.650717
 1542.000000    0.687799
 1547.000000    0.714627
 1552.000000    0.691596
 1557.000000    0.684240
 1562.000000    0.687410
 1567.000000    0.716368
 1572.000000    0.704618
 1577.000000    0.710914
 1582.000000    0.692787
 1587.000000    0.662351
 1592.000000    0.629413
 1597.000000    0.604232
 1602.000000    0.615500
 1607.000000    0.647097
 1612.000000    0.687202
 1617.000000    0.664591
 1622.000000    0.676867
 1627.000000    0.660855
 1632.000000    0.672585
 1637.000000    0.689726
 1642.000000    0.698208
 1647.000000    0.710350
 1652.000000    0.710396
 1657.000000    0.684923
 1662.000000    0.682992
 1667.000000    0.698216
 1672.000000    0.706436
 1677.000000    0.715318
 1682.000000    0.722417
 1687.000000    0.735810
 1692.000000    0.734881
 1697.000000    0.687652
 1702.000000    0.675431
 1707.000000    0.664486
 1712.000000    0.685180
 1717.000000    0.681212
 1722.000000    0.689260
 1727.000000    0.685764
 1732.000000    0.702331
 1737.000000    0.701936
 1742.000000    0.728877
 1747.000000    0.707479
 1752.000000    0.687654
 1757.000000    0.696139
 1762.000000    0.696879
 1767.000000    0.677592
 1772.000000    0.681263
 1777.000000    0.663295
 1782.000000    0.616392
 1787.000000    0.601437
 1792.000000    0.635256
 1797.000000    0.652812
 1802.000000    0.708847
 1807.000000    0.724530
 1812.000000    0.694993
 1817.000000    0.683201
 1822.000000    0.716832
 1827.000000    0.723643
 1832.000000    0.692766
 1837.000000    0.674347
 1842.000000    0.676803
