#  pixel_depth  alphabetafraction   >  Analysis of alpha beta fraction
  234.000000    0.623702
  239.000000    0.635181
  244.000000    0.644158
  249.000000    0.669151
  254.000000    0.653322
  259.000000    0.647528
  264.000000    0.605543
  269.000000    0.605740
  274.000000    0.606403
  279.000000    0.634951
  284.000000    0.654847
  289.000000    0.632427
  294.000000    0.605121
  299.000000    0.593562
  304.000000    0.590225
  309.000000    0.577509
  314.000000    0.543242
  319.000000    0.501059
  324.000000    0.506834
  329.000000    0.503406
  334.000000    0.496373
  339.000000    0.501467
  344.000000    0.528026
  349.000000    0.567592
  354.000000    0.581123
  359.000000    0.569694
  364.000000    0.567686
  369.000000    0.560356
  374.000000    0.550412
  379.000000    0.541366
  384.000000    0.530937
  389.000000    0.545241
  394.000000    0.543486
  399.000000    0.540900
  404.000000    0.553334
  409.000000    0.607828
  414.000000    0.626653
  419.000000    0.597231
  424.000000    0.637999
  429.000000    0.668543
  434.000000    0.671808
  439.000000    0.670744
  444.000000    0.678230
  449.000000    0.656956
  454.000000    0.629237
  459.000000    0.658796
  464.000000    0.652269
  469.000000    0.655440
  474.000000    0.676425
  479.000000    0.687885
  484.000000    0.681751
  489.000000    0.665560
  494.000000    0.694393
  499.000000    0.703296
  504.000000    0.684744
  509.000000    0.691206
  514.000000    0.662829
  519.000000    0.689756
  524.000000    0.694063
  529.000000    0.669386
  534.000000    0.661943
  539.000000    0.667612
  544.000000    0.686153
  549.000000    0.714481
  554.000000    0.740592
  559.000000    0.732478
  564.000000    0.712361
  569.000000    0.727919
  574.000000    0.761572
  579.000000    0.753186
  584.000000    0.775741
  589.000000    0.780876
  594.000000    0.786166
  599.000000    0.777345
  604.000000    0.788655
  609.000000    0.804016
  614.000000    0.839719
  619.000000    0.851627
  624.000000    0.837139
  629.000000    0.816682
  634.000000    0.814909
  639.000000    0.804318
  644.000000    0.766036
  649.000000    0.751555
  654.000000    0.753296
  659.000000    0.766789
  664.000000    0.737237
  669.000000    0.729855
  674.000000    0.734786
  679.000000    0.747726
  684.000000    0.742047
  689.000000    0.762738
  694.000000    0.767489
  699.000000    0.752693
  704.000000    0.758944
  709.000000    0.750270
  714.000000    0.687937
  719.000000    0.641385
  724.000000    0.643955
  729.000000    0.661549
  734.000000    0.686977
  739.000000    0.712552
  744.000000    0.714825
  749.000000    0.708856
  754.000000    0.722026
  759.000000    0.748950
  764.000000    0.769682
  769.000000    0.773431
  774.000000    0.781621
  779.000000    0.777232
  784.000000    0.791495
  789.000000    0.759696
  794.000000    0.739256
  799.000000    0.712276
  804.000000    0.729013
  809.000000    0.742536
  814.000000    0.750805
  819.000000    0.778642
  824.000000    0.783431
  829.000000    0.773668
  834.000000    0.786271
  839.000000    0.817820
  844.000000    0.821677
  849.000000    0.795830
  854.000000    0.781952
  859.000000    0.774020
  864.000000    0.789850
  869.000000    0.796275
  874.000000    0.760138
  879.000000    0.767739
  884.000000    0.778330
  889.000000    0.785093
  894.000000    0.781745
  899.000000    0.764123
  904.000000    0.744430
  909.000000    0.743991
  914.000000    0.756681
  919.000000    0.764215
  924.000000    0.766104
  929.000000    0.771148
  934.000000    0.767370
  939.000000    0.787896
  944.000000    0.800369
  949.000000    0.798681
  954.000000    0.788534
  959.000000    0.817639
  964.000000    0.814130
  969.000000    0.822539
  974.000000    0.784198
  979.000000    0.749852
  984.000000    0.758287
  989.000000    0.773402
  994.000000    0.809094
  999.000000    0.832292
 1004.000000    0.816924
 1009.000000    0.809190
 1014.000000    0.795817
 1019.000000    0.796207
 1024.000000    0.808423
 1029.000000    0.799633
 1034.000000    0.795735
 1039.000000    0.779950
 1044.000000    0.782829
 1049.000000    0.786515
 1054.000000    0.803414
 1059.000000    0.794970
 1064.000000    0.786939
 1069.000000    0.779102
 1074.000000    0.768832
 1079.000000    0.794817
 1084.000000    0.806040
 1089.000000    0.809792
 1094.000000    0.790794
 1099.000000    0.752803
 1104.000000    0.760122
 1109.000000    0.754303
 1114.000000    0.780003
 1119.000000    0.809283
 1124.000000    0.829533
 1129.000000    0.831851
 1134.000000    0.844742
 1139.000000    0.848520
 1144.000000    0.819785
 1149.000000    0.805614
 1154.000000    0.838276
 1159.000000    0.825738
 1164.000000    0.790352
 1169.000000    0.764141
 1174.000000    0.750298
 1179.000000    0.772043
 1184.000000    0.770312
 1189.000000    0.798641
 1194.000000    0.793162
 1199.000000    0.772128
 1204.000000    0.790629
 1209.000000    0.813256
 1214.000000    0.776338
 1219.000000    0.778906
 1224.000000    0.793663
 1229.000000    0.786784
 1234.000000    0.784117
 1239.000000    0.776230
 1244.000000    0.782219
 1249.000000    0.790031
 1254.000000    0.765231
 1259.000000    0.752781
 1264.000000    0.759851
 1269.000000    0.760443
 1274.000000    0.782807
 1279.000000    0.787112
 1284.000000    0.781805
 1289.000000    0.794300
 1294.000000    0.760162
 1299.000000    0.731408
 1304.000000    0.747419
 1309.000000    0.771497
 1314.000000    0.794724
 1319.000000    0.792438
 1324.000000    0.769192
 1329.000000    0.748993
 1334.000000    0.747729
 1339.000000    0.729406
 1344.000000    0.703033
 1349.000000    0.703860
 1354.000000    0.719513
 1359.000000    0.750257
 1364.000000    0.769552
 1369.000000    0.792851
 1374.000000    0.795959
 1379.000000    0.809448
 1384.000000    0.808484
 1389.000000    0.798208
 1394.000000    0.814403
 1399.000000    0.821272
 1404.000000    0.821820
 1409.000000    0.826561
 1414.000000    0.834065
 1419.000000    0.840767
 1424.000000    0.813380
 1429.000000    0.792478
 1434.000000    0.774325
 1439.000000    0.738561
 1444.000000    0.750435
 1449.000000    0.768899
 1454.000000    0.807107
 1459.000000    0.841629
 1464.000000    0.808561
 1469.000000    0.766283
 1474.000000    0.746047
 1479.000000    0.725169
 1484.000000    0.685618
 1489.000000    0.686723
 1494.000000    0.699851
 1499.000000    0.680144
 1504.000000    0.693121
 1509.000000    0.671560
 1514.000000    0.651654
 1519.000000    0.678641
 1524.000000    0.706870
 1529.000000    0.695774
 1534.000000    0.692014
 1539.000000    0.674274
 1544.000000    0.650754
 1549.000000    0.635949
 1554.000000    0.639364
 1559.000000    0.650701
 1564.000000    0.684872
 1569.000000    0.685302
 1574.000000    0.715001
 1579.000000    0.719046
 1584.000000    0.731146
 1589.000000    0.723833
 1594.000000    0.713674
 1599.000000    0.705820
 1604.000000    0.695103
 1609.000000    0.736589
 1614.000000    0.759955
 1619.000000    0.775463
 1624.000000    0.768877
 1629.000000    0.734376
 1634.000000    0.698482
 1639.000000    0.689227
 1644.000000    0.711771
 1649.000000    0.729114
 1654.000000    0.704580
 1659.000000    0.684890
 1664.000000    0.727419
 1669.000000    0.748797
 1674.000000    0.736379
 1679.000000    0.764555
 1684.000000    0.778499
 1689.000000    0.768638
 1694.000000    0.786250
 1699.000000    0.790212
 1704.000000    0.783687
 1709.000000    0.771591
 1714.000000    0.764509
 1719.000000    0.768417
 1724.000000    0.779360
 1729.000000    0.787135
 1734.000000    0.801536
 1739.000000    0.786111
 1744.000000    0.751191
 1749.000000    0.734146
 1754.000000    0.734910
 1759.000000    0.725750
 1764.000000    0.713654
 1769.000000    0.713567
 1774.000000    0.713363
 1779.000000    0.732930
 1784.000000    0.795636
 1789.000000    0.792854
 1794.000000    0.789525
 1799.000000    0.764108
 1804.000000    0.758216
 1809.000000    0.742188
 1814.000000    0.724225
 1819.000000    0.699508
 1824.000000    0.672895
 1829.000000    0.659244
 1834.000000    0.657847
 1839.000000    0.671975
 1844.000000    0.687389
 1849.000000    0.718729
 1854.000000    0.727937
 1859.000000    0.771553
 1864.000000    0.800328
 1869.000000    0.823940
 1874.000000    0.798682
 1879.000000    0.792748
 1884.000000    0.773294
 1889.000000    0.758769
 1894.000000    0.770934
 1899.000000    0.762531
 1904.000000    0.782398
 1909.000000    0.772814
 1914.000000    0.773982
 1919.000000    0.755910
 1924.000000    0.753335
 1929.000000    0.734561
 1934.000000    0.711710
 1939.000000    0.721208
