#  pixel_depth  alphabetafraction   >  Analysis of alpha beta fraction
   79.000000    0.748297
   84.000000    0.729912
   89.000000    0.698645
   94.000000    0.681736
   99.000000    0.652787
  104.000000    0.693319
  109.000000    0.701998
  114.000000    0.736555
  119.000000    0.766328
  124.000000    0.794571
  129.000000    0.777329
  134.000000    0.768293
  139.000000    0.724846
  144.000000    0.655979
  149.000000    0.621957
  154.000000    0.609022
  159.000000    0.595346
  164.000000    0.569110
  169.000000    0.534767
  174.000000    0.512320
  179.000000    0.526825
  184.000000    0.542269
  189.000000    0.525397
  194.000000    0.554074
  199.000000    0.590195
  204.000000    0.597398
  209.000000    0.605237
  214.000000    0.600119
  219.000000    0.625852
  224.000000    0.693230
  229.000000    0.741279
  234.000000    0.765665
  239.000000    0.787846
  244.000000    0.778991
  249.000000    0.768615
  254.000000    0.803107
  259.000000    0.788636
  264.000000    0.800869
  269.000000    0.779589
  274.000000    0.758180
  279.000000    0.769623
  284.000000    0.768504
  289.000000    0.754820
  294.000000    0.756586
  299.000000    0.730567
  304.000000    0.689260
  309.000000    0.713638
  314.000000    0.752566
  319.000000    0.787077
  324.000000    0.788300
  329.000000    0.800945
  334.000000    0.810999
  339.000000    0.804261
  344.000000    0.800669
  349.000000    0.787549
  354.000000    0.774476
  359.000000    0.767153
  364.000000    0.738452
  369.000000    0.692753
  374.000000    0.652902
  379.000000    0.628391
  384.000000    0.628749
  389.000000    0.622608
  394.000000    0.651122
  399.000000    0.680067
  404.000000    0.692728
  409.000000    0.684864
  414.000000    0.694116
  419.000000    0.698202
  424.000000    0.682754
  429.000000    0.655460
  434.000000    0.624715
  439.000000    0.649267
  444.000000    0.674286
  449.000000    0.706638
  454.000000    0.735306
  459.000000    0.726825
  464.000000    0.722121
  469.000000    0.689631
  474.000000    0.661439
  479.000000    0.666209
  484.000000    0.691387
  489.000000    0.689461
  494.000000    0.702096
  499.000000    0.712066
  504.000000    0.718055
  509.000000    0.725711
  514.000000    0.716745
  519.000000    0.727145
  524.000000    0.769695
  529.000000    0.777832
  534.000000    0.762395
  539.000000    0.755216
  544.000000    0.771131
  549.000000    0.775587
  554.000000    0.781386
  559.000000    0.764303
  564.000000    0.761161
  569.000000    0.742333
  574.000000    0.745776
  579.000000    0.772799
  584.000000    0.769736
  589.000000    0.781590
  594.000000    0.788649
  599.000000    0.789311
  604.000000    0.781401
  609.000000    0.788966
  614.000000    0.802812
  619.000000    0.840356
  624.000000    0.839965
  629.000000    0.844070
  634.000000    0.831722
  639.000000    0.809375
  644.000000    0.793736
  649.000000    0.771605
  654.000000    0.720984
  659.000000    0.685806
  664.000000    0.636476
  669.000000    0.657051
  674.000000    0.648374
  679.000000    0.622528
  684.000000    0.625909
  689.000000    0.639527
  694.000000    0.645011
  699.000000    0.650669
  704.000000    0.649842
  709.000000    0.667099
  714.000000    0.694489
  719.000000    0.726884
  724.000000    0.733635
  729.000000    0.718557
  734.000000    0.724107
  739.000000    0.756703
  744.000000    0.773187
  749.000000    0.786466
  754.000000    0.794780
  759.000000    0.799420
  764.000000    0.809335
  769.000000    0.803279
  774.000000    0.799884
  779.000000    0.799478
  784.000000    0.801522
  789.000000    0.784074
  794.000000    0.751982
  799.000000    0.730897
  804.000000    0.707185
  809.000000    0.696933
  814.000000    0.704275
  819.000000    0.679634
  824.000000    0.665613
  829.000000    0.658116
  834.000000    0.665059
  839.000000    0.696466
  844.000000    0.773968
  849.000000    0.805277
  854.000000    0.765971
  859.000000    0.763248
  864.000000    0.798909
  869.000000    0.814636
  874.000000    0.818272
  879.000000    0.826996
  884.000000    0.829045
  889.000000    0.808450
  894.000000    0.774335
  899.000000    0.759523
  904.000000    0.755673
  909.000000    0.739592
  914.000000    0.737726
  919.000000    0.737103
  924.000000    0.716512
  929.000000    0.691265
  934.000000    0.652956
  939.000000    0.645183
  944.000000    0.630572
  949.000000    0.627869
  954.000000    0.640694
  959.000000    0.686466
  964.000000    0.704606
  969.000000    0.705261
  974.000000    0.702141
  979.000000    0.727999
  984.000000    0.737740
  989.000000    0.739722
  994.000000    0.739107
  999.000000    0.748235
 1004.000000    0.727550
 1009.000000    0.718097
 1014.000000    0.700051
 1019.000000    0.686740
 1024.000000    0.700092
 1029.000000    0.703207
 1034.000000    0.724566
 1039.000000    0.731024
 1044.000000    0.734982
 1049.000000    0.691930
 1054.000000    0.666293
 1059.000000    0.691912
 1064.000000    0.681903
 1069.000000    0.713872
 1074.000000    0.704121
 1079.000000    0.729978
 1084.000000    0.719895
 1089.000000    0.715623
 1094.000000    0.729452
 1099.000000    0.736925
 1104.000000    0.751308
 1109.000000    0.743069
 1114.000000    0.757552
 1119.000000    0.746683
 1124.000000    0.717655
 1129.000000    0.716876
 1134.000000    0.716587
 1139.000000    0.702819
 1144.000000    0.682839
 1149.000000    0.624313
 1154.000000    0.613326
 1159.000000    0.630142
 1164.000000    0.636921
 1169.000000    0.626955
 1174.000000    0.637079
 1179.000000    0.682125
 1184.000000    0.703529
 1189.000000    0.736686
 1194.000000    0.728062
 1199.000000    0.748252
 1204.000000    0.769249
 1209.000000    0.767345
 1214.000000    0.785085
 1219.000000    0.793850
 1224.000000    0.790605
 1229.000000    0.769127
 1234.000000    0.752510
 1239.000000    0.739009
 1244.000000    0.753490
 1249.000000    0.779242
 1254.000000    0.785947
 1259.000000    0.798178
 1264.000000    0.796408
 1269.000000    0.755825
 1274.000000    0.734415
 1279.000000    0.716940
 1284.000000    0.711925
 1289.000000    0.691173
 1294.000000    0.679223
 1299.000000    0.674161
 1304.000000    0.687121
 1309.000000    0.686482
 1314.000000    0.678575
 1319.000000    0.687507
 1324.000000    0.695385
 1329.000000    0.704240
 1334.000000    0.687522
 1339.000000    0.700582
 1344.000000    0.728935
 1349.000000    0.745600
 1354.000000    0.720937
 1359.000000    0.691078
 1364.000000    0.668888
 1369.000000    0.665225
 1374.000000    0.728109
 1379.000000    0.776561
 1384.000000    0.806998
 1389.000000    0.825130
 1394.000000    0.829731
 1399.000000    0.813491
 1404.000000    0.804501
 1409.000000    0.782688
 1414.000000    0.780750
 1419.000000    0.766257
 1424.000000    0.774775
 1429.000000    0.776968
 1434.000000    0.762619
 1439.000000    0.742912
 1444.000000    0.732669
 1449.000000    0.705225
 1454.000000    0.688095
 1459.000000    0.674699
 1464.000000    0.682113
 1469.000000    0.689335
 1474.000000    0.635514
 1479.000000    0.642843
 1484.000000    0.631993
 1489.000000    0.639907
 1494.000000    0.659495
 1499.000000    0.696697
 1504.000000    0.781629
 1509.000000    0.830728
 1514.000000    0.839636
 1519.000000    0.856935
 1524.000000    0.847984
 1529.000000    0.853204
 1534.000000    0.845926
 1539.000000    0.850489
 1544.000000    0.845138
 1549.000000    0.839450
 1554.000000    0.822757
 1559.000000    0.794240
 1564.000000    0.749264
 1569.000000    0.742533
 1574.000000    0.748772
 1579.000000    0.750264
 1584.000000    0.735975
 1589.000000    0.734906
 1594.000000    0.709174
 1599.000000    0.687314
 1604.000000    0.663955
 1609.000000    0.682354
 1614.000000    0.723086
 1619.000000    0.741860
 1624.000000    0.702463
 1629.000000    0.688762
 1634.000000    0.692587
 1639.000000    0.719639
 1644.000000    0.712288
 1649.000000    0.699520
 1654.000000    0.655256
 1659.000000    0.677068
 1664.000000    0.706787
 1669.000000    0.736922
 1674.000000    0.781113
 1679.000000    0.797891
 1684.000000    0.804017
 1689.000000    0.795933
 1694.000000    0.789999
 1699.000000    0.786417
 1704.000000    0.777811
 1709.000000    0.774082
 1714.000000    0.762956
 1719.000000    0.770036
 1724.000000    0.793498
 1729.000000    0.813741
 1734.000000    0.825809
 1739.000000    0.809960
 1744.000000    0.778422
 1749.000000    0.768683
 1754.000000    0.755414
 1759.000000    0.752055
 1764.000000    0.732612
 1769.000000    0.721992
 1774.000000    0.714175
 1779.000000    0.732086
 1784.000000    0.748606
 1789.000000    0.759125
 1794.000000    0.759984
 1799.000000    0.759666
 1804.000000    0.784238
 1809.000000    0.793376
 1814.000000    0.775016
 1819.000000    0.740464
 1824.000000    0.695367
 1829.000000    0.651985
 1834.000000    0.637160
 1839.000000    0.642306
 1844.000000    0.623478
 1849.000000    0.597668
 1854.000000    0.636642
 1859.000000    0.572503
 1864.000000    0.557821
 1869.000000    0.523158
 1874.000000    0.523573
