#  pixel_depth  alphabetafraction   >  Analysis of alpha beta fraction
  228.000000    0.682870
  233.000000    0.654066
  238.000000    0.649340
  243.000000    0.663972
  248.000000    0.683342
  253.000000    0.685414
  258.000000    0.663820
  263.000000    0.680689
  268.000000    0.695080
  273.000000    0.703693
  278.000000    0.710331
  283.000000    0.707375
  288.000000    0.693885
  293.000000    0.663171
  298.000000    0.647397
  303.000000    0.644378
  308.000000    0.616994
  313.000000    0.609534
  318.000000    0.626007
  323.000000    0.637310
  328.000000    0.687810
  333.000000    0.677822
  338.000000    0.696815
  343.000000    0.735545
  348.000000    0.755340
  353.000000    0.734152
  358.000000    0.682071
  363.000000    0.651179
  368.000000    0.627701
  373.000000    0.633144
  378.000000    0.650997
  383.000000    0.673791
  388.000000    0.721835
  393.000000    0.710893
  398.000000    0.701469
  403.000000    0.705464
  408.000000    0.697348
  413.000000    0.703712
  418.000000    0.728178
  423.000000    0.730363
  428.000000    0.728058
  433.000000    0.726477
  438.000000    0.726705
  443.000000    0.741116
  448.000000    0.748942
  453.000000    0.769426
  458.000000    0.775944
  463.000000    0.798184
  468.000000    0.796261
  473.000000    0.800361
  478.000000    0.818349
  483.000000    0.833378
  488.000000    0.830372
  493.000000    0.814476
  498.000000    0.791398
  503.000000    0.749351
  508.000000    0.717852
  513.000000    0.719437
  518.000000    0.686290
  523.000000    0.671011
  528.000000    0.673841
  533.000000    0.692820
  538.000000    0.677712
  543.000000    0.655129
  548.000000    0.621487
  553.000000    0.667269
  558.000000    0.697133
  563.000000    0.693466
  568.000000    0.679766
  573.000000    0.708621
  578.000000    0.707752
  583.000000    0.718751
  588.000000    0.739326
  593.000000    0.737101
  598.000000    0.734980
  603.000000    0.729787
  608.000000    0.738714
  613.000000    0.751110
  618.000000    0.774160
  623.000000    0.776243
  628.000000    0.777612
  633.000000    0.751246
  638.000000    0.741978
  643.000000    0.728070
  648.000000    0.709792
  653.000000    0.713205
  658.000000    0.707858
  663.000000    0.685493
  668.000000    0.696530
  673.000000    0.712277
  678.000000    0.693507
  683.000000    0.662992
  688.000000    0.663282
  693.000000    0.654753
  698.000000    0.673711
  703.000000    0.693366
  708.000000    0.709560
  713.000000    0.721479
  718.000000    0.734040
  723.000000    0.734341
  728.000000    0.746304
  733.000000    0.755863
  738.000000    0.758007
  743.000000    0.762961
  748.000000    0.772532
  753.000000    0.785797
  758.000000    0.779025
  763.000000    0.772726
  768.000000    0.764223
  773.000000    0.734706
  778.000000    0.705119
  783.000000    0.683209
  788.000000    0.668955
  793.000000    0.644889
  798.000000    0.633995
  803.000000    0.653616
  808.000000    0.673006
  813.000000    0.681208
  818.000000    0.686888
  823.000000    0.689389
  828.000000    0.679959
  833.000000    0.657285
  838.000000    0.631262
  843.000000    0.618556
  848.000000    0.622883
  853.000000    0.609685
  858.000000    0.599843
  863.000000    0.600766
  868.000000    0.577060
  873.000000    0.570734
  878.000000    0.593573
  883.000000    0.622331
  888.000000    0.642128
  893.000000    0.603674
  898.000000    0.583989
  903.000000    0.598861
  908.000000    0.595025
  913.000000    0.605888
  918.000000    0.647075
  923.000000    0.668226
  928.000000    0.656745
  933.000000    0.677619
  938.000000    0.693506
  943.000000    0.687603
  948.000000    0.708562
  953.000000    0.712860
  958.000000    0.693561
  963.000000    0.690493
  968.000000    0.670904
  973.000000    0.617654
  978.000000    0.581740
  983.000000    0.559267
  988.000000    0.584958
  993.000000    0.605233
  998.000000    0.657111
 1003.000000    0.660962
 1008.000000    0.668559
 1013.000000    0.682167
 1018.000000    0.708288
 1023.000000    0.713645
 1028.000000    0.709897
 1033.000000    0.705268
 1038.000000    0.679547
 1043.000000    0.661609
 1048.000000    0.624385
 1053.000000    0.593168
 1058.000000    0.538609
 1063.000000    0.510188
 1068.000000    0.519774
 1073.000000    0.582189
 1078.000000    0.649418
 1083.000000    0.695377
 1088.000000    0.716163
 1093.000000    0.726422
 1098.000000    0.721694
 1103.000000    0.700957
 1108.000000    0.686074
 1113.000000    0.667043
 1118.000000    0.660090
 1123.000000    0.653149
 1128.000000    0.646202
 1133.000000    0.627627
 1138.000000    0.618381
 1143.000000    0.632098
 1148.000000    0.655527
 1153.000000    0.685993
 1158.000000    0.667415
 1163.000000    0.650337
 1168.000000    0.645793
 1173.000000    0.650188
 1178.000000    0.638787
 1183.000000    0.628724
 1188.000000    0.633710
 1193.000000    0.631685
 1198.000000    0.643585
 1203.000000    0.678869
 1208.000000    0.696762
 1213.000000    0.701531
 1218.000000    0.717556
 1223.000000    0.729320
 1228.000000    0.732671
 1233.000000    0.708467
 1238.000000    0.663811
 1243.000000    0.675928
 1248.000000    0.690016
 1253.000000    0.708545
 1258.000000    0.704652
 1263.000000    0.706590
 1268.000000    0.702068
 1273.000000    0.662033
 1278.000000    0.637356
 1283.000000    0.650211
 1288.000000    0.649915
 1293.000000    0.663952
 1298.000000    0.667668
 1303.000000    0.670959
 1308.000000    0.667059
 1313.000000    0.675917
 1318.000000    0.679643
 1323.000000    0.674452
 1328.000000    0.674059
 1333.000000    0.671071
 1338.000000    0.659159
 1343.000000    0.685457
 1348.000000    0.712419
 1353.000000    0.721591
 1358.000000    0.739443
 1363.000000    0.727386
 1368.000000    0.689156
 1373.000000    0.688744
 1378.000000    0.680099
 1383.000000    0.710625
 1388.000000    0.720250
 1393.000000    0.713057
 1398.000000    0.728725
 1403.000000    0.709579
 1408.000000    0.675822
 1413.000000    0.622144
 1418.000000    0.611202
 1423.000000    0.635584
 1428.000000    0.656676
 1433.000000    0.665208
 1438.000000    0.641439
 1443.000000    0.625212
 1448.000000    0.615030
 1453.000000    0.610758
 1458.000000    0.651034
 1463.000000    0.667399
 1468.000000    0.655434
 1473.000000    0.651468
 1478.000000    0.636645
 1483.000000    0.648852
 1488.000000    0.637953
 1493.000000    0.646883
 1498.000000    0.669395
 1503.000000    0.714354
 1508.000000    0.735840
 1513.000000    0.731090
 1518.000000    0.722763
 1523.000000    0.723283
 1528.000000    0.706503
 1533.000000    0.720999
 1538.000000    0.719463
 1543.000000    0.723683
 1548.000000    0.693600
 1553.000000    0.718347
 1558.000000    0.703924
 1563.000000    0.695826
 1568.000000    0.689903
 1573.000000    0.644423
 1578.000000    0.610057
 1583.000000    0.603385
 1588.000000    0.616716
 1593.000000    0.625273
 1598.000000    0.613651
 1603.000000    0.579183
 1608.000000    0.586047
 1613.000000    0.592095
 1618.000000    0.614593
 1623.000000    0.629458
 1628.000000    0.637797
 1633.000000    0.644750
 1638.000000    0.615841
 1643.000000    0.623805
 1648.000000    0.580709
 1653.000000    0.573328
 1658.000000    0.592796
 1663.000000    0.598437
 1668.000000    0.606529
 1673.000000    0.617811
 1678.000000    0.614147
 1683.000000    0.632887
 1688.000000    0.654951
 1693.000000    0.641638
 1698.000000    0.634113
 1703.000000    0.659458
 1708.000000    0.700267
 1713.000000    0.693083
 1718.000000    0.680884
 1723.000000    0.675502
 1728.000000    0.681517
 1733.000000    0.708476
 1738.000000    0.706130
 1743.000000    0.692851
 1748.000000    0.686006
 1753.000000    0.645377
 1758.000000    0.623369
 1763.000000    0.623963
 1768.000000    0.625859
 1773.000000    0.653180
 1778.000000    0.655735
 1783.000000    0.657996
 1788.000000    0.631520
 1793.000000    0.642060
 1798.000000    0.655600
 1803.000000    0.683315
 1808.000000    0.690810
 1813.000000    0.689170
 1818.000000    0.665539
 1823.000000    0.648944
 1828.000000    0.644971
 1833.000000    0.638386
 1838.000000    0.653791
 1843.000000    0.644380
 1848.000000    0.665272
 1853.000000    0.675316
 1858.000000    0.685356
 1863.000000    0.680017
 1868.000000    0.677383
 1873.000000    0.664617
 1878.000000    0.658758
 1883.000000    0.671235
 1888.000000    0.704902
 1893.000000    0.706072
 1898.000000    0.696879
 1903.000000    0.690758
 1908.000000    0.681571
 1913.000000    0.650340
 1918.000000    0.655629
 1923.000000    0.677978
 1928.000000    0.690613
 1933.000000    0.703127
 1938.000000    0.711994
 1943.000000    0.686341
