#  pixel_depth  alphabetafraction   >  Analysis of alpha beta fraction
   44.000000    0.846908
   49.000000    0.847083
   54.000000    0.835700
   59.000000    0.825726
   64.000000    0.808727
   69.000000    0.760629
   74.000000    0.691133
   79.000000    0.644303
   84.000000    0.606819
   89.000000    0.559860
   94.000000    0.527774
   99.000000    0.523251
  104.000000    0.550177
  109.000000    0.547185
  114.000000    0.541922
  119.000000    0.552194
  124.000000    0.578891
  129.000000    0.632377
  134.000000    0.631208
  139.000000    0.610435
  144.000000    0.596525
  149.000000    0.588602
  154.000000    0.611375
  159.000000    0.667582
  164.000000    0.708953
  169.000000    0.725553
  174.000000    0.746480
  179.000000    0.746610
  184.000000    0.742880
  189.000000    0.736416
  194.000000    0.743903
  199.000000    0.744170
  204.000000    0.709391
  209.000000    0.693008
  214.000000    0.706035
  219.000000    0.699766
  224.000000    0.683063
  229.000000    0.661094
  234.000000    0.622881
  239.000000    0.596218
  244.000000    0.615392
  249.000000    0.633942
  254.000000    0.641906
  259.000000    0.649729
  264.000000    0.670003
  269.000000    0.697212
  274.000000    0.715883
  279.000000    0.720979
  284.000000    0.725002
  289.000000    0.738240
  294.000000    0.756261
  299.000000    0.752417
  304.000000    0.744624
  309.000000    0.737396
  314.000000    0.731048
  319.000000    0.730474
  324.000000    0.723096
  329.000000    0.718431
  334.000000    0.718877
  339.000000    0.724840
  344.000000    0.771592
  349.000000    0.808121
  354.000000    0.824680
  359.000000    0.832585
  364.000000    0.832548
  369.000000    0.819908
  374.000000    0.802520
  379.000000    0.787829
  384.000000    0.758710
  389.000000    0.738997
  394.000000    0.697176
  399.000000    0.717595
  404.000000    0.730775
  409.000000    0.748136
  414.000000    0.759049
  419.000000    0.767476
  424.000000    0.791605
  429.000000    0.798782
  434.000000    0.791167
  439.000000    0.764415
  444.000000    0.716147
  449.000000    0.706218
  454.000000    0.692475
  459.000000    0.686816
  464.000000    0.697893
  469.000000    0.682226
  474.000000    0.661202
  479.000000    0.638127
  484.000000    0.635765
  489.000000    0.619651
  494.000000    0.648734
  499.000000    0.672276
  504.000000    0.663036
  509.000000    0.638901
  514.000000    0.654663
  519.000000    0.641556
  524.000000    0.617278
  529.000000    0.595964
  534.000000    0.601350
  539.000000    0.619991
  544.000000    0.636370
  549.000000    0.685767
  554.000000    0.710461
  559.000000    0.738735
  564.000000    0.762486
  569.000000    0.756096
  574.000000    0.754626
  579.000000    0.754652
  584.000000    0.765130
  589.000000    0.770954
  594.000000    0.748231
  599.000000    0.713361
  604.000000    0.708013
  609.000000    0.688159
  614.000000    0.662993
  619.000000    0.649267
  624.000000    0.634683
  629.000000    0.630067
  634.000000    0.638075
  639.000000    0.672781
  644.000000    0.693695
  649.000000    0.697122
  654.000000    0.687102
  659.000000    0.696709
  664.000000    0.695825
  669.000000    0.697296
  674.000000    0.714604
  679.000000    0.714649
  684.000000    0.709270
  689.000000    0.735458
  694.000000    0.739395
  699.000000    0.723250
  704.000000    0.702527
  709.000000    0.667470
  714.000000    0.651101
  719.000000    0.648165
  724.000000    0.643097
  729.000000    0.643692
  734.000000    0.651828
  739.000000    0.652187
  744.000000    0.672641
  749.000000    0.698585
  754.000000    0.715697
  759.000000    0.740306
  764.000000    0.735158
  769.000000    0.718264
  774.000000    0.708581
  779.000000    0.698795
  784.000000    0.690340
  789.000000    0.680606
  794.000000    0.680524
  799.000000    0.695092
  804.000000    0.693584
  809.000000    0.728372
  814.000000    0.740935
  819.000000    0.748259
  824.000000    0.742416
  829.000000    0.722410
  834.000000    0.702369
  839.000000    0.684157
  844.000000    0.676337
  849.000000    0.694582
  854.000000    0.671908
  859.000000    0.664661
  864.000000    0.670175
  869.000000    0.676650
  874.000000    0.675152
  879.000000    0.646112
  884.000000    0.623423
  889.000000    0.645429
  894.000000    0.658648
  899.000000    0.667682
  904.000000    0.663865
  909.000000    0.660131
  914.000000    0.637716
  919.000000    0.635579
  924.000000    0.652741
  929.000000    0.664237
  934.000000    0.669638
  939.000000    0.683101
  944.000000    0.708851
  949.000000    0.667648
  954.000000    0.635130
  959.000000    0.671881
  964.000000    0.718863
  969.000000    0.722383
  974.000000    0.725546
  979.000000    0.726470
  984.000000    0.726152
  989.000000    0.725508
  994.000000    0.723421
  999.000000    0.722533
 1004.000000    0.715857
 1009.000000    0.730753
 1014.000000    0.743068
 1019.000000    0.739732
 1024.000000    0.738613
 1029.000000    0.731736
 1034.000000    0.720584
 1039.000000    0.678632
 1044.000000    0.656898
 1049.000000    0.645904
 1054.000000    0.654926
 1059.000000    0.650979
 1064.000000    0.641586
 1069.000000    0.656206
 1074.000000    0.652325
 1079.000000    0.632356
 1084.000000    0.631994
 1089.000000    0.641839
 1094.000000    0.636731
 1099.000000    0.644164
 1104.000000    0.663150
 1109.000000    0.634268
 1114.000000    0.624906
 1119.000000    0.611825
 1124.000000    0.590864
 1129.000000    0.582841
 1134.000000    0.626495
 1139.000000    0.630921
 1144.000000    0.644844
 1149.000000    0.682346
 1154.000000    0.701730
 1159.000000    0.721469
 1164.000000    0.728258
 1169.000000    0.720610
 1174.000000    0.728100
 1179.000000    0.727981
 1184.000000    0.718939
 1189.000000    0.724238
 1194.000000    0.726592
 1199.000000    0.711992
 1204.000000    0.696757
 1209.000000    0.694080
 1214.000000    0.687496
 1219.000000    0.663434
 1224.000000    0.625473
 1229.000000    0.610521
 1234.000000    0.603344
 1239.000000    0.611204
 1244.000000    0.610739
 1249.000000    0.630713
 1254.000000    0.674668
 1259.000000    0.682360
 1264.000000    0.701396
 1269.000000    0.742823
 1274.000000    0.729680
 1279.000000    0.717716
 1284.000000    0.685243
 1289.000000    0.693868
 1294.000000    0.684738
 1299.000000    0.684010
 1304.000000    0.668786
 1309.000000    0.659764
 1314.000000    0.653788
 1319.000000    0.665038
 1324.000000    0.699325
 1329.000000    0.728930
 1334.000000    0.751651
 1339.000000    0.741614
 1344.000000    0.712902
 1349.000000    0.689865
 1354.000000    0.619809
 1359.000000    0.607050
 1364.000000    0.618154
 1369.000000    0.636341
 1374.000000    0.658016
 1379.000000    0.649216
 1384.000000    0.619736
 1389.000000    0.588339
 1394.000000    0.582493
 1399.000000    0.567785
 1404.000000    0.557173
 1409.000000    0.549403
 1414.000000    0.546921
 1419.000000    0.564386
 1424.000000    0.598271
 1429.000000    0.635222
 1434.000000    0.664577
 1439.000000    0.664221
 1444.000000    0.686393
 1449.000000    0.695775
 1454.000000    0.698983
 1459.000000    0.718563
 1464.000000    0.740715
 1469.000000    0.749520
 1474.000000    0.758597
 1479.000000    0.766624
 1484.000000    0.768589
 1489.000000    0.769624
 1494.000000    0.764601
 1499.000000    0.763497
 1504.000000    0.765678
 1509.000000    0.747928
 1514.000000    0.722179
 1519.000000    0.730295
 1524.000000    0.736205
 1529.000000    0.722526
 1534.000000    0.726154
 1539.000000    0.728029
 1544.000000    0.707220
 1549.000000    0.680251
 1554.000000    0.673785
 1559.000000    0.685714
 1564.000000    0.690522
 1569.000000    0.688876
 1574.000000    0.674496
 1579.000000    0.679264
 1584.000000    0.687296
 1589.000000    0.649765
 1594.000000    0.651841
 1599.000000    0.647523
 1604.000000    0.645275
 1609.000000    0.637379
 1614.000000    0.643425
 1619.000000    0.667851
 1624.000000    0.668919
 1629.000000    0.681898
 1634.000000    0.661212
 1639.000000    0.653139
 1644.000000    0.647713
 1649.000000    0.653901
 1654.000000    0.647675
 1659.000000    0.645380
 1664.000000    0.638725
 1669.000000    0.651983
 1674.000000    0.639604
 1679.000000    0.625680
 1684.000000    0.575553
 1689.000000    0.557011
 1694.000000    0.568256
 1699.000000    0.588941
 1704.000000    0.631070
