#  pixel_depth  alphabetafraction   >  Analysis of alpha beta fraction
    5.000000    0.869052
   10.000000    0.857288
   15.000000    0.840865
   20.000000    0.812072
   25.000000    0.811057
   30.000000    0.834604
   35.000000    0.834545
   40.000000    0.818713
   45.000000    0.799162
   50.000000    0.771379
   55.000000    0.735282
   60.000000    0.706491
   65.000000    0.663345
   70.000000    0.652509
   75.000000    0.702444
   80.000000    0.712983
   85.000000    0.715445
   90.000000    0.733868
   95.000000    0.745715
  100.000000    0.726794
  105.000000    0.675366
  110.000000    0.678646
  115.000000    0.671599
  120.000000    0.655984
  125.000000    0.654365
  130.000000    0.684288
  135.000000    0.716601
  140.000000    0.725780
  145.000000    0.757728
  150.000000    0.745529
  155.000000    0.746029
  160.000000    0.744042
  165.000000    0.729908
  170.000000    0.727987
  175.000000    0.733902
  180.000000    0.731491
  185.000000    0.709715
  190.000000    0.716792
  195.000000    0.736309
  200.000000    0.720394
  205.000000    0.734376
  210.000000    0.709354
  215.000000    0.718452
  220.000000    0.712070
  225.000000    0.703722
  230.000000    0.684786
  235.000000    0.666019
  240.000000    0.657982
  245.000000    0.648846
  250.000000    0.643816
  255.000000    0.638262
  260.000000    0.623522
  265.000000    0.631395
  270.000000    0.635288
  275.000000    0.641079
  280.000000    0.633058
  285.000000    0.611735
  290.000000    0.613636
  295.000000    0.640906
  300.000000    0.636486
  305.000000    0.652369
  310.000000    0.629551
  315.000000    0.614583
  320.000000    0.628311
  325.000000    0.614918
  330.000000    0.631955
  335.000000    0.663999
  340.000000    0.683730
  345.000000    0.763079
  350.000000    0.819135
  355.000000    0.845422
  360.000000    0.862145
  365.000000    0.849565
  370.000000    0.835723
  375.000000    0.838818
  380.000000    0.830032
  385.000000    0.827668
  390.000000    0.815759
  395.000000    0.778284
  400.000000    0.759772
  405.000000    0.757378
  410.000000    0.742720
  415.000000    0.739819
  420.000000    0.736207
  425.000000    0.707111
  430.000000    0.670133
  435.000000    0.638200
  440.000000    0.634557
  445.000000    0.663953
  450.000000    0.676216
  455.000000    0.654960
  460.000000    0.634349
  465.000000    0.646834
  470.000000    0.660959
  475.000000    0.653779
  480.000000    0.655225
  485.000000    0.632800
  490.000000    0.614530
  495.000000    0.613409
  500.000000    0.576689
  505.000000    0.574932
  510.000000    0.575048
  515.000000    0.581822
  520.000000    0.580503
  525.000000    0.580641
  530.000000    0.574541
  535.000000    0.603875
  540.000000    0.660629
  545.000000    0.714491
  550.000000    0.765845
  555.000000    0.814952
  560.000000    0.829394
  565.000000    0.832099
  570.000000    0.850535
  575.000000    0.883499
  580.000000    0.876638
  585.000000    0.870909
  590.000000    0.868243
  595.000000    0.863195
  600.000000    0.879803
  605.000000    0.866238
  610.000000    0.806894
  615.000000    0.755187
  620.000000    0.753159
  625.000000    0.742627
  630.000000    0.729755
  635.000000    0.722487
  640.000000    0.737377
  645.000000    0.748255
  650.000000    0.768665
  655.000000    0.796813
  660.000000    0.789466
  665.000000    0.782148
  670.000000    0.765565
  675.000000    0.741847
  680.000000    0.719549
  685.000000    0.690840
  690.000000    0.673555
  695.000000    0.732179
  700.000000    0.753866
  705.000000    0.761007
  710.000000    0.774112
  715.000000    0.762812
  720.000000    0.758957
  725.000000    0.769914
  730.000000    0.786305
  735.000000    0.803055
  740.000000    0.810554
  745.000000    0.783740
  750.000000    0.762062
  755.000000    0.736217
  760.000000    0.708575
  765.000000    0.706528
  770.000000    0.723446
  775.000000    0.732024
  780.000000    0.760773
  785.000000    0.743482
  790.000000    0.741189
  795.000000    0.725790
  800.000000    0.711685
  805.000000    0.698113
  810.000000    0.704206
  815.000000    0.695396
  820.000000    0.677851
  825.000000    0.676897
  830.000000    0.662617
  835.000000    0.680086
  840.000000    0.692664
  845.000000    0.716376
  850.000000    0.720158
  855.000000    0.736762
  860.000000    0.759692
  865.000000    0.777277
  870.000000    0.784992
  875.000000    0.802809
  880.000000    0.803783
  885.000000    0.784051
  890.000000    0.749326
  895.000000    0.746563
  900.000000    0.737352
  905.000000    0.737096
  910.000000    0.708648
  915.000000    0.673596
  920.000000    0.675424
  925.000000    0.674666
  930.000000    0.658556
  935.000000    0.661960
  940.000000    0.661848
  945.000000    0.689451
  950.000000    0.697213
  955.000000    0.677282
  960.000000    0.653014
  965.000000    0.649349
  970.000000    0.628357
  975.000000    0.607160
  980.000000    0.581046
  985.000000    0.583539
  990.000000    0.633754
  995.000000    0.659801
 1000.000000    0.691224
 1005.000000    0.694578
 1010.000000    0.727301
 1015.000000    0.709173
 1020.000000    0.696947
 1025.000000    0.705159
 1030.000000    0.724061
 1035.000000    0.718380
 1040.000000    0.739540
 1045.000000    0.791972
 1050.000000    0.808771
 1055.000000    0.799330
 1060.000000    0.792761
 1065.000000    0.784537
 1070.000000    0.790136
 1075.000000    0.785620
 1080.000000    0.776705
 1085.000000    0.758219
 1090.000000    0.753428
 1095.000000    0.732147
 1100.000000    0.718870
 1105.000000    0.745727
 1110.000000    0.773218
 1115.000000    0.765489
 1120.000000    0.687967
 1125.000000    0.630275
 1130.000000    0.618326
 1135.000000    0.583654
 1140.000000    0.587095
 1145.000000    0.592602
 1150.000000    0.591733
 1155.000000    0.573445
 1160.000000    0.558532
 1165.000000    0.549052
 1170.000000    0.546062
 1175.000000    0.570445
 1180.000000    0.585451
 1185.000000    0.586508
 1190.000000    0.570997
 1195.000000    0.611652
 1200.000000    0.709422
 1205.000000    0.696651
 1210.000000    0.675000
 1215.000000    0.681210
 1220.000000    0.708479
 1225.000000    0.719421
 1230.000000    0.745280
 1235.000000    0.736744
 1240.000000    0.716984
 1245.000000    0.745353
 1250.000000    0.742136
 1255.000000    0.677851
 1260.000000    0.595728
 1265.000000    0.595738
 1270.000000    0.606732
 1275.000000    0.597299
 1280.000000    0.590342
 1285.000000    0.542152
 1290.000000    0.523397
