#  pixel_depth  alphabetafraction   >  Analysis of alpha beta fraction
  101.000000    0.679756
  106.000000    0.658918
  111.000000    0.654887
  116.000000    0.659859
  121.000000    0.686209
  126.000000    0.713591
  131.000000    0.737949
  136.000000    0.756959
  141.000000    0.746740
  146.000000    0.723268
  151.000000    0.697712
  156.000000    0.690411
  161.000000    0.680888
  166.000000    0.650720
  171.000000    0.654743
  176.000000    0.669023
  181.000000    0.677645
  186.000000    0.671838
  191.000000    0.652957
  196.000000    0.647733
  201.000000    0.638400
  206.000000    0.640489
  211.000000    0.651942
  216.000000    0.669569
  221.000000    0.666513
  226.000000    0.670401
  231.000000    0.705440
  236.000000    0.708055
  241.000000    0.705879
  246.000000    0.683930
  251.000000    0.677602
  256.000000    0.684580
  261.000000    0.703197
  266.000000    0.731412
  271.000000    0.722397
  276.000000    0.722892
  281.000000    0.725598
  286.000000    0.688936
  291.000000    0.697447
  296.000000    0.698555
  301.000000    0.706293
  306.000000    0.699706
  311.000000    0.731971
  316.000000    0.735874
  321.000000    0.745537
  326.000000    0.753472
  331.000000    0.752016
  336.000000    0.736727
  341.000000    0.721471
  346.000000    0.694246
  351.000000    0.690355
  356.000000    0.680472
  361.000000    0.670272
  366.000000    0.711360
  371.000000    0.690812
  376.000000    0.668504
  381.000000    0.653741
  386.000000    0.642935
  391.000000    0.621374
  396.000000    0.602793
  401.000000    0.610121
  406.000000    0.609856
  411.000000    0.624839
  416.000000    0.641192
  421.000000    0.642738
  426.000000    0.609319
  431.000000    0.651404
  436.000000    0.676818
  441.000000    0.700438
  446.000000    0.736224
  451.000000    0.724784
  456.000000    0.675142
  461.000000    0.635185
  466.000000    0.637187
  471.000000    0.618550
  476.000000    0.603033
  481.000000    0.599220
  486.000000    0.580619
  491.000000    0.602508
  496.000000    0.614616
  501.000000    0.681552
  506.000000    0.704175
  511.000000    0.675940
  516.000000    0.656769
  521.000000    0.688701
  526.000000    0.720785
  531.000000    0.737703
  536.000000    0.773532
  541.000000    0.771153
  546.000000    0.754329
  551.000000    0.742728
  556.000000    0.740843
  561.000000    0.708450
  566.000000    0.713073
  571.000000    0.693354
  576.000000    0.662357
  581.000000    0.647444
  586.000000    0.613129
  591.000000    0.562468
  596.000000    0.552541
  601.000000    0.558410
  606.000000    0.592116
  611.000000    0.610895
  616.000000    0.605418
  621.000000    0.616763
  626.000000    0.623439
  631.000000    0.642536
  636.000000    0.642233
  641.000000    0.647552
  646.000000    0.651361
  651.000000    0.680747
  656.000000    0.678561
  661.000000    0.706376
  666.000000    0.709158
  671.000000    0.706605
  676.000000    0.707508
  681.000000    0.699731
  686.000000    0.704314
  691.000000    0.719757
  696.000000    0.711372
  701.000000    0.723584
  706.000000    0.742658
  711.000000    0.743240
  716.000000    0.734438
  721.000000    0.762506
  726.000000    0.787916
  731.000000    0.805169
  736.000000    0.793844
  741.000000    0.787750
  746.000000    0.773372
  751.000000    0.749846
  756.000000    0.749002
  761.000000    0.766945
  766.000000    0.743995
  771.000000    0.725978
  776.000000    0.710731
  781.000000    0.687815
  786.000000    0.678032
  791.000000    0.665825
  796.000000    0.686287
  801.000000    0.696144
  806.000000    0.697349
  811.000000    0.685051
  816.000000    0.686458
  821.000000    0.648467
  826.000000    0.662116
  831.000000    0.672482
  836.000000    0.655497
  841.000000    0.633418
  846.000000    0.597354
  851.000000    0.575926
  856.000000    0.573632
  861.000000    0.566440
  866.000000    0.588478
  871.000000    0.621705
  876.000000    0.634983
  881.000000    0.641918
  886.000000    0.643457
  891.000000    0.663575
  896.000000    0.663474
  901.000000    0.634618
  906.000000    0.609910
  911.000000    0.607319
  916.000000    0.617313
  921.000000    0.621157
  926.000000    0.620982
  931.000000    0.615632
  936.000000    0.592921
  941.000000    0.604177
  946.000000    0.591039
  951.000000    0.572749
  956.000000    0.561557
  961.000000    0.517101
  966.000000    0.507534
  971.000000    0.526947
  976.000000    0.557734
  981.000000    0.609657
  986.000000    0.608657
  991.000000    0.617929
  996.000000    0.606113
 1001.000000    0.577858
 1006.000000    0.558474
 1011.000000    0.544848
 1016.000000    0.548313
 1021.000000    0.549436
 1026.000000    0.562211
 1031.000000    0.590131
 1036.000000    0.574478
 1041.000000    0.530781
 1046.000000    0.530280
 1051.000000    0.536969
 1056.000000    0.578623
 1061.000000    0.594945
 1066.000000    0.591187
 1071.000000    0.594300
 1076.000000    0.606498
 1081.000000    0.607516
 1086.000000    0.620146
 1091.000000    0.619490
 1096.000000    0.596341
 1101.000000    0.561810
 1106.000000    0.529242
 1111.000000    0.498214
 1116.000000    0.503914
 1121.000000    0.511265
 1126.000000    0.557840
 1131.000000    0.556685
 1136.000000    0.568681
 1141.000000    0.573565
 1146.000000    0.564433
 1151.000000    0.560199
 1156.000000    0.564699
 1161.000000    0.580992
 1166.000000    0.626641
 1171.000000    0.638671
 1176.000000    0.661244
 1181.000000    0.645157
 1186.000000    0.624443
 1191.000000    0.627132
 1196.000000    0.605837
 1201.000000    0.596317
 1206.000000    0.573006
 1211.000000    0.558120
 1216.000000    0.568926
 1221.000000    0.562634
 1226.000000    0.585061
 1231.000000    0.565346
 1236.000000    0.599454
 1241.000000    0.614972
 1246.000000    0.607191
 1251.000000    0.618961
 1256.000000    0.639405
 1261.000000    0.650523
 1266.000000    0.663468
 1271.000000    0.657355
 1276.000000    0.620296
 1281.000000    0.593498
 1286.000000    0.591689
 1291.000000    0.586320
 1296.000000    0.592600
 1301.000000    0.568477
 1306.000000    0.518016
 1311.000000    0.519380
 1316.000000    0.529691
 1321.000000    0.538919
 1326.000000    0.536725
 1331.000000    0.556225
 1336.000000    0.574153
 1341.000000    0.608984
 1346.000000    0.611357
 1351.000000    0.637483
 1356.000000    0.624761
 1361.000000    0.622884
 1366.000000    0.623599
 1371.000000    0.619728
 1376.000000    0.614965
 1381.000000    0.581286
 1386.000000    0.538472
 1391.000000    0.508969
 1396.000000    0.494174
 1401.000000    0.489758
 1406.000000    0.478883
 1411.000000    0.476428
 1416.000000    0.508775
 1421.000000    0.526628
 1426.000000    0.566949
 1431.000000    0.589162
 1436.000000    0.585956
 1441.000000    0.561776
 1446.000000    0.569777
 1451.000000    0.576734
 1456.000000    0.567096
 1461.000000    0.577190
 1466.000000    0.618359
 1471.000000    0.664709
 1476.000000    0.698224
 1481.000000    0.684430
 1486.000000    0.675544
 1491.000000    0.673828
 1496.000000    0.691933
 1501.000000    0.713106
 1506.000000    0.672580
 1511.000000    0.674023
 1516.000000    0.671319
 1521.000000    0.670229
 1526.000000    0.633049
 1531.000000    0.609620
 1536.000000    0.598564
 1541.000000    0.606412
 1546.000000    0.629330
 1551.000000    0.628697
 1556.000000    0.658234
 1561.000000    0.663300
 1566.000000    0.659369
 1571.000000    0.655705
 1576.000000    0.668724
 1581.000000    0.650961
 1586.000000    0.623678
 1591.000000    0.623319
 1596.000000    0.598068
 1601.000000    0.609628
 1606.000000    0.612709
 1611.000000    0.593838
 1616.000000    0.574789
 1621.000000    0.588119
 1626.000000    0.607519
 1631.000000    0.600658
 1636.000000    0.599823
 1641.000000    0.647332
 1646.000000    0.654343
 1651.000000    0.631183
 1656.000000    0.607175
 1661.000000    0.590139
 1666.000000    0.565250
 1671.000000    0.593045
 1676.000000    0.583701
 1681.000000    0.569517
 1686.000000    0.558060
 1691.000000    0.559744
 1696.000000    0.596618
 1701.000000    0.622096
 1706.000000    0.617044
 1711.000000    0.630834
 1716.000000    0.612449
 1721.000000    0.626405
 1726.000000    0.627320
 1731.000000    0.586377
 1736.000000    0.572167
 1741.000000    0.545516
 1746.000000    0.570332
 1751.000000    0.596623
 1756.000000    0.617329
