#  pixel_depth  alphabetafraction   >  Analysis of alpha beta fraction
  171.000000    0.820194
  176.000000    0.828639
  181.000000    0.814324
  186.000000    0.816313
  191.000000    0.798171
  196.000000    0.801409
  201.000000    0.801544
  206.000000    0.763071
  211.000000    0.719719
  216.000000    0.707228
  221.000000    0.648940
  226.000000    0.608428
  231.000000    0.607252
  236.000000    0.620981
  241.000000    0.626241
  246.000000    0.635430
  251.000000    0.645274
  256.000000    0.642390
  261.000000    0.620385
  266.000000    0.619475
  271.000000    0.608941
  276.000000    0.575585
  281.000000    0.557313
  286.000000    0.551383
  291.000000    0.537602
  296.000000    0.536347
  301.000000    0.514764
  306.000000    0.498512
  311.000000    0.515744
  316.000000    0.539757
  321.000000    0.544752
  326.000000    0.570993
  331.000000    0.595270
  336.000000    0.621751
  341.000000    0.637956
  346.000000    0.657214
  351.000000    0.668762
  356.000000    0.679921
  361.000000    0.728935
  366.000000    0.756488
  371.000000    0.758795
  376.000000    0.774003
  381.000000    0.769211
  386.000000    0.765502
  391.000000    0.766100
  396.000000    0.749338
  401.000000    0.741016
  406.000000    0.730798
  411.000000    0.712721
  416.000000    0.702480
  421.000000    0.683964
  426.000000    0.686115
  431.000000    0.676150
  436.000000    0.678757
  441.000000    0.673929
  446.000000    0.669063
  451.000000    0.697939
  456.000000    0.735323
  461.000000    0.773212
  466.000000    0.780509
  471.000000    0.769671
  476.000000    0.746098
  481.000000    0.741329
  486.000000    0.745775
  491.000000    0.729436
  496.000000    0.710757
  501.000000    0.706682
  506.000000    0.703257
  511.000000    0.720511
  516.000000    0.736774
  521.000000    0.753971
  526.000000    0.790786
  531.000000    0.768031
  536.000000    0.711537
  541.000000    0.695434
  546.000000    0.691962
  551.000000    0.722689
  556.000000    0.752208
  561.000000    0.787063
  566.000000    0.832302
  571.000000    0.853505
  576.000000    0.861669
  581.000000    0.856339
  586.000000    0.811424
  591.000000    0.825041
  596.000000    0.828910
  601.000000    0.825161
  606.000000    0.836816
  611.000000    0.827142
  616.000000    0.822285
  621.000000    0.798276
  626.000000    0.760094
  631.000000    0.714679
  636.000000    0.666762
  641.000000    0.683281
  646.000000    0.685336
  651.000000    0.702498
  656.000000    0.737797
  661.000000    0.756083
  666.000000    0.757194
  671.000000    0.768661
  676.000000    0.802215
  681.000000    0.822826
  686.000000    0.832840
  691.000000    0.847468
  696.000000    0.852209
  701.000000    0.879922
  706.000000    0.867424
  711.000000    0.852123
  716.000000    0.842237
  721.000000    0.801426
  726.000000    0.772438
  731.000000    0.761730
  736.000000    0.733108
  741.000000    0.730828
  746.000000    0.725623
  751.000000    0.728815
  756.000000    0.755756
  761.000000    0.750735
  766.000000    0.744595
  771.000000    0.714646
  776.000000    0.691803
  781.000000    0.691480
  786.000000    0.650827
  791.000000    0.598734
  796.000000    0.586939
  801.000000    0.573794
  806.000000    0.574970
  811.000000    0.598760
  816.000000    0.554452
  821.000000    0.527563
  826.000000    0.530486
  831.000000    0.551840
  836.000000    0.589231
  841.000000    0.641429
  846.000000    0.660381
  851.000000    0.659898
  856.000000    0.654341
  861.000000    0.645665
  866.000000    0.708391
  871.000000    0.757296
  876.000000    0.764674
  881.000000    0.745852
  886.000000    0.750621
  891.000000    0.759329
  896.000000    0.739569
  901.000000    0.732315
  906.000000    0.731419
  911.000000    0.730920
  916.000000    0.724948
  921.000000    0.705966
  926.000000    0.698292
  931.000000    0.700235
  936.000000    0.700263
  941.000000    0.717396
  946.000000    0.730060
  951.000000    0.735961
  956.000000    0.760480
  961.000000    0.732902
  966.000000    0.732353
  971.000000    0.730139
  976.000000    0.732958
  981.000000    0.737690
  986.000000    0.747164
  991.000000    0.773838
  996.000000    0.787067
 1001.000000    0.800138
 1006.000000    0.798026
 1011.000000    0.794525
 1016.000000    0.796503
 1021.000000    0.786753
 1026.000000    0.778676
 1031.000000    0.764454
 1036.000000    0.758301
 1041.000000    0.747618
 1046.000000    0.744435
 1051.000000    0.741414
 1056.000000    0.694609
 1061.000000    0.684725
 1066.000000    0.647163
 1071.000000    0.644964
 1076.000000    0.655135
 1081.000000    0.690259
 1086.000000    0.748007
 1091.000000    0.771848
 1096.000000    0.796381
 1101.000000    0.815952
 1106.000000    0.823024
 1111.000000    0.861349
 1116.000000    0.847540
 1121.000000    0.831403
 1126.000000    0.826855
 1131.000000    0.800535
 1136.000000    0.783081
 1141.000000    0.762351
 1146.000000    0.745936
 1151.000000    0.730464
 1156.000000    0.715334
 1161.000000    0.683358
 1166.000000    0.690361
 1171.000000    0.658390
 1176.000000    0.651725
 1181.000000    0.647413
 1186.000000    0.680182
 1191.000000    0.679943
 1196.000000    0.687020
 1201.000000    0.700427
 1206.000000    0.712479
 1211.000000    0.730684
 1216.000000    0.724510
 1221.000000    0.727414
 1226.000000    0.748992
 1231.000000    0.795591
 1236.000000    0.847780
 1241.000000    0.887029
 1246.000000    0.882290
 1251.000000    0.881730
 1256.000000    0.866770
 1261.000000    0.848748
 1266.000000    0.864018
 1271.000000    0.864187
 1276.000000    0.846704
 1281.000000    0.823263
 1286.000000    0.814696
 1291.000000    0.800165
 1296.000000    0.780040
 1301.000000    0.768880
 1306.000000    0.768243
 1311.000000    0.743403
 1316.000000    0.741231
 1321.000000    0.755826
 1326.000000    0.751350
 1331.000000    0.724889
 1336.000000    0.720721
 1341.000000    0.702579
 1346.000000    0.699827
 1351.000000    0.673459
 1356.000000    0.671338
 1361.000000    0.696351
 1366.000000    0.711819
 1371.000000    0.695481
 1376.000000    0.672199
 1381.000000    0.695952
 1386.000000    0.704822
 1391.000000    0.689322
 1396.000000    0.730757
 1401.000000    0.696180
 1406.000000    0.654756
 1411.000000    0.667138
 1416.000000    0.668429
 1421.000000    0.680011
 1426.000000    0.689638
 1431.000000    0.718849
 1436.000000    0.710873
 1441.000000    0.709529
 1446.000000    0.705809
 1451.000000    0.708725
 1456.000000    0.719182
 1461.000000    0.713175
 1466.000000    0.716229
 1471.000000    0.678858
 1476.000000    0.678174
 1481.000000    0.705391
 1486.000000    0.710998
 1491.000000    0.712041
 1496.000000    0.720824
 1501.000000    0.712270
 1506.000000    0.711210
 1511.000000    0.686544
 1516.000000    0.674895
 1521.000000    0.691934
 1526.000000    0.681897
 1531.000000    0.661862
 1536.000000    0.669728
 1541.000000    0.661758
 1546.000000    0.666032
 1551.000000    0.680334
 1556.000000    0.687810
 1561.000000    0.683634
 1566.000000    0.718224
 1571.000000    0.739573
 1576.000000    0.740145
 1581.000000    0.722098
 1586.000000    0.698187
 1591.000000    0.683664
 1596.000000    0.661632
 1601.000000    0.645841
 1606.000000    0.636716
 1611.000000    0.631351
 1616.000000    0.623135
 1621.000000    0.587272
 1626.000000    0.550222
 1631.000000    0.577495
 1636.000000    0.566254
 1641.000000    0.585358
 1646.000000    0.580190
 1651.000000    0.609618
 1656.000000    0.660897
 1661.000000    0.693183
 1666.000000    0.706053
 1671.000000    0.728247
 1676.000000    0.724357
 1681.000000    0.715356
 1686.000000    0.705944
 1691.000000    0.730098
 1696.000000    0.718417
 1701.000000    0.721132
 1706.000000    0.708455
 1711.000000    0.703010
 1716.000000    0.717422
 1721.000000    0.714035
 1726.000000    0.707335
 1731.000000    0.714297
 1736.000000    0.711719
 1741.000000    0.716265
 1746.000000    0.733132
 1751.000000    0.772923
 1756.000000    0.798396
 1761.000000    0.811778
 1766.000000    0.822097
 1771.000000    0.831138
 1776.000000    0.836782
 1781.000000    0.824367
 1786.000000    0.821702
 1791.000000    0.812586
 1796.000000    0.795711
 1801.000000    0.786332
 1806.000000    0.787545
 1811.000000    0.803486
 1816.000000    0.793677
 1821.000000    0.780174
 1826.000000    0.785228
 1831.000000    0.779723
 1836.000000    0.799153
 1841.000000    0.769726
 1846.000000    0.725084
 1851.000000    0.686635
 1856.000000    0.648413
 1861.000000    0.640701
 1866.000000    0.636561
 1871.000000    0.607863
 1876.000000    0.582469
 1881.000000    0.561047
 1886.000000    0.541327
 1891.000000    0.617547
 1896.000000    0.663700
