#  pixel_depth  alphabetafraction   >  Analysis of alpha beta fraction
  103.000000    0.591128
  108.000000    0.584370
  113.000000    0.615831
  118.000000    0.636585
  123.000000    0.650568
  128.000000    0.623876
  133.000000    0.639674
  138.000000    0.634145
  143.000000    0.592999
  148.000000    0.601989
  153.000000    0.627524
  158.000000    0.664153
  163.000000    0.660901
  168.000000    0.667121
  173.000000    0.651311
  178.000000    0.634268
  183.000000    0.637598
  188.000000    0.621384
  193.000000    0.615114
  198.000000    0.608297
  203.000000    0.583740
  208.000000    0.597591
  213.000000    0.624902
  218.000000    0.633035
  223.000000    0.667223
  228.000000    0.690868
  233.000000    0.694970
  238.000000    0.706841
  243.000000    0.730091
  248.000000    0.742775
  253.000000    0.756641
  258.000000    0.764288
  263.000000    0.747541
  268.000000    0.729349
  273.000000    0.731219
  278.000000    0.711457
  283.000000    0.691905
  288.000000    0.669865
  293.000000    0.639397
  298.000000    0.631008
  303.000000    0.616012
  308.000000    0.623290
  313.000000    0.636972
  318.000000    0.608210
  323.000000    0.594296
  328.000000    0.569083
  333.000000    0.578755
  338.000000    0.596005
  343.000000    0.599869
  348.000000    0.611200
  353.000000    0.617884
  358.000000    0.625822
  363.000000    0.608102
  368.000000    0.620815
  373.000000    0.638471
  378.000000    0.651103
  383.000000    0.647202
  388.000000    0.656732
  393.000000    0.641731
  398.000000    0.621534
  403.000000    0.605278
  408.000000    0.592671
  413.000000    0.580965
  418.000000    0.583901
  423.000000    0.568228
  428.000000    0.576815
  433.000000    0.572519
  438.000000    0.545752
  443.000000    0.553200
  448.000000    0.575260
  453.000000    0.575443
  458.000000    0.570263
  463.000000    0.570128
  468.000000    0.583236
  473.000000    0.571322
  478.000000    0.583470
  483.000000    0.602308
  488.000000    0.611448
  493.000000    0.636255
  498.000000    0.657436
  503.000000    0.675359
  508.000000    0.703242
  513.000000    0.712573
  518.000000    0.690338
  523.000000    0.697321
  528.000000    0.681488
  533.000000    0.654839
  538.000000    0.642972
  543.000000    0.623249
  548.000000    0.599380
  553.000000    0.617304
  558.000000    0.617598
  563.000000    0.622789
  568.000000    0.617589
  573.000000    0.619917
  578.000000    0.626966
  583.000000    0.638972
  588.000000    0.670814
  593.000000    0.658806
  598.000000    0.661271
  603.000000    0.649739
  608.000000    0.638217
  613.000000    0.628952
  618.000000    0.590600
  623.000000    0.551671
  628.000000    0.528379
  633.000000    0.533254
  638.000000    0.506280
  643.000000    0.476379
  648.000000    0.470997
  653.000000    0.462855
  658.000000    0.467956
  663.000000    0.486004
  668.000000    0.525968
  673.000000    0.583673
  678.000000    0.627897
  683.000000    0.658374
  688.000000    0.679003
  693.000000    0.691532
  698.000000    0.703914
  703.000000    0.725765
  708.000000    0.713758
  713.000000    0.715136
  718.000000    0.741325
  723.000000    0.762308
  728.000000    0.743307
  733.000000    0.717621
  738.000000    0.721975
  743.000000    0.716600
  748.000000    0.666476
  753.000000    0.616165
  758.000000    0.590123
  763.000000    0.577791
  768.000000    0.586291
  773.000000    0.603057
  778.000000    0.605315
  783.000000    0.603827
  788.000000    0.594936
  793.000000    0.570657
  798.000000    0.548560
  803.000000    0.582522
  808.000000    0.614003
  813.000000    0.609774
  818.000000    0.581099
  823.000000    0.561426
  828.000000    0.587734
  833.000000    0.586826
  838.000000    0.611785
  843.000000    0.623713
  848.000000    0.629683
  853.000000    0.619776
  858.000000    0.601852
  863.000000    0.591792
  868.000000    0.554780
  873.000000    0.562419
  878.000000    0.582318
  883.000000    0.595325
  888.000000    0.586190
  893.000000    0.574475
  898.000000    0.574354
  903.000000    0.590439
  908.000000    0.579308
  913.000000    0.534096
  918.000000    0.500757
  923.000000    0.518257
  928.000000    0.547035
  933.000000    0.557040
  938.000000    0.570564
  943.000000    0.617269
  948.000000    0.646954
  953.000000    0.643220
  958.000000    0.667376
  963.000000    0.700906
  968.000000    0.704556
  973.000000    0.680721
  978.000000    0.643178
  983.000000    0.622552
  988.000000    0.635077
  993.000000    0.640076
  998.000000    0.645140
 1003.000000    0.609872
 1008.000000    0.600029
 1013.000000    0.630804
 1018.000000    0.623774
 1023.000000    0.602823
 1028.000000    0.593512
 1033.000000    0.599069
 1038.000000    0.622094
 1043.000000    0.639524
 1048.000000    0.633447
 1053.000000    0.615972
 1058.000000    0.619580
 1063.000000    0.646478
 1068.000000    0.661296
 1073.000000    0.644473
 1078.000000    0.657320
 1083.000000    0.626532
 1088.000000    0.621837
 1093.000000    0.606704
 1098.000000    0.589262
 1103.000000    0.601558
 1108.000000    0.625089
 1113.000000    0.627509
 1118.000000    0.649557
 1123.000000    0.656692
 1128.000000    0.648249
 1133.000000    0.670101
 1138.000000    0.683946
 1143.000000    0.689286
 1148.000000    0.697266
 1153.000000    0.696697
 1158.000000    0.648731
 1163.000000    0.615250
 1168.000000    0.606289
 1173.000000    0.600359
 1178.000000    0.615876
 1183.000000    0.627905
 1188.000000    0.652248
 1193.000000    0.662047
 1198.000000    0.663245
 1203.000000    0.657320
 1208.000000    0.673673
 1213.000000    0.675251
 1218.000000    0.659094
 1223.000000    0.642865
 1228.000000    0.652268
 1233.000000    0.666900
 1238.000000    0.651786
 1243.000000    0.635912
 1248.000000    0.621413
 1253.000000    0.623375
 1258.000000    0.616678
 1263.000000    0.618554
 1268.000000    0.641616
 1273.000000    0.644387
 1278.000000    0.659775
 1283.000000    0.657540
 1288.000000    0.664966
 1293.000000    0.675455
 1298.000000    0.664370
 1303.000000    0.664336
 1308.000000    0.664029
 1313.000000    0.656880
 1318.000000    0.678106
 1323.000000    0.691133
 1328.000000    0.714077
 1333.000000    0.740601
 1338.000000    0.777504
 1343.000000    0.787107
 1348.000000    0.788662
 1353.000000    0.799639
 1358.000000    0.803284
 1363.000000    0.769264
 1368.000000    0.741457
 1373.000000    0.713361
 1378.000000    0.684238
 1383.000000    0.674632
 1388.000000    0.646993
 1393.000000    0.629795
 1398.000000    0.606860
 1403.000000    0.619090
 1408.000000    0.615108
 1413.000000    0.594685
 1418.000000    0.588245
 1423.000000    0.586975
 1428.000000    0.584542
 1433.000000    0.606374
 1438.000000    0.630157
 1443.000000    0.653649
 1448.000000    0.648874
 1453.000000    0.634310
 1458.000000    0.635071
 1463.000000    0.652672
 1468.000000    0.648342
 1473.000000    0.635766
 1478.000000    0.651618
 1483.000000    0.671223
 1488.000000    0.674412
 1493.000000    0.674454
 1498.000000    0.715981
 1503.000000    0.715063
 1508.000000    0.724405
 1513.000000    0.721223
 1518.000000    0.709787
 1523.000000    0.693939
 1528.000000    0.700768
 1533.000000    0.715741
 1538.000000    0.718363
 1543.000000    0.740520
 1548.000000    0.769889
 1553.000000    0.759022
 1558.000000    0.736358
 1563.000000    0.719139
 1568.000000    0.707674
 1573.000000    0.692298
 1578.000000    0.683166
 1583.000000    0.654612
 1588.000000    0.633732
 1593.000000    0.607706
 1598.000000    0.612665
 1603.000000    0.586832
 1608.000000    0.572073
 1613.000000    0.585688
 1618.000000    0.587928
 1623.000000    0.546798
 1628.000000    0.516703
 1633.000000    0.525307
 1638.000000    0.515326
 1643.000000    0.495841
 1648.000000    0.485169
 1653.000000    0.487155
 1658.000000    0.505556
 1663.000000    0.518595
 1668.000000    0.561833
 1673.000000    0.601267
 1678.000000    0.620796
 1683.000000    0.639264
 1688.000000    0.651346
 1693.000000    0.644860
 1698.000000    0.659981
 1703.000000    0.702109
 1708.000000    0.712360
 1713.000000    0.720149
 1718.000000    0.717028
 1723.000000    0.724769
 1728.000000    0.750955
 1733.000000    0.748122
 1738.000000    0.735996
 1743.000000    0.734395
 1748.000000    0.739041
 1753.000000    0.788941
