#  pixel_depth  alphabetafraction   >  Analysis of alpha beta fraction
   62.000000    0.671691
   67.000000    0.640801
   72.000000    0.628541
   77.000000    0.612892
   82.000000    0.616783
   87.000000    0.645562
   92.000000    0.628996
   97.000000    0.623834
  102.000000    0.615394
  107.000000    0.634449
  112.000000    0.640307
  117.000000    0.654650
  122.000000    0.654066
  127.000000    0.645361
  132.000000    0.665583
  137.000000    0.690389
  142.000000    0.718132
  147.000000    0.729377
  152.000000    0.745430
  157.000000    0.749197
  162.000000    0.749584
  167.000000    0.742674
  172.000000    0.715242
  177.000000    0.678782
  182.000000    0.638900
  187.000000    0.606156
  192.000000    0.602406
  197.000000    0.626987
  202.000000    0.634355
  207.000000    0.664575
  212.000000    0.675817
  217.000000    0.671868
  222.000000    0.665188
  227.000000    0.674486
  232.000000    0.674237
  237.000000    0.696102
  242.000000    0.687779
  247.000000    0.677886
  252.000000    0.650380
  257.000000    0.663929
  262.000000    0.660015
  267.000000    0.665307
  272.000000    0.642861
  277.000000    0.620862
  282.000000    0.620436
  287.000000    0.572537
  292.000000    0.524375
  297.000000    0.546660
  302.000000    0.574135
  307.000000    0.581113
  312.000000    0.577859
  317.000000    0.585833
  322.000000    0.603824
  327.000000    0.631408
  332.000000    0.613668
  337.000000    0.581993
  342.000000    0.572995
  347.000000    0.604825
  352.000000    0.620990
  357.000000    0.639094
  362.000000    0.654782
  367.000000    0.625827
  372.000000    0.600322
  377.000000    0.592237
  382.000000    0.614865
  387.000000    0.634090
  392.000000    0.622020
  397.000000    0.646127
  402.000000    0.651343
  407.000000    0.660091
  412.000000    0.659736
  417.000000    0.685003
  422.000000    0.715948
  427.000000    0.688085
  432.000000    0.659849
  437.000000    0.638852
  442.000000    0.645844
  447.000000    0.616718
  452.000000    0.601042
  457.000000    0.577188
  462.000000    0.554381
  467.000000    0.536852
  472.000000    0.533628
  477.000000    0.533317
  482.000000    0.553605
  487.000000    0.554006
  492.000000    0.498205
  497.000000    0.516853
  502.000000    0.559438
  507.000000    0.597594
  512.000000    0.573345
  517.000000    0.551399
  522.000000    0.578698
  527.000000    0.586802
  532.000000    0.592774
  537.000000    0.612260
  542.000000    0.591083
  547.000000    0.567303
  552.000000    0.582969
  557.000000    0.604383
  562.000000    0.586936
  567.000000    0.605952
  572.000000    0.609434
  577.000000    0.646670
  582.000000    0.660597
  587.000000    0.636411
  592.000000    0.579221
  597.000000    0.548175
  602.000000    0.515921
  607.000000    0.505398
  612.000000    0.518344
  617.000000    0.532380
  622.000000    0.551043
  627.000000    0.513682
  632.000000    0.554293
  637.000000    0.575594
  642.000000    0.588954
  647.000000    0.619627
  652.000000    0.626791
  657.000000    0.625089
  662.000000    0.624201
  667.000000    0.641303
  672.000000    0.663935
  677.000000    0.679201
  682.000000    0.717678
  687.000000    0.761890
  692.000000    0.795316
  697.000000    0.798839
  702.000000    0.813433
  707.000000    0.837480
  712.000000    0.821305
  717.000000    0.790777
  722.000000    0.795807
  727.000000    0.765466
  732.000000    0.754314
  737.000000    0.752943
  742.000000    0.747497
  747.000000    0.740997
  752.000000    0.749120
  757.000000    0.727530
  762.000000    0.689651
  767.000000    0.668838
  772.000000    0.663024
  777.000000    0.651752
  782.000000    0.648602
  787.000000    0.662605
  792.000000    0.652853
  797.000000    0.635140
  802.000000    0.632884
  807.000000    0.628081
  812.000000    0.596238
  817.000000    0.640580
  822.000000    0.659182
  827.000000    0.654740
  832.000000    0.678917
  837.000000    0.713066
  842.000000    0.720057
  847.000000    0.710564
  852.000000    0.700418
  857.000000    0.671907
  862.000000    0.685307
  867.000000    0.669345
  872.000000    0.648781
  877.000000    0.658225
  882.000000    0.705997
  887.000000    0.710313
  892.000000    0.706424
  897.000000    0.699426
  902.000000    0.669217
  907.000000    0.678949
  912.000000    0.660899
  917.000000    0.653606
  922.000000    0.635709
  927.000000    0.614734
  932.000000    0.632555
  937.000000    0.635036
  942.000000    0.612447
  947.000000    0.591582
  952.000000    0.615915
  957.000000    0.627992
  962.000000    0.642104
  967.000000    0.668667
  972.000000    0.670871
  977.000000    0.649588
  982.000000    0.639560
  987.000000    0.640459
  992.000000    0.637253
  997.000000    0.654884
 1002.000000    0.651610
 1007.000000    0.656517
 1012.000000    0.644221
 1017.000000    0.631507
 1022.000000    0.606902
 1027.000000    0.572178
 1032.000000    0.574921
 1037.000000    0.594753
 1042.000000    0.606936
 1047.000000    0.600268
 1052.000000    0.627445
 1057.000000    0.642680
 1062.000000    0.620752
 1067.000000    0.628281
 1072.000000    0.652652
 1077.000000    0.649431
 1082.000000    0.689621
 1087.000000    0.688631
 1092.000000    0.684802
 1097.000000    0.670655
 1102.000000    0.647841
 1107.000000    0.640682
 1112.000000    0.631526
 1117.000000    0.609579
 1122.000000    0.572174
 1127.000000    0.579099
 1132.000000    0.571117
 1137.000000    0.600282
 1142.000000    0.585400
 1147.000000    0.568673
 1152.000000    0.560601
 1157.000000    0.567256
 1162.000000    0.565741
 1167.000000    0.575671
 1172.000000    0.563324
 1177.000000    0.584983
 1182.000000    0.561297
 1187.000000    0.555362
 1192.000000    0.573027
 1197.000000    0.559084
 1202.000000    0.571445
 1207.000000    0.603967
 1212.000000    0.605806
 1217.000000    0.592437
 1222.000000    0.602883
 1227.000000    0.606908
 1232.000000    0.598213
 1237.000000    0.576474
 1242.000000    0.557153
 1247.000000    0.535136
 1252.000000    0.538598
 1257.000000    0.565380
 1262.000000    0.570656
 1267.000000    0.593624
 1272.000000    0.638971
 1277.000000    0.654349
 1282.000000    0.646859
 1287.000000    0.657585
 1292.000000    0.632262
 1297.000000    0.625096
 1302.000000    0.628646
 1307.000000    0.615189
 1312.000000    0.618097
 1317.000000    0.598759
 1322.000000    0.557016
 1327.000000    0.520218
 1332.000000    0.577197
 1337.000000    0.617633
 1342.000000    0.588451
 1347.000000    0.588597
 1352.000000    0.609433
 1357.000000    0.628892
 1362.000000    0.626158
 1367.000000    0.640264
 1372.000000    0.634823
 1377.000000    0.603568
 1382.000000    0.563002
 1387.000000    0.551120
 1392.000000    0.582416
 1397.000000    0.613031
 1402.000000    0.631249
 1407.000000    0.643974
 1412.000000    0.556235
 1417.000000    0.513181
 1422.000000    0.553941
 1427.000000    0.590960
 1432.000000    0.613960
 1437.000000    0.633331
 1442.000000    0.634354
 1447.000000    0.658490
 1452.000000    0.638896
 1457.000000    0.636004
 1462.000000    0.632738
 1467.000000    0.635290
 1472.000000    0.657771
 1477.000000    0.640855
 1482.000000    0.644064
 1487.000000    0.666870
 1492.000000    0.679941
 1497.000000    0.674226
 1502.000000    0.664666
 1507.000000    0.700021
 1512.000000    0.727237
 1517.000000    0.772882
 1522.000000    0.792905
 1527.000000    0.781083
 1532.000000    0.767840
 1537.000000    0.739938
 1542.000000    0.721176
 1547.000000    0.718649
 1552.000000    0.686781
 1557.000000    0.632396
 1562.000000    0.589103
 1567.000000    0.600724
 1572.000000    0.614232
 1577.000000    0.627454
 1582.000000    0.649533
 1587.000000    0.633475
 1592.000000    0.629467
 1597.000000    0.616783
 1602.000000    0.624813
 1607.000000    0.641459
 1612.000000    0.651465
 1617.000000    0.633661
 1622.000000    0.618766
 1627.000000    0.621899
 1632.000000    0.631638
 1637.000000    0.628298
 1642.000000    0.627253
 1647.000000    0.637681
 1652.000000    0.674044
 1657.000000    0.666951
 1662.000000    0.642282
 1667.000000    0.632214
 1672.000000    0.635483
 1677.000000    0.636818
 1682.000000    0.612619
 1687.000000    0.624364
 1692.000000    0.650384
 1697.000000    0.664869
 1702.000000    0.657513
 1707.000000    0.671572
 1712.000000    0.675503
