#  pixel_depth  alphabetafraction   >  Analysis of alpha beta fraction
  128.000000    0.594491
  133.000000    0.605172
  138.000000    0.649491
  143.000000    0.644130
  148.000000    0.664152
  153.000000    0.685420
  158.000000    0.701712
  163.000000    0.713977
  168.000000    0.759806
  173.000000    0.770747
  178.000000    0.777517
  183.000000    0.763489
  188.000000    0.733762
  193.000000    0.720052
  198.000000    0.732287
  203.000000    0.748637
  208.000000    0.776093
  213.000000    0.782330
  218.000000    0.780530
  223.000000    0.780944
  228.000000    0.806514
  233.000000    0.821082
  238.000000    0.833537
  243.000000    0.825379
  248.000000    0.796129
  253.000000    0.738759
  258.000000    0.726525
  263.000000    0.718057
  268.000000    0.715741
  273.000000    0.715411
  278.000000    0.704766
  283.000000    0.702274
  288.000000    0.725344
  293.000000    0.767243
  298.000000    0.765708
  303.000000    0.733445
  308.000000    0.726820
  313.000000    0.737769
  318.000000    0.767027
  323.000000    0.779723
  328.000000    0.761277
  333.000000    0.735908
  338.000000    0.735901
  343.000000    0.747020
  348.000000    0.742293
  353.000000    0.676794
  358.000000    0.627390
  363.000000    0.572663
  368.000000    0.541949
  373.000000    0.561700
  378.000000    0.584652
  383.000000    0.592388
  388.000000    0.620016
  393.000000    0.654618
  398.000000    0.671028
  403.000000    0.695682
  408.000000    0.721590
  413.000000    0.711768
  418.000000    0.724300
  423.000000    0.758121
  428.000000    0.799734
  433.000000    0.840412
  438.000000    0.878751
  443.000000    0.891352
  448.000000    0.910945
  453.000000    0.912938
  458.000000    0.895115
  463.000000    0.897178
  468.000000    0.891186
  473.000000    0.882475
  478.000000    0.889774
  483.000000    0.880955
  488.000000    0.849968
  493.000000    0.816748
  498.000000    0.760459
  503.000000    0.740770
  508.000000    0.710798
  513.000000    0.668139
  518.000000    0.655606
  523.000000    0.640699
  528.000000    0.634099
  533.000000    0.635635
  538.000000    0.621767
  543.000000    0.649633
  548.000000    0.692835
  553.000000    0.735718
  558.000000    0.773811
  563.000000    0.763417
  568.000000    0.780717
  573.000000    0.792484
  578.000000    0.786989
  583.000000    0.792830
  588.000000    0.793969
  593.000000    0.810831
  598.000000    0.800320
  603.000000    0.777601
  608.000000    0.764381
  613.000000    0.774537
  618.000000    0.771709
  623.000000    0.748523
  628.000000    0.742055
  633.000000    0.726458
  638.000000    0.724130
  643.000000    0.748133
  648.000000    0.783213
  653.000000    0.811172
  658.000000    0.832791
  663.000000    0.829015
  668.000000    0.828571
  673.000000    0.829029
  678.000000    0.848050
  683.000000    0.832277
  688.000000    0.833594
  693.000000    0.827147
  698.000000    0.826480
  703.000000    0.810849
  708.000000    0.801963
  713.000000    0.803602
  718.000000    0.804208
  723.000000    0.809899
  728.000000    0.779717
  733.000000    0.758974
  738.000000    0.745220
  743.000000    0.719530
  748.000000    0.702907
  753.000000    0.702308
  758.000000    0.675281
  763.000000    0.629111
  768.000000    0.605097
  773.000000    0.607625
  778.000000    0.589100
  783.000000    0.613939
  788.000000    0.663396
  793.000000    0.711704
  798.000000    0.728122
  803.000000    0.737344
  808.000000    0.724297
  813.000000    0.729024
  818.000000    0.733500
  823.000000    0.717318
  828.000000    0.690075
  833.000000    0.691414
  838.000000    0.715285
  843.000000    0.762026
  848.000000    0.762928
  853.000000    0.735893
  858.000000    0.771355
  863.000000    0.754542
  868.000000    0.683554
  873.000000    0.654822
  878.000000    0.623455
  883.000000    0.604333
  888.000000    0.618719
  893.000000    0.637785
  898.000000    0.672969
  903.000000    0.690006
  908.000000    0.736330
  913.000000    0.779094
  918.000000    0.790598
  923.000000    0.798357
  928.000000    0.808805
  933.000000    0.860426
  938.000000    0.867197
  943.000000    0.843904
  948.000000    0.840354
  953.000000    0.873292
  958.000000    0.870830
  963.000000    0.867839
  968.000000    0.853320
  973.000000    0.826337
  978.000000    0.799150
  983.000000    0.778542
  988.000000    0.747405
  993.000000    0.725569
  998.000000    0.712389
 1003.000000    0.719176
 1008.000000    0.707238
 1013.000000    0.673347
 1018.000000    0.616960
 1023.000000    0.635206
 1028.000000    0.650483
 1033.000000    0.677212
 1038.000000    0.701694
 1043.000000    0.719315
 1048.000000    0.742339
 1053.000000    0.745289
 1058.000000    0.730464
 1063.000000    0.735188
 1068.000000    0.720584
 1073.000000    0.715001
 1078.000000    0.740370
 1083.000000    0.734093
 1088.000000    0.712790
 1093.000000    0.723179
 1098.000000    0.733265
 1103.000000    0.704339
 1108.000000    0.672170
 1113.000000    0.627856
 1118.000000    0.551212
 1123.000000    0.525288
 1128.000000    0.546782
 1133.000000    0.552510
 1138.000000    0.588946
 1143.000000    0.606394
 1148.000000    0.644506
 1153.000000    0.629845
 1158.000000    0.610270
 1163.000000    0.600528
 1168.000000    0.623991
 1173.000000    0.657723
 1178.000000    0.665320
 1183.000000    0.675780
 1188.000000    0.674293
 1193.000000    0.675808
 1198.000000    0.689555
 1203.000000    0.722704
 1208.000000    0.773002
 1213.000000    0.793706
 1218.000000    0.785911
 1223.000000    0.799921
 1228.000000    0.810083
 1233.000000    0.817614
 1238.000000    0.816306
 1243.000000    0.800019
 1248.000000    0.800082
 1253.000000    0.817536
 1258.000000    0.827489
 1263.000000    0.819305
 1268.000000    0.804876
 1273.000000    0.784849
 1278.000000    0.807840
 1283.000000    0.821357
 1288.000000    0.811015
 1293.000000    0.798196
 1298.000000    0.786308
 1303.000000    0.743540
 1308.000000    0.727949
 1313.000000    0.725221
 1318.000000    0.723162
 1323.000000    0.749291
 1328.000000    0.756874
 1333.000000    0.749039
 1338.000000    0.743420
 1343.000000    0.729770
 1348.000000    0.752477
 1353.000000    0.773674
 1358.000000    0.751442
 1363.000000    0.707158
 1368.000000    0.679927
 1373.000000    0.670515
 1378.000000    0.671048
 1383.000000    0.657711
 1388.000000    0.646247
 1393.000000    0.675590
 1398.000000    0.703529
 1403.000000    0.699039
 1408.000000    0.721423
 1413.000000    0.764416
 1418.000000    0.812628
 1423.000000    0.848961
 1428.000000    0.885754
 1433.000000    0.870320
 1438.000000    0.866580
 1443.000000    0.854801
 1448.000000    0.820089
 1453.000000    0.766386
 1458.000000    0.752253
 1463.000000    0.725544
 1468.000000    0.719039
 1473.000000    0.731162
 1478.000000    0.715305
 1483.000000    0.687564
 1488.000000    0.668175
 1493.000000    0.658684
 1498.000000    0.674901
 1503.000000    0.699478
 1508.000000    0.685177
 1513.000000    0.678465
 1518.000000    0.692576
 1523.000000    0.725009
 1528.000000    0.733908
 1533.000000    0.716892
 1538.000000    0.716872
 1543.000000    0.708290
 1548.000000    0.691302
 1553.000000    0.676261
 1558.000000    0.671058
 1563.000000    0.614183
 1568.000000    0.605337
 1573.000000    0.600149
 1578.000000    0.609390
 1583.000000    0.639799
 1588.000000    0.626091
 1593.000000    0.635089
 1598.000000    0.634083
 1603.000000    0.685847
 1608.000000    0.720436
 1613.000000    0.750632
 1618.000000    0.763203
 1623.000000    0.763450
 1628.000000    0.745151
 1633.000000    0.728877
 1638.000000    0.731833
 1643.000000    0.747429
 1648.000000    0.763581
 1653.000000    0.757364
 1658.000000    0.758485
 1663.000000    0.749769
 1668.000000    0.751510
 1673.000000    0.764268
 1678.000000    0.781015
 1683.000000    0.778622
 1688.000000    0.775137
 1693.000000    0.776042
 1698.000000    0.780659
 1703.000000    0.796045
 1708.000000    0.794015
 1713.000000    0.793862
 1718.000000    0.814256
 1723.000000    0.825586
 1728.000000    0.795831
 1733.000000    0.798955
 1738.000000    0.828049
 1743.000000    0.822552
 1748.000000    0.795448
 1753.000000    0.780155
 1758.000000    0.788793
 1763.000000    0.772189
 1768.000000    0.746316
 1773.000000    0.726831
 1778.000000    0.709487
 1783.000000    0.701482
 1788.000000    0.691210
 1793.000000    0.681551
 1798.000000    0.684479
 1803.000000    0.679149
 1808.000000    0.661143
 1813.000000    0.653197
 1818.000000    0.647432
 1823.000000    0.676720
 1828.000000    0.691001
 1833.000000    0.688537
 1838.000000    0.715668
 1843.000000    0.691749
 1848.000000    0.680727
 1853.000000    0.649327
 1858.000000    0.633017
 1863.000000    0.637945
 1868.000000    0.636818
 1873.000000    0.636454
 1878.000000    0.637475
 1883.000000    0.677033
 1888.000000    0.695156
 1893.000000    0.697746
 1898.000000    0.697268
