#  pixel_depth  alphabetafraction   >  Analysis of alpha beta fraction
    5.000000    0.740404
   10.000000    0.732785
   15.000000    0.711542
   20.000000    0.722661
   25.000000    0.717069
   30.000000    0.695347
   35.000000    0.697171
   40.000000    0.732456
   45.000000    0.741285
   50.000000    0.751943
   55.000000    0.738590
   60.000000    0.740068
   65.000000    0.746005
   70.000000    0.743917
   75.000000    0.741593
   80.000000    0.759753
   85.000000    0.783095
   90.000000    0.792547
   95.000000    0.814323
  100.000000    0.832337
  105.000000    0.852018
  110.000000    0.868102
  115.000000    0.865424
  120.000000    0.845616
  125.000000    0.838233
  130.000000    0.817192
  135.000000    0.791162
  140.000000    0.744071
  145.000000    0.718992
  150.000000    0.680797
  155.000000    0.685075
  160.000000    0.690947
  165.000000    0.678287
  170.000000    0.685341
  175.000000    0.703177
  180.000000    0.708487
  185.000000    0.741518
  190.000000    0.743295
  195.000000    0.745372
  200.000000    0.761203
  205.000000    0.773408
  210.000000    0.770668
  215.000000    0.753407
  220.000000    0.758939
  225.000000    0.784967
  230.000000    0.782085
  235.000000    0.743769
  240.000000    0.722728
  245.000000    0.705209
  250.000000    0.677069
  255.000000    0.650200
  260.000000    0.676724
  265.000000    0.672669
  270.000000    0.656199
  275.000000    0.668732
  280.000000    0.671208
  285.000000    0.669803
  290.000000    0.696593
  295.000000    0.707863
  300.000000    0.707125
  305.000000    0.714197
  310.000000    0.726640
  315.000000    0.739731
  320.000000    0.726134
  325.000000    0.690429
  330.000000    0.672325
  335.000000    0.649084
  340.000000    0.639251
  345.000000    0.668210
  350.000000    0.717762
  355.000000    0.740980
  360.000000    0.782571
  365.000000    0.798505
  370.000000    0.777505
  375.000000    0.775797
  380.000000    0.790285
  385.000000    0.813056
  390.000000    0.815948
  395.000000    0.842536
  400.000000    0.830674
  405.000000    0.783461
  410.000000    0.785771
  415.000000    0.743421
  420.000000    0.723152
  425.000000    0.725499
  430.000000    0.761413
  435.000000    0.826764
  440.000000    0.858805
  445.000000    0.849844
  450.000000    0.819231
  455.000000    0.809241
  460.000000    0.833072
  465.000000    0.820946
  470.000000    0.789753
  475.000000    0.770782
  480.000000    0.752998
  485.000000    0.708274
  490.000000    0.670123
  495.000000    0.691191
  500.000000    0.731775
  505.000000    0.775559
  510.000000    0.748130
  515.000000    0.726440
  520.000000    0.695660
  525.000000    0.708895
  530.000000    0.738594
  535.000000    0.775044
  540.000000    0.779494
  545.000000    0.790110
  550.000000    0.802850
  555.000000    0.764337
  560.000000    0.736787
  565.000000    0.728513
  570.000000    0.713260
  575.000000    0.707620
  580.000000    0.710402
  585.000000    0.733380
  590.000000    0.800049
  595.000000    0.794319
  600.000000    0.796896
  605.000000    0.758721
  610.000000    0.775222
  615.000000    0.790766
  620.000000    0.809834
  625.000000    0.821120
  630.000000    0.822277
  635.000000    0.833747
  640.000000    0.835192
  645.000000    0.845470
  650.000000    0.858125
  655.000000    0.844036
  660.000000    0.822012
  665.000000    0.794688
  670.000000    0.773896
  675.000000    0.766779
  680.000000    0.773611
  685.000000    0.768322
  690.000000    0.769041
  695.000000    0.798941
  700.000000    0.813088
  705.000000    0.801311
  710.000000    0.804804
  715.000000    0.816256
  720.000000    0.820478
  725.000000    0.819379
  730.000000    0.799844
  735.000000    0.775382
  740.000000    0.736385
  745.000000    0.703877
  750.000000    0.695678
  755.000000    0.696459
  760.000000    0.697302
  765.000000    0.744346
  770.000000    0.784631
  775.000000    0.801469
  780.000000    0.817687
  785.000000    0.813054
  790.000000    0.798208
  795.000000    0.785121
  800.000000    0.778853
  805.000000    0.787604
  810.000000    0.785978
  815.000000    0.787685
  820.000000    0.791305
  825.000000    0.780464
  830.000000    0.742461
  835.000000    0.710268
  840.000000    0.701196
  845.000000    0.696230
  850.000000    0.699694
  855.000000    0.716145
  860.000000    0.751806
  865.000000    0.774727
  870.000000    0.760673
  875.000000    0.728782
  880.000000    0.690176
  885.000000    0.728958
  890.000000    0.737191
  895.000000    0.750656
  900.000000    0.765909
  905.000000    0.762171
  910.000000    0.772187
  915.000000    0.832511
  920.000000    0.865666
  925.000000    0.861090
  930.000000    0.844085
  935.000000    0.841042
  940.000000    0.810714
  945.000000    0.822122
  950.000000    0.816935
  955.000000    0.790290
  960.000000    0.789536
  965.000000    0.752720
  970.000000    0.749158
  975.000000    0.754959
  980.000000    0.735735
  985.000000    0.733991
  990.000000    0.756065
  995.000000    0.768729
 1000.000000    0.805080
 1005.000000    0.804286
 1010.000000    0.803206
 1015.000000    0.801139
 1020.000000    0.785315
 1025.000000    0.776841
 1030.000000    0.766424
 1035.000000    0.750242
 1040.000000    0.713841
 1045.000000    0.706491
 1050.000000    0.747455
 1055.000000    0.760152
 1060.000000    0.765418
 1065.000000    0.804411
 1070.000000    0.809902
 1075.000000    0.789628
 1080.000000    0.780155
 1085.000000    0.786007
 1090.000000    0.787932
 1095.000000    0.790912
 1100.000000    0.812097
 1105.000000    0.798176
 1110.000000    0.782391
 1115.000000    0.778561
 1120.000000    0.765055
 1125.000000    0.790115
 1130.000000    0.763121
 1135.000000    0.743902
 1140.000000    0.710649
 1145.000000    0.719691
 1150.000000    0.717199
 1155.000000    0.679730
 1160.000000    0.647369
 1165.000000    0.633190
 1170.000000    0.647387
 1175.000000    0.652117
 1180.000000    0.636821
 1185.000000    0.683778
 1190.000000    0.708353
 1195.000000    0.739103
 1200.000000    0.776777
 1205.000000    0.818136
 1210.000000    0.842696
 1215.000000    0.844430
 1220.000000    0.841195
 1225.000000    0.831262
 1230.000000    0.786675
 1235.000000    0.768578
 1240.000000    0.771195
 1245.000000    0.780710
 1250.000000    0.752829
 1255.000000    0.725235
 1260.000000    0.715573
 1265.000000    0.696661
 1270.000000    0.727617
 1275.000000    0.746754
 1280.000000    0.769083
 1285.000000    0.792073
 1290.000000    0.804211
