#  pixel_depth  alphabetafraction   >  Analysis of alpha beta fraction
   45.000000    0.761848
   50.000000    0.779788
   55.000000    0.787850
   60.000000    0.788224
   65.000000    0.790406
   70.000000    0.768840
   75.000000    0.783078
   80.000000    0.799521
   85.000000    0.780206
   90.000000    0.794272
   95.000000    0.755277
  100.000000    0.722058
  105.000000    0.731658
  110.000000    0.761106
  115.000000    0.743242
  120.000000    0.698394
  125.000000    0.706277
  130.000000    0.756844
  135.000000    0.775244
  140.000000    0.821473
  145.000000    0.865278
  150.000000    0.849282
  155.000000    0.828505
  160.000000    0.816361
  165.000000    0.780439
  170.000000    0.763094
  175.000000    0.773947
  180.000000    0.767630
  185.000000    0.766438
  190.000000    0.769266
  195.000000    0.784921
  200.000000    0.779424
  205.000000    0.797418
  210.000000    0.801813
  215.000000    0.800748
  220.000000    0.790407
  225.000000    0.786305
  230.000000    0.780403
  235.000000    0.770253
  240.000000    0.776799
  245.000000    0.766661
  250.000000    0.766073
  255.000000    0.780420
  260.000000    0.785404
  265.000000    0.777548
  270.000000    0.802559
  275.000000    0.817494
  280.000000    0.806276
  285.000000    0.774953
  290.000000    0.758055
  295.000000    0.738198
  300.000000    0.726001
  305.000000    0.724059
  310.000000    0.753429
  315.000000    0.735078
  320.000000    0.739323
  325.000000    0.732604
  330.000000    0.721285
  335.000000    0.724700
  340.000000    0.738224
  345.000000    0.714520
  350.000000    0.716072
  355.000000    0.724003
  360.000000    0.737840
  365.000000    0.770293
  370.000000    0.788184
  375.000000    0.817261
  380.000000    0.813307
  385.000000    0.791081
  390.000000    0.771207
  395.000000    0.762020
  400.000000    0.776386
  405.000000    0.802233
  410.000000    0.797257
  415.000000    0.788114
  420.000000    0.782877
  425.000000    0.772122
  430.000000    0.792923
  435.000000    0.784882
  440.000000    0.799516
  445.000000    0.829436
  450.000000    0.853446
  455.000000    0.853345
  460.000000    0.844016
  465.000000    0.846371
  470.000000    0.817688
  475.000000    0.794260
  480.000000    0.784398
  485.000000    0.756051
  490.000000    0.753286
  495.000000    0.769101
  500.000000    0.753192
  505.000000    0.775006
  510.000000    0.761734
  515.000000    0.770516
  520.000000    0.803180
  525.000000    0.804842
  530.000000    0.805934
  535.000000    0.776140
  540.000000    0.735807
  545.000000    0.722589
  550.000000    0.727602
  555.000000    0.735049
  560.000000    0.738751
  565.000000    0.755028
  570.000000    0.783390
  575.000000    0.773206
  580.000000    0.750710
  585.000000    0.808567
  590.000000    0.854825
  595.000000    0.863808
  600.000000    0.827148
  605.000000    0.849195
  610.000000    0.849044
  615.000000    0.821291
  620.000000    0.804883
  625.000000    0.793084
  630.000000    0.806409
  635.000000    0.769075
  640.000000    0.739796
  645.000000    0.726588
  650.000000    0.707463
  655.000000    0.693846
  660.000000    0.701005
  665.000000    0.734060
  670.000000    0.769918
  675.000000    0.822139
  680.000000    0.851671
  685.000000    0.889960
  690.000000    0.910410
  695.000000    0.909116
  700.000000    0.884345
  705.000000    0.879968
  710.000000    0.890901
  715.000000    0.899795
  720.000000    0.869076
  725.000000    0.868152
  730.000000    0.882767
  735.000000    0.871258
  740.000000    0.857403
  745.000000    0.834312
  750.000000    0.807018
  755.000000    0.800014
  760.000000    0.799413
  765.000000    0.779467
  770.000000    0.799837
  775.000000    0.809991
  780.000000    0.804190
  785.000000    0.773573
  790.000000    0.792820
  795.000000    0.807587
  800.000000    0.801847
  805.000000    0.767568
  810.000000    0.728852
  815.000000    0.706725
  820.000000    0.704122
  825.000000    0.714118
  830.000000    0.732682
  835.000000    0.762429
  840.000000    0.785165
  845.000000    0.778256
  850.000000    0.769272
  855.000000    0.777782
  860.000000    0.777524
  865.000000    0.768576
  870.000000    0.760779
  875.000000    0.771867
  880.000000    0.783820
  885.000000    0.773752
  890.000000    0.759627
  895.000000    0.767150
  900.000000    0.752680
  905.000000    0.746302
  910.000000    0.757275
  915.000000    0.768526
  920.000000    0.744394
  925.000000    0.730819
  930.000000    0.720157
  935.000000    0.729623
  940.000000    0.763676
  945.000000    0.803386
  950.000000    0.821158
  955.000000    0.838707
  960.000000    0.853928
  965.000000    0.865973
  970.000000    0.882245
  975.000000    0.891282
  980.000000    0.880952
  985.000000    0.859317
  990.000000    0.843353
  995.000000    0.836598
 1000.000000    0.829310
 1005.000000    0.819122
 1010.000000    0.805155
 1015.000000    0.766983
 1020.000000    0.747815
 1025.000000    0.753574
 1030.000000    0.762378
 1035.000000    0.767253
 1040.000000    0.764542
 1045.000000    0.737385
 1050.000000    0.731208
 1055.000000    0.722087
 1060.000000    0.710489
 1065.000000    0.718852
 1070.000000    0.691967
 1075.000000    0.693788
 1080.000000    0.733752
 1085.000000    0.775357
 1090.000000    0.782103
 1095.000000    0.786722
 1100.000000    0.790880
 1105.000000    0.822063
 1110.000000    0.829831
 1115.000000    0.820104
 1120.000000    0.826236
 1125.000000    0.822157
 1130.000000    0.759150
 1135.000000    0.737499
 1140.000000    0.753583
 1145.000000    0.761671
 1150.000000    0.771760
 1155.000000    0.736003
 1160.000000    0.723865
 1165.000000    0.719543
 1170.000000    0.736888
 1175.000000    0.784006
 1180.000000    0.792750
 1185.000000    0.803810
 1190.000000    0.823553
 1195.000000    0.835233
 1200.000000    0.844261
 1205.000000    0.848294
 1210.000000    0.832247
 1215.000000    0.823708
 1220.000000    0.808780
 1225.000000    0.808841
 1230.000000    0.812823
 1235.000000    0.768753
 1240.000000    0.721483
 1245.000000    0.708594
 1250.000000    0.687214
 1255.000000    0.718315
 1260.000000    0.717278
 1265.000000    0.722815
 1270.000000    0.745699
 1275.000000    0.756775
 1280.000000    0.773995
 1285.000000    0.798879
 1290.000000    0.819229
 1295.000000    0.829772
 1300.000000    0.818325
 1305.000000    0.812342
 1310.000000    0.839895
 1315.000000    0.830563
 1320.000000    0.834018
 1325.000000    0.835304
 1330.000000    0.841333
 1335.000000    0.847376
 1340.000000    0.813338
 1345.000000    0.752622
 1350.000000    0.721900
 1355.000000    0.685750
 1360.000000    0.681028
 1365.000000    0.665084
 1370.000000    0.672881
 1375.000000    0.724596
 1380.000000    0.763653
 1385.000000    0.750276
 1390.000000    0.746314
 1395.000000    0.763556
 1400.000000    0.802247
 1405.000000    0.803940
 1410.000000    0.810909
 1415.000000    0.818628
 1420.000000    0.839558
 1425.000000    0.870724
 1430.000000    0.887208
 1435.000000    0.881199
 1440.000000    0.867538
 1445.000000    0.840548
 1450.000000    0.801320
 1455.000000    0.774112
 1460.000000    0.765462
 1465.000000    0.762698
 1470.000000    0.763139
 1475.000000    0.778759
 1480.000000    0.776610
 1485.000000    0.789804
 1490.000000    0.803950
 1495.000000    0.810732
 1500.000000    0.812388
 1505.000000    0.827842
 1510.000000    0.856774
 1515.000000    0.865727
 1520.000000    0.841444
 1525.000000    0.805313
 1530.000000    0.841444
 1535.000000    0.838823
 1540.000000    0.822150
 1545.000000    0.827289
 1550.000000    0.836659
 1555.000000    0.838996
 1560.000000    0.830258
 1565.000000    0.805209
 1570.000000    0.810280
 1575.000000    0.826436
 1580.000000    0.829813
 1585.000000    0.837187
 1590.000000    0.822358
 1595.000000    0.797454
 1600.000000    0.744180
 1605.000000    0.722056
 1610.000000    0.676724
 1615.000000    0.641142
 1620.000000    0.660426
 1625.000000    0.713768
 1630.000000    0.755382
 1635.000000    0.775076
 1640.000000    0.810364
 1645.000000    0.820975
 1650.000000    0.816869
 1655.000000    0.851176
 1660.000000    0.870746
 1665.000000    0.872076
 1670.000000    0.837130
 1675.000000    0.818995
 1680.000000    0.791690
 1685.000000    0.799407
 1690.000000    0.772951
 1695.000000    0.782207
 1700.000000    0.760768
 1705.000000    0.714295
 1710.000000    0.706293
 1715.000000    0.705909
 1720.000000    0.710809
 1725.000000    0.713561
 1730.000000    0.732085
 1735.000000    0.752518
 1740.000000    0.744060
 1745.000000    0.739964
 1750.000000    0.755399
 1755.000000    0.759299
 1760.000000    0.765619
