#  pixel_depth  alphabetafraction   >  Analysis of alpha beta fraction
  199.000000    0.668756
  204.000000    0.680212
  209.000000    0.716307
  214.000000    0.700720
  219.000000    0.709474
  224.000000    0.705312
  229.000000    0.688573
  234.000000    0.709597
  239.000000    0.702391
  244.000000    0.700323
  249.000000    0.715393
  254.000000    0.737559
  259.000000    0.781675
  264.000000    0.791405
  269.000000    0.769954
  274.000000    0.753717
  279.000000    0.751829
  284.000000    0.735494
  289.000000    0.741536
  294.000000    0.762890
  299.000000    0.777153
  304.000000    0.780581
  309.000000    0.714694
  314.000000    0.633089
  319.000000    0.590600
  324.000000    0.594851
  329.000000    0.577334
  334.000000    0.667674
  339.000000    0.697915
  344.000000    0.701331
  349.000000    0.723699
  354.000000    0.765939
  359.000000    0.790053
  364.000000    0.779302
  369.000000    0.772600
  374.000000    0.749804
  379.000000    0.709935
  384.000000    0.652954
  389.000000    0.612480
  394.000000    0.618301
  399.000000    0.607329
  404.000000    0.590801
  409.000000    0.603409
  414.000000    0.639371
  419.000000    0.665771
  424.000000    0.693867
  429.000000    0.697635
  434.000000    0.683262
  439.000000    0.653404
  444.000000    0.643398
  449.000000    0.658561
  454.000000    0.655250
  459.000000    0.662131
  464.000000    0.647107
  469.000000    0.650953
  474.000000    0.647778
  479.000000    0.671826
  484.000000    0.680302
  489.000000    0.649496
  494.000000    0.619455
  499.000000    0.590053
  504.000000    0.598340
  509.000000    0.612393
  514.000000    0.583928
  519.000000    0.557774
  524.000000    0.566494
  529.000000    0.553357
  534.000000    0.582381
  539.000000    0.623298
  544.000000    0.651747
  549.000000    0.670165
  554.000000    0.708583
  559.000000    0.754073
  564.000000    0.770714
  569.000000    0.775892
  574.000000    0.779343
  579.000000    0.760006
  584.000000    0.738419
  589.000000    0.754207
  594.000000    0.738206
  599.000000    0.735970
  604.000000    0.704162
  609.000000    0.640390
  614.000000    0.595875
  619.000000    0.573114
  624.000000    0.598501
  629.000000    0.615045
  634.000000    0.635676
  639.000000    0.649882
  644.000000    0.654930
  649.000000    0.682235
  654.000000    0.701593
  659.000000    0.699050
  664.000000    0.684260
  669.000000    0.692418
  674.000000    0.692506
  679.000000    0.701588
  684.000000    0.684425
  689.000000    0.635937
  694.000000    0.629540
  699.000000    0.618835
  704.000000    0.593822
  709.000000    0.620760
  714.000000    0.648051
  719.000000    0.669378
  724.000000    0.689736
  729.000000    0.681099
  734.000000    0.675879
  739.000000    0.703208
  744.000000    0.726852
  749.000000    0.710217
  754.000000    0.702224
  759.000000    0.708409
  764.000000    0.732802
  769.000000    0.750321
  774.000000    0.730231
  779.000000    0.715614
  784.000000    0.721205
  789.000000    0.711217
  794.000000    0.706242
  799.000000    0.648924
  804.000000    0.634074
  809.000000    0.595085
  814.000000    0.569785
  819.000000    0.558767
  824.000000    0.545952
  829.000000    0.587107
  834.000000    0.611926
  839.000000    0.629502
  844.000000    0.663193
  849.000000    0.672036
  854.000000    0.674729
  859.000000    0.683071
  864.000000    0.693735
  869.000000    0.701060
  874.000000    0.682331
  879.000000    0.653292
  884.000000    0.631507
  889.000000    0.621221
  894.000000    0.614381
  899.000000    0.630556
  904.000000    0.618271
  909.000000    0.585698
  914.000000    0.600237
  919.000000    0.610458
  924.000000    0.615040
  929.000000    0.638895
  934.000000    0.648222
  939.000000    0.623197
  944.000000    0.628699
  949.000000    0.643476
  954.000000    0.695022
  959.000000    0.718494
  964.000000    0.704470
  969.000000    0.679650
  974.000000    0.666895
  979.000000    0.683581
  984.000000    0.674869
  989.000000    0.687091
  994.000000    0.686897
  999.000000    0.696538
 1004.000000    0.700462
 1009.000000    0.699024
 1014.000000    0.684353
 1019.000000    0.707092
 1024.000000    0.713185
 1029.000000    0.723071
 1034.000000    0.747261
 1039.000000    0.761214
 1044.000000    0.779564
 1049.000000    0.746809
 1054.000000    0.722052
 1059.000000    0.711998
 1064.000000    0.703701
 1069.000000    0.684607
 1074.000000    0.670446
 1079.000000    0.678360
 1084.000000    0.665877
 1089.000000    0.620929
 1094.000000    0.621348
 1099.000000    0.661898
 1104.000000    0.692101
 1109.000000    0.712889
 1114.000000    0.704891
 1119.000000    0.704702
 1124.000000    0.685499
 1129.000000    0.657771
 1134.000000    0.657768
 1139.000000    0.628291
 1144.000000    0.618960
 1149.000000    0.663877
 1154.000000    0.679194
 1159.000000    0.672412
 1164.000000    0.679623
 1169.000000    0.670877
 1174.000000    0.684476
 1179.000000    0.673656
 1184.000000    0.665842
 1189.000000    0.663025
 1194.000000    0.671067
 1199.000000    0.685103
 1204.000000    0.678205
 1209.000000    0.704787
 1214.000000    0.696117
 1219.000000    0.662312
 1224.000000    0.639794
 1229.000000    0.624879
 1234.000000    0.610611
 1239.000000    0.606576
 1244.000000    0.602139
 1249.000000    0.606720
 1254.000000    0.641678
 1259.000000    0.675164
 1264.000000    0.693196
 1269.000000    0.685369
 1274.000000    0.686999
 1279.000000    0.710416
 1284.000000    0.725441
 1289.000000    0.715839
 1294.000000    0.719194
 1299.000000    0.732932
 1304.000000    0.709945
 1309.000000    0.697975
 1314.000000    0.714572
 1319.000000    0.720117
 1324.000000    0.700226
 1329.000000    0.696872
 1334.000000    0.683190
 1339.000000    0.673794
 1344.000000    0.663024
 1349.000000    0.652437
 1354.000000    0.643409
 1359.000000    0.618999
 1364.000000    0.593931
 1369.000000    0.588662
 1374.000000    0.564020
 1379.000000    0.561864
 1384.000000    0.569865
 1389.000000    0.572597
 1394.000000    0.610390
 1399.000000    0.635213
 1404.000000    0.680196
 1409.000000    0.709541
 1414.000000    0.691799
 1419.000000    0.681780
 1424.000000    0.701742
 1429.000000    0.735817
 1434.000000    0.737127
 1439.000000    0.733406
 1444.000000    0.758009
 1449.000000    0.759683
 1454.000000    0.762667
 1459.000000    0.745242
 1464.000000    0.722459
 1469.000000    0.706513
 1474.000000    0.732180
 1479.000000    0.725056
 1484.000000    0.730643
 1489.000000    0.710513
 1494.000000    0.698747
 1499.000000    0.685432
 1504.000000    0.735095
 1509.000000    0.757173
 1514.000000    0.752086
 1519.000000    0.724694
 1524.000000    0.741850
 1529.000000    0.748223
 1534.000000    0.759128
 1539.000000    0.759732
 1544.000000    0.768234
 1549.000000    0.749355
 1554.000000    0.747481
 1559.000000    0.761274
 1564.000000    0.751385
 1569.000000    0.711784
 1574.000000    0.659886
 1579.000000    0.662203
 1584.000000    0.683690
 1589.000000    0.694441
 1594.000000    0.703762
 1599.000000    0.688062
 1604.000000    0.694387
 1609.000000    0.708368
 1614.000000    0.729633
 1619.000000    0.742821
 1624.000000    0.733048
 1629.000000    0.689039
 1634.000000    0.678517
 1639.000000    0.679879
 1644.000000    0.668668
 1649.000000    0.657239
 1654.000000    0.664301
 1659.000000    0.659530
 1664.000000    0.649732
 1669.000000    0.647869
 1674.000000    0.642493
 1679.000000    0.650413
 1684.000000    0.660975
 1689.000000    0.673809
 1694.000000    0.662338
 1699.000000    0.679554
 1704.000000    0.686903
 1709.000000    0.700174
 1714.000000    0.703862
 1719.000000    0.730418
 1724.000000    0.744223
 1729.000000    0.742548
 1734.000000    0.721529
 1739.000000    0.731258
 1744.000000    0.702502
 1749.000000    0.707641
 1754.000000    0.707692
 1759.000000    0.754923
 1764.000000    0.739864
 1769.000000    0.730169
 1774.000000    0.719113
 1779.000000    0.724034
 1784.000000    0.734211
 1789.000000    0.711726
 1794.000000    0.696751
 1799.000000    0.687964
 1804.000000    0.694411
 1809.000000    0.678022
 1814.000000    0.695615
 1819.000000    0.717231
 1824.000000    0.722121
 1829.000000    0.712601
 1834.000000    0.733770
 1839.000000    0.761237
 1844.000000    0.762590
 1849.000000    0.750422
 1854.000000    0.714813
 1859.000000    0.721778
 1864.000000    0.706108
 1869.000000    0.689719
 1874.000000    0.687009
 1879.000000    0.684601
 1884.000000    0.693976
 1889.000000    0.711973
 1894.000000    0.736668
 1899.000000    0.741245
 1904.000000    0.717642
 1909.000000    0.683232
 1914.000000    0.671230
 1919.000000    0.654084
 1924.000000    0.610817
 1929.000000    0.590386
 1934.000000    0.632088
 1939.000000    0.677620
